1 2 5 13 16 20 21 24 25 26 37 38 44 45 51 54 57 59 66 72 75 78 79 82 88 95 s
2 1 8 10 12 13 19 22 27 33 36 39 41 44 56 63 65 68 75 77 85 88 89 93 94 s
3 7 8 15 17 18 19 22 24 25 26 42 50 53 59 61 62 70 71 74 75 77 80 81 91 95 99 s
4 5 6 11 18 22 28 34 44 47 55 56 60 62 64 65 78 81 83 85 87 88 91 96 97 s
5 1 4 9 15 19 26 30 34 41 42 44 45 48 49 52 53 57 61 68 69 86 90 100 s
6 4 9 11 12 13 21 25 31 35 37 40 52 54 57 58 64 68 73 75 78 81 83 85 87 88 90 91 97 98 99 s
7 3 16 17 18 22 23 30 31 32 33 34 35 37 39 41 43 51 52 53 61 68 75 78 83 84 85 86 97 s
8 2 3 9 11 14 17 22 28 30 31 32 39 44 48 51 61 65 66 68 80 86 87 89 92 s
9 5 6 8 14 25 27 33 36 38 39 43 50 52 53 54 57 58 60 61 66 68 73 81 84 85 92 95 99 s
10 2 13 15 17 21 22 24 26 34 43 45 50 51 52 53 54 64 65 73 74 78 83 87 93 100 s
11 4 6 8 14 16 17 20 21 27 32 33 37 38 43 46 48 53 54 55 61 65 66 73 74 76 79 81 82 86 91 92 97 s
12 2 6 20 26 27 29 32 34 39 44 45 49 51 53 58 63 65 69 76 78 89 91 97 s
13 1 2 6 10 20 21 24 27 28 36 39 40 41 42 46 50 51 55 59 60 61 72 77 78 79 81 84 85 s
14 8 9 11 15 16 17 26 34 39 42 43 54 58 64 67 69 71 74 78 79 83 85 86 88 89 95 s
15 3 5 10 14 16 19 23 30 34 35 36 43 51 52 57 58 61 62 63 69 71 74 79 87 89 93 95 100 s
16 1 7 11 14 15 22 24 33 34 40 43 46 56 57 59 61 77 79 81 83 87 88 89 92 94 96 98 s
17 3 7 8 10 11 14 19 20 21 24 28 30 32 35 36 39 45 46 61 65 66 70 73 74 78 83 85 88 99 s
18 3 4 7 19 25 26 27 29 30 33 34 42 46 52 61 71 72 73 74 79 82 84 87 99 s
19 2 3 5 15 17 18 22 27 41 44 45 48 66 70 73 74 75 82 83 87 88 92 s
20 1 11 12 13 17 25 26 27 32 37 39 50 67 71 75 77 79 83 87 92 100 s
21 1 6 10 11 13 17 25 26 28 36 45 46 47 52 59 72 77 79 81 83 85 86 95 96 99 s
22 2 3 4 7 8 10 16 19 23 24 27 33 37 38 41 43 46 51 55 56 57 59 61 64 65 68 70 71 76 81 82 85 88 89 91 94 97 98 99 s
23 7 15 22 25 26 32 34 36 42 43 44 45 46 47 50 53 62 64 71 76 80 82 90 100 s
24 1 3 10 13 16 17 22 29 38 39 53 54 58 63 64 71 84 86 95 97 s
25 1 3 6 9 18 20 21 23 26 29 31 37 40 46 55 57 59 60 62 74 77 80 81 91 92 93 97 99 s
26 1 3 5 10 12 14 18 20 21 23 25 30 36 39 42 51 53 55 77 80 81 91 s
27 2 9 11 12 13 18 19 20 22 28 33 35 39 43 48 53 56 58 59 61 63 66 71 73 74 75 77 78 79 82 86 87 89 91 95 96 97 98 s
28 4 8 13 17 21 27 29 32 37 39 43 44 53 54 55 56 58 71 72 74 77 83 86 88 98 s
29 12 18 24 25 28 30 35 45 48 49 54 56 57 60 61 64 71 81 85 90 94 95 s
30 5 7 8 15 17 18 26 29 31 37 50 58 69 76 79 85 87 96 100 s
31 6 7 8 25 30 35 45 46 50 62 65 68 70 71 75 79 82 86 92 93 94 100 s
32 7 8 11 12 17 20 23 28 44 46 47 48 49 58 59 63 65 68 71 77 79 81 86 90 100 s
33 2 7 9 11 16 18 22 27 34 38 49 51 53 54 61 63 66 67 68 75 76 82 85 91 95 s
34 4 5 7 10 12 14 15 16 18 23 33 35 37 39 44 53 55 61 62 63 64 66 67 68 72 74 75 77 79 82 85 87 90 91 97 s
35 6 7 15 17 27 29 31 34 37 38 44 49 51 55 57 62 63 65 79 89 94 s
36 2 9 13 15 17 21 23 26 37 41 42 56 68 72 73 80 82 85 97 99 s
37 1 6 7 11 20 22 25 28 30 34 35 36 38 50 54 56 57 68 71 73 77 79 83 84 86 95 s
38 1 9 11 22 24 33 35 37 41 44 46 59 60 63 66 67 77 78 79 88 91 94 96 s
39 2 7 8 9 12 13 14 17 20 24 26 27 28 34 54 63 67 69 76 77 78 79 80 82 83 89 91 94 96 100 s
40 6 13 16 25 46 50 52 53 57 72 75 78 79 80 86 88 89 96 s
41 2 5 7 13 19 22 36 38 44 46 51 53 54 55 57 61 62 66 67 68 72 73 78 88 89 94 96 97 100 s
42 3 5 13 14 18 23 26 36 43 48 51 57 59 63 73 74 85 90 s
43 7 9 10 11 14 15 16 22 23 27 28 42 48 51 54 56 61 62 64 71 74 77 80 83 85 86 87 89 90 93 94 95 97 s
44 1 2 4 5 8 12 19 23 28 32 34 35 38 41 47 49 51 55 56 57 59 61 76 80 81 82 94 95 s
45 1 5 10 12 17 19 21 23 29 31 46 49 55 57 58 64 68 75 79 81 84 86 87 91 s
46 11 13 16 17 18 21 22 23 25 31 32 38 40 41 45 50 53 62 67 77 79 83 85 87 89 91 93 94 96 99 s
47 4 21 23 32 44 51 55 57 58 59 62 70 71 75 76 77 78 82 86 87 88 92 93 96 100 s
48 5 8 11 19 27 29 32 42 43 51 54 59 60 61 65 76 78 80 82 83 87 92 94 95 100 s
49 5 12 29 32 33 35 44 45 54 56 63 77 83 97 s
50 3 9 10 13 20 23 30 31 37 40 46 51 60 62 64 71 78 82 87 94 95 96 97 99 100 s
51 1 7 8 10 12 13 15 22 26 33 35 41 42 43 44 47 48 50 53 55 58 59 60 70 85 91 93 95 s
52 5 6 7 9 10 15 18 21 40 57 60 67 72 73 75 76 78 81 82 90 93 97 s
53 3 5 7 9 10 11 12 23 24 26 27 28 33 34 40 41 46 51 64 65 66 68 78 79 81 83 85 89 100 s
54 1 6 9 10 11 14 24 28 29 33 37 39 41 43 48 49 66 67 70 71 74 78 86 91 98 s
55 4 11 13 22 25 26 28 34 35 41 44 45 47 51 57 61 62 64 69 75 76 77 79 84 86 87 88 89 90 91 94 97 s
56 2 4 16 22 27 28 29 36 37 43 44 49 61 67 80 83 85 86 88 89 93 97 98 100 s
57 1 5 6 9 15 16 22 25 29 35 37 40 41 42 44 45 47 52 55 59 64 73 80 81 85 89 92 93 94 99 s
58 6 9 12 14 15 24 27 28 30 32 45 47 51 68 69 72 75 80 83 97 s
59 1 3 13 16 21 22 25 27 32 38 42 44 47 48 51 57 66 72 78 82 83 85 89 94 s
60 4 9 13 25 29 38 48 50 51 52 63 64 65 74 76 77 78 79 80 93 100 s
61 3 5 7 8 9 11 13 15 16 17 18 22 27 29 33 34 41 43 44 48 55 56 62 65 66 69 70 72 79 89 94 95 98 s
62 3 4 15 23 25 31 34 35 41 43 46 47 50 55 61 64 69 70 74 78 79 83 84 90 94 99 100 s
63 2 12 15 24 27 32 33 34 35 38 39 42 49 60 65 69 71 78 79 84 89 92 s
64 4 6 10 14 22 23 24 29 34 43 45 50 53 55 57 60 62 67 69 70 71 75 76 77 89 91 94 s
65 2 4 8 10 11 12 17 22 31 32 35 48 53 60 61 63 71 72 73 77 79 89 91 92 93 94 95 s
66 1 8 9 11 17 19 27 33 34 38 41 53 54 59 61 69 70 75 77 92 93 94 97 s
67 14 20 33 34 38 39 41 46 52 54 56 64 70 73 74 75 82 86 87 90 98 s
68 2 5 6 7 8 9 22 31 32 33 34 36 37 41 45 53 58 70 74 76 78 86 88 93 96 100 s
69 5 12 14 15 30 39 55 58 61 62 63 64 66 71 76 77 79 84 86 87 88 93 s
70 3 17 19 22 31 47 51 54 61 62 64 66 67 68 74 80 87 97 100 s
71 3 14 15 18 20 22 23 24 27 28 29 31 32 37 43 47 50 54 63 64 65 69 79 96 97 100 s
72 1 13 18 21 28 34 36 40 41 52 58 59 61 65 74 86 90 97 99 100 s
73 6 9 10 11 17 18 19 27 36 37 41 42 52 57 65 67 76 78 94 s
74 3 10 11 14 15 17 18 19 25 27 28 34 42 43 54 60 62 67 68 70 72 75 77 86 90 91 92 93 96 97 s
75 1 2 3 6 7 19 20 27 31 33 34 40 45 47 52 55 58 64 66 67 74 80 82 83 90 91 96 97 s
76 11 12 22 23 30 33 39 44 47 48 52 55 60 64 68 69 73 77 87 89 91 92 95 97 s
77 2 3 13 16 20 21 25 26 27 28 32 34 37 38 39 43 46 47 49 55 60 64 65 66 69 74 76 83 85 88 89 93 99 s
78 1 4 6 7 10 12 13 14 17 27 38 39 40 41 47 48 50 52 53 54 59 60 62 63 68 73 94 96 98 99 s
79 1 11 13 14 15 16 18 20 21 27 30 31 32 34 35 37 38 39 40 45 46 53 55 60 61 62 63 65 69 71 83 84 87 89 90 92 94 97 s
80 3 8 23 25 26 36 39 40 43 44 48 56 57 58 60 70 75 81 82 85 88 90 96 97 99 s
81 3 4 6 9 11 13 16 21 22 25 26 29 32 44 45 52 53 57 80 87 88 91 93 96 98 s
82 1 11 18 19 22 23 27 31 33 34 36 39 44 47 48 50 52 59 67 75 80 87 92 s
83 4 6 7 10 14 16 17 19 20 21 28 37 39 43 46 48 49 53 56 58 59 62 75 77 79 85 89 92 95 98 s
84 7 9 13 18 24 37 45 55 62 63 69 79 89 91 93 96 98 99 s
85 2 4 6 7 9 13 14 17 21 22 29 30 33 34 36 42 43 46 51 53 56 57 59 77 80 83 91 92 95 96 97 s
86 5 7 8 11 14 21 24 27 28 31 32 37 40 43 45 47 54 55 56 67 68 69 72 74 94 97 100 s
87 4 6 8 10 15 16 18 19 20 27 30 34 43 45 46 47 48 50 55 67 69 70 76 79 81 82 90 100 s
88 1 2 4 6 14 16 17 19 22 28 38 40 41 47 55 56 68 69 77 80 81 90 93 94 96 97 100 s
89 2 8 12 14 15 16 22 27 35 39 40 41 43 46 53 55 56 57 59 61 63 64 65 76 77 79 83 84 90 92 94 98 s
90 5 6 23 29 32 34 42 43 52 55 62 67 72 74 75 79 80 87 88 89 96 99 s
91 3 4 6 11 12 22 25 26 27 33 34 38 39 45 46 51 54 55 64 65 74 75 76 81 84 85 96 s
92 8 9 11 16 19 20 25 31 47 48 57 63 65 66 74 76 79 82 83 85 89 94 99 s
93 2 10 15 25 31 43 46 47 51 52 56 57 60 65 66 68 69 74 77 81 84 88 95 98 s
94 2 16 22 29 31 35 38 39 41 43 44 46 48 50 55 57 59 61 62 64 65 66 73 78 79 86 88 89 92 95 s
95 1 3 9 14 15 21 24 27 29 33 37 43 44 48 50 51 61 65 76 83 85 93 94 s
96 4 16 21 27 30 38 39 40 41 46 47 50 68 71 74 75 78 80 81 84 85 88 90 91 97 s
97 4 6 7 11 12 22 24 25 27 34 36 41 43 49 50 52 55 56 58 66 70 71 72 74 75 76 79 80 85 86 88 96 s
98 6 16 22 27 28 54 56 61 67 78 81 83 84 89 93 s
99 3 6 9 17 18 21 22 25 36 46 50 57 62 72 77 78 80 84 90 92 s
100 5 10 15 20 23 30 31 32 39 41 47 48 50 53 56 60 62 68 70 71 72 86 87 88 s
