1 6 9 11 15 20 27 28 31 33 35 36 39 41 42 43 46 50 51 52 54 55 59 69 73 79 82 88 89 99 s
2 3 10 14 18 21 23 25 26 27 41 44 54 55 57 60 62 70 77 78 80 90 92 s
3 2 5 9 11 12 13 14 17 18 23 33 36 38 39 40 41 47 51 52 59 60 63 68 71 75 86 89 93 97 100 s
4 5 7 9 13 22 27 30 31 35 39 40 45 46 51 55 56 67 71 73 74 75 79 84 85 89 90 96 s
5 3 4 7 10 11 22 24 28 32 36 41 44 45 60 67 68 72 77 79 81 83 84 85 89 90 91 99 s
6 1 7 9 18 19 20 26 30 34 43 50 51 56 60 63 64 67 69 70 75 77 81 82 85 86 87 91 92 96 s
7 4 5 6 20 22 23 27 32 34 48 54 55 60 65 66 69 78 79 81 86 87 88 92 95 99 s
8 11 15 20 23 28 37 42 45 48 58 59 61 67 68 69 72 73 74 77 85 91 93 96 s
9 1 3 4 6 11 12 13 17 20 21 25 31 34 40 42 45 46 50 54 55 57 58 63 64 68 69 77 78 79 82 83 85 87 92 96 s
10 2 5 11 12 14 16 18 22 30 34 36 42 45 51 66 68 71 73 78 79 84 88 97 100 s
11 1 3 5 8 9 10 13 14 19 20 29 35 42 45 46 47 56 59 60 63 76 80 83 95 96 98 s
12 3 9 10 13 15 17 25 28 30 32 35 41 43 46 48 51 55 59 62 64 65 67 68 69 70 72 73 74 79 82 84 87 88 91 99 s
13 3 4 9 11 12 19 26 31 35 37 42 43 54 56 57 60 64 68 71 73 75 78 81 82 84 87 90 92 93 s
14 2 3 10 11 16 17 24 27 30 33 39 43 44 46 52 60 72 74 75 77 78 81 90 97 99 s
15 1 8 12 20 24 27 28 30 33 34 43 44 49 51 52 56 59 65 70 78 84 86 91 s
16 10 14 21 24 29 34 36 37 48 51 52 54 55 58 63 66 74 80 85 87 94 96 97 s
17 3 9 12 14 18 20 25 30 32 36 38 40 45 47 48 51 52 53 61 62 68 77 78 80 88 90 95 98 s
18 2 3 6 10 17 20 21 23 25 27 29 32 34 39 41 46 48 56 58 59 63 65 66 70 73 76 77 81 82 85 89 92 94 s
19 6 11 13 27 29 34 35 37 39 41 44 49 53 55 58 61 63 66 69 72 73 85 89 93 97 98 s
20 1 6 7 8 9 11 15 17 18 21 33 34 39 42 44 50 53 63 64 67 68 74 77 82 99 100 s
21 2 9 16 18 20 22 23 26 27 29 33 35 37 40 43 48 50 52 54 57 60 63 65 66 67 71 75 81 87 98 100 s
22 4 5 7 10 21 23 28 30 38 40 48 49 54 55 57 62 63 68 70 77 86 89 90 97 98 s
23 2 3 7 8 18 21 22 24 27 28 35 36 37 49 50 52 53 57 58 61 70 72 75 85 86 87 92 93 95 96 s
24 5 14 15 16 23 31 32 34 35 36 37 41 42 44 57 58 64 69 71 90 92 93 100 s
25 2 9 12 17 18 29 35 39 40 42 46 49 55 62 63 69 73 75 78 80 84 87 89 90 93 96 97 98 s
26 2 6 13 21 27 28 30 32 34 39 41 42 45 46 51 64 65 75 78 79 80 87 92 98 100 s
27 1 2 4 7 14 15 18 19 21 23 26 29 32 37 39 41 42 44 49 54 63 80 85 90 91 95 98 100 s
28 1 5 8 12 15 22 23 26 30 36 37 39 45 55 71 74 75 77 79 83 89 91 92 99 s
29 11 16 18 19 21 25 27 32 36 38 39 46 48 53 55 61 63 65 68 69 75 76 78 79 85 89 90 93 94 95 98 100 s
30 4 6 10 12 14 15 17 22 26 28 35 39 42 43 51 65 66 70 72 75 80 81 83 86 87 89 90 93 97 s
31 1 4 9 13 24 34 39 41 44 47 50 57 69 72 75 76 80 83 85 87 90 94 98 100 s
32 5 7 12 17 18 24 26 27 29 33 37 40 47 48 52 65 69 71 75 88 92 94 95 s
33 1 3 14 15 20 21 32 36 38 42 55 60 74 76 82 84 86 88 91 94 97 s
34 6 7 9 10 15 16 18 19 20 24 26 31 39 40 44 45 49 53 57 58 61 69 74 79 87 90 93 94 97 s
35 1 4 11 12 13 19 21 23 24 25 30 36 39 44 45 46 53 59 60 63 70 71 77 81 89 96 98 99 s
36 1 3 5 10 16 17 23 24 28 29 33 35 38 41 46 47 53 55 60 62 74 75 77 85 86 90 91 94 95 s
37 8 13 16 19 21 23 24 27 28 32 40 47 56 57 63 66 68 69 72 73 80 90 94 97 s
38 3 17 22 29 33 36 49 51 58 62 66 69 80 84 90 93 95 100 s
39 1 3 4 14 18 19 20 25 26 27 28 29 30 31 34 35 50 52 58 59 63 65 67 71 77 80 83 84 86 87 88 90 92 93 95 96 97 100 s
40 3 4 9 17 21 22 25 32 34 37 41 50 52 53 54 60 62 65 67 73 74 76 78 79 81 82 84 93 94 95 99 s
41 1 2 3 5 12 18 19 24 26 27 31 36 40 51 55 57 65 66 67 69 71 73 80 83 84 85 87 88 90 s
42 1 8 9 10 11 13 20 24 25 26 27 30 33 49 50 63 66 69 76 78 80 81 82 85 99 s
43 1 6 12 13 14 15 21 30 44 46 49 59 60 66 72 75 77 78 81 86 89 90 94 100 s
44 2 5 14 15 19 20 24 27 31 34 35 43 45 49 55 57 61 63 64 65 66 78 79 82 83 90 91 94 96 98 100 s
45 4 5 8 9 10 11 17 26 28 34 35 44 48 49 50 51 54 57 58 60 62 63 68 72 74 75 76 77 78 81 82 86 88 91 93 98 s
46 1 4 9 11 12 14 18 25 26 29 35 36 43 48 51 52 55 56 57 63 64 73 75 78 79 87 89 91 93 95 99 s
47 3 11 17 31 32 36 37 49 55 58 62 64 65 66 68 72 73 74 79 80 81 86 87 88 95 96 s
48 7 8 12 16 17 18 21 22 29 32 45 46 50 65 67 70 78 83 85 88 89 91 94 95 99 s
49 15 19 22 23 25 27 34 38 42 43 44 45 47 50 51 52 54 55 58 62 63 70 87 88 90 s
50 1 6 9 20 21 23 31 39 40 42 45 48 49 52 54 58 61 62 69 75 76 78 86 87 88 s
51 1 3 4 6 10 12 15 16 17 26 30 38 41 45 46 49 57 58 60 62 69 70 71 72 73 78 79 80 84 85 88 96 98 100 s
52 1 3 14 15 16 17 21 23 32 39 40 46 49 50 55 60 61 63 66 68 69 72 75 77 79 80 83 84 89 92 93 96 s
53 17 19 20 23 29 34 35 36 40 55 57 59 60 72 84 89 91 92 93 s
54 1 2 7 9 13 16 21 22 27 40 45 49 50 60 63 65 68 71 77 81 84 88 98 100 s
55 1 2 4 7 9 12 16 19 22 25 28 29 33 36 41 44 46 47 49 52 53 63 65 66 72 74 80 83 84 88 89 91 92 93 97 100 s
56 4 6 11 13 15 18 37 46 57 60 71 73 77 78 81 83 85 88 89 97 s
57 2 9 13 21 22 23 24 31 34 37 41 44 45 46 51 53 56 60 62 65 73 78 80 86 89 95 98 99 s
58 8 9 16 18 19 23 24 34 38 39 45 47 49 50 51 59 64 69 74 75 79 83 87 98 s
59 1 3 8 11 12 15 18 35 39 43 53 58 61 64 69 71 72 73 74 85 88 89 91 93 99 s
60 2 3 5 6 7 11 13 14 21 33 35 36 40 43 45 51 52 53 54 56 57 62 65 66 68 76 77 85 89 90 97 98 s
61 8 17 19 23 29 34 44 50 52 59 62 63 64 67 71 76 82 88 93 95 97 99 100 s
62 2 12 17 22 25 36 38 40 45 47 49 50 51 57 60 61 69 71 78 82 94 97 100 s
63 3 6 9 11 16 18 19 20 21 22 25 27 29 35 37 39 42 44 45 46 49 52 54 55 61 65 66 68 70 72 75 79 81 82 83 84 90 99 100 s
64 6 9 12 13 20 24 26 44 46 47 58 59 61 65 66 67 71 73 74 77 78 82 92 96 98 100 s
65 7 12 15 18 21 26 29 30 32 39 40 41 44 47 48 54 55 57 60 63 64 75 77 79 81 88 96 100 s
66 7 10 16 18 19 21 30 37 38 41 42 43 44 47 52 55 60 63 64 68 69 70 71 72 74 82 86 88 94 s
67 4 5 6 8 12 20 21 39 40 41 48 61 64 72 73 76 85 87 89 92 s
68 3 5 8 9 10 12 13 17 20 22 29 37 45 47 52 54 60 63 66 70 72 74 75 82 89 90 92 96 99 100 s
69 1 6 7 8 9 12 19 24 25 29 31 32 34 37 38 41 42 50 51 52 58 59 62 66 71 74 78 82 89 95 s
70 2 6 12 15 18 22 23 30 35 48 49 51 63 66 68 79 81 84 86 90 92 95 s
71 3 4 10 13 21 24 28 32 35 39 41 51 54 56 59 61 62 64 66 69 77 79 81 83 86 89 92 s
72 5 8 12 14 19 23 30 31 37 43 45 47 51 52 53 55 59 63 66 67 68 75 85 87 90 93 s
73 1 4 8 10 12 13 18 19 25 37 40 41 46 47 51 56 57 59 64 67 77 83 84 85 92 93 98 s
74 4 8 12 14 16 20 28 33 34 36 40 45 47 55 58 59 64 66 68 69 79 90 93 100 s
75 3 4 6 13 14 21 23 25 26 28 29 30 31 32 36 43 45 46 50 52 58 63 65 68 72 84 87 91 93 95 100 s
76 11 18 29 31 33 40 42 45 50 60 61 67 78 84 87 88 94 96 100 s
77 2 5 6 8 9 14 17 18 20 22 28 35 36 39 43 45 52 54 56 60 64 65 71 73 81 86 87 91 92 97 98 s
78 2 7 9 10 13 14 15 17 25 26 29 40 42 43 44 45 46 48 50 51 56 57 62 64 69 76 80 82 91 97 99 s
79 1 4 5 7 9 10 12 26 28 29 34 40 44 46 47 51 52 58 63 65 70 71 74 89 94 95 97 98 100 s
80 2 11 16 17 25 26 27 30 31 37 38 39 41 42 47 51 52 55 57 78 81 85 86 94 95 96 s
81 5 6 7 13 14 18 21 30 35 40 42 43 45 47 54 56 63 65 70 71 77 80 82 83 89 95 97 s
82 1 6 9 12 13 18 20 33 40 42 44 45 61 62 63 64 66 68 69 78 81 85 89 92 93 94 97 100 s
83 5 9 11 28 30 31 39 41 44 48 52 55 56 58 63 71 73 81 84 87 90 93 95 96 98 100 s
84 4 5 10 12 13 15 25 33 38 39 40 41 51 52 53 54 55 63 70 73 75 76 83 97 99 s
85 4 5 6 8 9 16 18 19 23 27 29 31 36 41 42 48 51 56 59 60 67 72 73 80 82 88 93 95 s
86 3 6 7 15 22 23 30 33 36 39 43 45 47 50 57 66 70 71 77 80 90 93 94 96 99 100 s
87 6 7 9 12 13 16 21 23 25 26 30 31 34 39 41 46 47 49 50 58 67 72 75 76 77 83 88 90 100 s
88 1 7 10 12 17 32 33 39 41 45 47 48 49 50 51 54 55 56 59 61 65 66 76 85 87 91 95 97 98 s
89 1 3 4 5 18 19 22 25 28 29 30 35 43 46 48 52 53 55 56 57 59 60 67 68 69 71 79 81 82 92 95 96 s
90 2 4 5 13 14 17 22 24 25 27 29 30 31 34 36 37 38 39 41 43 44 49 60 63 68 70 72 74 83 86 87 97 99 s
91 5 6 8 12 15 27 28 33 36 44 45 46 48 53 55 59 75 77 78 88 95 s
92 2 6 7 9 13 18 23 24 26 28 32 39 52 53 55 64 67 68 70 71 73 77 82 89 94 99 s
93 3 8 13 19 23 24 25 29 30 34 38 39 40 45 46 52 53 55 59 61 72 73 74 75 82 83 85 86 96 s
94 16 18 29 31 32 33 34 36 37 40 43 44 48 62 66 76 79 80 82 86 92 97 99 s
95 7 11 17 23 27 29 32 36 38 39 40 46 47 48 57 61 69 70 75 79 80 81 83 85 88 89 91 96 s
96 4 6 8 9 11 16 23 25 35 39 44 47 51 52 64 65 68 76 80 83 86 89 93 95 97 98 99 s
97 3 10 14 16 19 22 25 30 33 34 37 39 55 56 60 61 62 77 78 79 81 82 84 88 90 94 96 s
98 11 17 19 21 22 25 26 27 29 31 35 44 45 51 54 57 58 60 64 73 77 79 83 88 96 s
99 1 5 7 12 14 20 28 35 40 42 46 48 57 59 61 63 68 78 84 86 90 92 94 96 s
100 3 10 20 21 24 26 27 29 31 38 39 43 44 51 54 55 61 62 63 64 65 68 74 75 76 79 82 83 86 87 s
