1 3 4 5 6 8 15 16 18 19 20 21 22 23 25 27 28 29 32 33 35 37 38 39 40 42 44 46 47 48 49 51 54 63 65 66 68 69 74 76 78 79 80 81 82 84 85 87 88 90 91 93 95 96 99 100 s
2 3 4 8 9 10 11 14 16 19 20 21 22 23 24 27 33 34 37 38 39 40 41 42 44 45 48 50 51 52 53 56 57 59 60 64 65 68 72 75 80 82 83 86 87 89 92 95 96 98 99 100 s
3 1 2 5 6 7 9 11 13 14 16 17 18 21 22 23 26 27 28 29 30 31 32 33 34 38 39 40 45 48 49 50 53 55 58 64 65 66 67 68 69 72 73 76 77 78 82 83 87 91 94 95 99 s
4 1 2 5 7 8 10 11 12 17 19 20 21 22 24 25 26 28 30 32 34 36 40 41 43 46 48 49 50 51 54 55 56 57 62 64 67 70 71 74 78 80 83 84 85 86 89 92 95 s
5 1 3 4 7 8 13 16 17 18 19 20 24 25 26 27 29 30 31 32 33 35 38 39 40 44 47 50 53 56 57 59 61 62 63 64 65 66 67 68 69 73 74 75 76 77 82 85 86 87 88 89 90 92 94 95 97 100 s
6 1 3 7 8 9 11 13 14 15 16 17 19 20 24 25 29 32 33 34 36 38 39 41 47 51 52 53 55 56 59 67 69 73 75 76 77 78 79 81 82 84 85 88 89 92 93 94 95 96 99 100 s
7 3 4 5 6 9 12 13 16 17 19 21 23 25 28 31 32 33 37 39 40 41 45 48 49 51 53 55 62 63 66 69 71 72 73 76 77 79 80 86 87 88 89 90 93 94 95 97 99 s
8 1 2 4 5 6 10 11 12 13 14 15 16 17 18 20 23 24 25 27 28 31 32 35 37 39 40 42 43 46 52 55 57 58 59 61 62 63 64 65 66 69 70 72 73 74 75 76 77 79 80 83 87 89 90 93 94 95 96 100 s
9 2 3 6 7 10 11 13 15 16 22 23 24 26 29 33 34 35 41 43 46 49 50 52 53 54 56 57 62 64 65 66 67 70 71 74 75 76 77 78 80 83 84 85 86 87 89 90 91 93 94 95 99 100 s
10 2 4 8 9 12 13 15 16 19 20 22 25 28 31 32 33 34 37 38 41 43 44 45 46 47 50 51 52 53 56 57 60 63 64 65 67 72 73 75 76 78 80 81 82 85 86 87 90 91 92 95 97 98 s
11 2 3 4 6 8 9 13 15 17 18 19 20 21 22 26 27 29 30 34 35 39 40 42 43 48 49 51 53 54 55 56 57 58 63 66 74 75 76 78 79 81 82 91 92 93 96 s
12 4 7 8 10 16 17 18 19 26 28 38 39 41 42 44 46 47 48 50 53 57 58 59 60 62 63 64 65 67 68 75 78 81 82 83 88 90 91 92 93 96 97 98 99 100 s
13 3 5 6 7 8 9 10 11 15 17 18 21 22 24 25 32 33 34 36 37 38 39 40 41 45 46 50 53 54 60 61 62 63 65 66 68 69 70 71 72 73 74 77 80 81 84 86 87 90 91 93 94 96 97 99 100 s
14 2 3 6 8 16 20 24 31 33 36 38 40 43 44 45 47 51 53 54 57 58 59 65 70 73 78 84 85 86 89 94 97 100 s
15 1 6 8 9 10 11 13 19 21 22 23 25 29 30 34 38 39 40 41 42 43 45 47 48 50 51 52 53 54 55 57 58 60 67 69 71 72 73 74 77 78 79 80 81 82 85 86 88 93 94 96 97 100 s
16 1 2 3 5 6 7 8 9 10 12 14 20 21 23 26 29 31 32 33 35 36 37 38 40 45 47 48 50 51 53 61 62 64 65 66 69 71 72 74 75 76 78 79 80 88 90 91 94 96 97 100 s
17 3 4 5 6 7 8 11 12 13 18 20 21 22 25 26 30 33 34 38 41 42 43 45 46 48 49 50 51 52 57 61 63 68 70 71 75 84 87 89 91 95 98 99 s
18 1 3 5 8 11 12 13 17 23 25 26 27 28 31 32 33 35 37 38 39 40 42 43 45 47 50 52 54 60 62 64 65 66 67 69 71 74 78 79 80 81 84 92 93 97 99 100 s
19 1 2 4 5 6 7 10 11 12 15 20 24 25 26 27 28 30 32 33 34 35 36 40 41 42 44 45 47 50 51 53 57 58 59 63 64 69 78 83 85 87 88 92 95 96 98 99 s
20 1 2 4 5 6 8 10 11 14 16 17 19 22 23 25 26 28 30 32 36 38 39 40 41 43 45 46 49 52 54 59 60 61 64 65 66 67 70 72 73 74 75 78 80 82 83 86 88 90 91 92 94 98 99 100 s
21 1 2 3 4 7 11 13 15 16 17 22 23 24 29 30 31 33 34 36 37 38 39 41 51 52 53 55 56 57 59 63 67 68 71 72 74 77 79 81 86 90 91 93 94 98 s
22 1 2 3 4 9 10 11 13 15 17 20 21 24 27 28 29 33 37 38 39 41 46 48 54 58 60 62 64 66 69 74 75 76 78 80 81 82 83 85 86 87 90 91 96 97 s
23 1 2 3 7 8 9 15 16 18 20 21 24 26 34 39 40 41 44 45 48 49 53 54 55 57 58 62 65 66 67 69 70 72 73 76 77 78 79 80 91 92 93 94 96 97 98 s
24 2 4 5 6 8 9 13 14 19 21 22 23 25 29 30 31 32 34 39 41 44 45 46 48 49 50 52 53 55 60 61 63 64 65 67 69 75 76 78 81 86 88 89 91 92 93 98 s
25 1 4 5 6 7 8 10 13 15 17 18 19 20 24 26 27 29 30 31 32 33 34 36 37 38 43 48 49 50 51 52 55 56 59 60 61 64 66 67 70 72 77 78 80 85 87 89 94 97 98 99 s
26 3 4 5 9 11 12 16 17 18 19 20 23 25 27 30 31 33 34 35 36 37 40 42 43 45 47 48 50 52 54 56 57 58 59 60 62 66 68 69 70 72 73 74 75 77 78 80 82 83 84 85 86 89 91 97 99 100 s
27 1 2 3 5 8 11 18 19 22 25 26 28 29 30 31 33 36 37 39 40 41 44 45 46 49 52 54 56 59 62 63 66 67 70 71 72 73 74 76 83 84 85 87 89 91 93 95 96 97 98 100 s
28 1 3 4 7 8 10 12 18 19 20 22 27 29 35 39 42 43 47 50 51 52 53 54 59 61 62 65 67 68 70 73 74 78 79 80 81 83 84 85 89 90 95 97 98 100 s
29 1 3 5 6 9 11 15 16 21 22 24 25 27 28 30 31 35 37 38 39 41 43 44 46 49 51 52 53 57 59 62 65 66 73 75 76 81 82 86 87 88 89 90 91 94 96 98 99 s
30 3 4 5 11 15 17 19 20 21 24 25 26 27 29 36 37 39 40 41 43 44 47 48 50 52 55 59 60 61 63 65 66 67 71 73 77 83 84 87 89 90 91 94 96 98 100 s
31 3 5 7 8 10 14 16 18 21 24 25 26 27 29 32 33 35 36 37 39 41 44 45 46 52 54 56 58 59 63 64 65 68 69 71 72 73 81 85 86 88 89 91 98 99 100 s
32 1 3 4 5 6 7 8 10 13 16 18 19 20 24 25 31 33 36 37 38 39 40 44 45 47 48 50 53 55 57 61 62 64 65 66 68 69 70 73 74 81 82 83 85 87 89 90 97 99 s
33 1 2 3 5 6 7 9 10 13 14 16 17 18 19 21 22 25 26 27 31 32 35 36 39 40 43 44 46 47 49 50 51 52 53 54 57 58 59 60 61 64 65 67 68 70 73 75 77 78 82 86 87 89 92 93 94 95 96 98 99 100 s
34 2 3 4 6 9 10 11 13 15 17 19 21 23 24 25 26 35 42 49 51 52 55 56 57 59 61 62 64 65 66 67 69 70 71 77 78 80 81 82 83 84 87 89 96 98 s
35 1 5 8 9 11 16 18 19 26 28 29 31 33 34 40 41 46 47 50 52 53 54 55 56 59 61 63 64 66 68 69 70 72 74 76 78 79 80 81 83 84 85 86 89 91 94 96 97 99 100 s
36 4 6 13 14 16 19 20 21 25 26 27 30 31 32 33 37 39 40 42 46 50 52 54 55 57 59 62 63 70 72 73 75 76 78 79 80 81 82 87 88 89 91 92 93 96 97 98 99 s
37 1 2 7 8 10 13 16 18 21 22 25 26 27 29 30 31 32 36 40 41 42 43 44 49 51 52 53 54 55 56 61 64 65 67 70 75 78 82 85 86 88 91 92 93 95 99 s
38 1 2 3 5 6 10 12 13 14 15 16 17 18 20 21 22 25 29 32 39 44 46 48 49 51 53 54 57 58 59 70 72 73 76 77 79 81 82 83 84 91 92 93 97 99 s
39 1 2 3 5 6 7 8 11 12 13 15 18 20 21 22 23 24 27 28 29 30 31 32 33 36 38 40 44 46 48 49 50 51 52 53 55 56 57 61 63 66 68 69 70 71 72 73 74 75 78 84 86 90 91 92 93 94 95 97 99 100 s
40 1 2 3 4 5 7 8 11 13 14 15 16 18 19 20 23 26 27 30 32 33 35 36 37 39 41 43 44 45 46 47 49 50 52 53 56 61 63 65 67 68 70 72 75 84 86 87 88 89 91 92 93 94 97 s
41 2 4 6 7 9 10 12 13 15 17 19 20 21 22 23 24 27 29 30 31 35 37 40 43 44 45 47 49 52 53 57 58 59 61 64 66 68 72 73 74 75 76 77 81 83 85 88 89 92 93 94 95 96 98 99 s
42 1 2 8 11 12 15 17 18 19 26 28 34 36 37 43 45 47 49 52 53 54 55 56 60 61 63 65 68 70 73 76 77 78 79 80 83 84 86 88 93 96 97 s
43 4 8 9 10 11 14 15 17 18 20 25 26 28 29 30 33 37 40 41 42 44 47 48 49 51 52 53 55 57 58 61 62 63 66 67 69 70 73 74 78 80 83 84 86 87 88 89 92 93 95 99 s
44 1 2 5 10 12 14 19 23 24 27 29 30 31 32 33 37 38 39 40 41 43 45 48 51 58 59 61 62 67 69 72 73 74 75 79 80 81 82 83 84 85 86 87 88 91 92 94 95 96 97 100 s
45 2 3 7 10 13 14 15 16 17 18 19 20 23 24 26 27 31 32 40 41 42 44 47 49 51 53 55 56 57 58 60 63 64 65 67 69 75 77 78 93 97 99 s
46 1 4 8 9 10 12 13 17 20 22 24 27 29 31 33 35 36 38 39 40 47 48 49 51 59 61 65 66 67 71 72 73 74 75 76 78 79 80 82 86 87 88 91 95 96 98 s
47 1 5 6 10 12 14 15 16 18 19 26 28 30 32 33 35 40 41 42 43 45 46 49 50 53 55 58 59 60 61 65 66 69 70 71 73 77 78 80 82 88 91 93 94 96 s
48 1 2 3 4 7 11 12 15 16 17 22 23 24 25 26 30 32 38 39 43 44 46 49 54 57 58 60 66 68 69 70 71 72 73 77 79 81 82 83 84 85 87 88 89 91 92 94 97 98 100 s
49 1 3 4 7 9 11 17 20 23 24 25 27 29 33 34 37 38 39 40 41 42 43 45 46 47 48 50 51 53 54 56 58 59 60 62 63 65 66 68 69 72 73 75 77 79 82 91 92 93 95 96 97 99 100 s
50 2 3 4 5 9 10 12 13 15 16 17 18 19 24 25 26 28 30 32 33 35 36 39 40 47 49 52 54 55 56 59 60 61 62 65 66 67 69 70 71 73 75 78 85 88 89 93 96 98 100 s
51 1 2 4 6 7 10 11 14 15 16 17 19 21 25 28 29 33 34 37 38 39 43 44 45 46 49 52 54 56 57 58 63 64 73 74 76 77 78 80 81 82 83 84 85 86 92 94 95 97 98 99 100 s
52 2 6 8 9 10 15 17 18 20 21 24 25 26 27 28 29 30 31 33 34 35 36 37 39 40 41 42 43 50 51 53 54 58 59 61 62 63 65 69 70 71 74 75 76 77 80 81 82 83 84 85 86 89 90 91 92 93 96 98 100 s
53 2 3 5 6 7 9 10 11 12 13 14 15 16 19 21 23 24 28 29 32 33 35 37 38 39 40 41 42 43 45 47 49 52 56 57 59 60 61 62 66 67 68 71 72 73 84 87 89 91 92 93 94 95 96 97 99 s
54 1 4 9 11 13 14 15 18 20 22 23 26 27 28 31 33 35 36 37 38 42 48 49 50 51 52 57 58 62 64 65 66 72 73 74 76 78 79 84 87 89 90 93 94 96 97 98 s
55 3 4 6 7 8 11 15 21 23 24 25 30 32 34 35 36 37 39 42 43 45 47 50 57 58 59 60 61 62 63 64 68 69 73 74 75 76 78 80 81 83 84 86 88 94 96 97 100 s
56 2 4 5 6 9 10 11 21 25 26 27 31 34 35 37 39 40 42 45 49 50 51 53 57 58 60 63 64 65 66 68 71 72 73 78 80 81 82 84 86 87 88 90 91 92 97 98 s
57 2 4 5 8 9 10 11 12 14 15 17 19 21 23 26 29 32 33 34 36 38 39 41 43 45 48 51 53 54 55 56 61 62 63 65 66 67 68 71 72 76 79 82 83 85 86 87 91 92 93 95 99 s
58 3 8 11 12 14 15 19 22 23 26 31 33 38 41 43 44 45 47 48 49 51 52 54 55 56 59 60 61 62 64 65 66 69 72 73 74 79 81 83 84 86 88 89 90 91 93 95 96 98 99 100 s
59 2 5 6 8 12 14 19 20 21 25 26 27 28 29 30 31 33 34 35 36 38 41 44 46 47 49 50 52 53 55 58 60 61 63 64 66 74 75 78 82 83 85 86 88 89 90 91 93 94 95 100 s
60 2 10 12 13 15 18 20 22 24 25 26 30 33 42 45 47 48 49 50 53 55 56 58 59 62 65 68 71 74 77 78 80 81 82 84 85 87 88 93 94 96 97 s
61 5 8 13 16 17 20 24 25 28 30 32 33 34 35 37 39 40 41 42 43 44 46 47 50 52 53 55 57 58 59 63 64 67 69 70 72 73 75 78 82 85 87 88 93 94 96 98 99 s
62 4 5 7 8 9 12 13 16 18 22 23 26 27 28 29 32 34 36 43 44 49 50 52 53 54 55 57 58 60 63 64 65 68 70 71 73 74 75 77 78 80 81 85 86 87 89 90 94 95 96 97 98 99 100 s
63 1 5 7 8 10 11 12 13 17 19 21 24 27 30 31 35 36 39 40 42 43 45 49 51 52 55 56 57 59 61 62 64 68 72 75 77 79 80 82 83 84 86 89 90 92 94 97 100 s
64 2 3 4 5 8 9 10 12 16 18 19 20 22 24 25 31 32 33 34 35 37 41 45 51 54 55 56 58 59 61 62 63 65 66 67 69 70 73 75 76 77 78 80 81 82 86 87 89 90 91 93 94 95 97 99 100 s
65 1 2 3 5 8 9 10 12 13 14 16 18 20 23 24 28 29 30 31 32 33 34 37 40 42 45 46 47 49 50 52 54 56 57 58 60 62 64 66 67 68 69 71 72 75 78 80 83 85 86 87 90 91 92 94 95 96 97 100 s
66 1 3 5 7 8 9 11 13 16 18 20 22 23 25 26 27 29 30 32 34 35 39 41 43 46 47 48 49 50 53 54 56 57 58 59 64 65 70 79 80 87 91 92 93 95 96 97 99 s
67 3 4 5 6 9 10 12 15 18 20 21 23 24 25 27 28 30 33 34 37 40 43 44 45 46 50 53 57 61 64 65 68 69 71 73 74 75 80 83 84 86 87 88 89 90 95 97 98 99 100 s
68 1 2 3 5 12 13 17 21 26 28 31 32 33 35 39 40 41 42 48 49 53 55 56 57 60 62 63 65 67 69 71 73 75 76 78 79 83 84 85 87 89 91 92 94 95 96 98 s
69 1 3 5 6 7 8 13 15 16 18 19 22 23 24 26 31 32 34 35 39 43 44 45 47 48 49 50 52 55 58 61 64 65 67 68 70 73 75 76 78 79 81 84 88 92 95 96 98 99 s
70 4 8 9 13 14 17 20 23 25 26 27 28 32 33 34 35 36 37 38 39 40 42 43 47 48 50 52 61 62 64 66 69 71 72 74 75 79 81 82 83 85 86 88 90 92 93 94 99 100 s
71 4 7 9 13 15 16 17 18 21 27 30 31 34 39 46 47 48 50 52 53 56 57 60 62 65 67 68 70 72 73 76 78 82 84 86 87 89 90 92 93 94 95 96 97 98 s
72 2 3 7 8 10 13 15 16 20 21 23 25 26 27 31 35 36 38 39 40 41 44 46 48 49 53 54 56 57 58 61 63 65 70 71 78 80 81 82 83 86 88 89 92 93 94 96 99 100 s
73 3 5 6 7 8 10 13 14 15 20 23 26 27 28 29 30 31 32 33 36 38 39 41 42 43 44 46 47 48 49 50 51 53 54 55 56 58 61 62 64 67 68 69 71 74 75 76 77 78 79 83 85 88 90 91 92 93 94 98 99 s
74 1 4 5 8 9 11 13 15 16 18 20 21 22 26 27 28 32 35 39 41 43 44 46 51 52 54 55 58 59 60 62 67 70 73 75 76 77 78 80 85 86 87 89 90 91 92 94 96 98 99 s
75 2 5 6 8 9 10 11 12 16 17 20 22 24 26 29 33 36 37 39 40 41 44 45 46 49 50 52 55 59 61 62 63 64 65 67 68 69 70 73 74 78 81 82 83 84 85 86 87 90 91 93 94 96 98 99 s
76 1 3 5 6 7 8 9 10 11 16 22 23 24 27 29 35 36 38 41 42 46 51 52 54 55 57 64 68 69 71 73 74 79 80 84 85 88 93 98 99 100 s
77 3 5 6 7 8 9 13 15 21 23 25 26 30 33 34 38 41 42 45 47 48 49 51 52 60 62 63 64 73 74 78 79 80 82 85 87 88 90 93 97 99 100 s
78 1 3 4 6 9 10 11 12 14 15 16 18 19 20 22 23 24 25 26 28 33 34 35 36 37 39 42 43 45 46 47 50 51 54 55 56 59 60 61 62 64 65 68 69 71 72 73 74 75 77 79 80 83 86 87 88 91 92 93 94 100 s
79 1 6 7 8 11 15 16 18 21 23 28 35 36 38 42 44 46 48 49 54 57 58 63 66 68 69 70 73 76 77 78 82 85 86 87 88 89 94 95 96 97 99 100 s
80 1 2 4 7 8 9 10 13 15 16 18 20 22 23 25 26 28 34 35 36 42 43 44 46 47 51 52 55 56 60 62 63 64 65 66 67 72 74 76 77 78 82 83 86 87 88 90 91 95 96 98 99 s
81 1 6 10 11 12 13 15 18 21 22 24 28 29 31 32 34 35 36 38 41 44 48 51 52 55 56 58 60 62 64 69 70 72 75 85 88 89 90 91 94 96 97 99 s
82 1 2 3 5 6 10 11 12 15 20 22 26 29 32 33 34 36 37 38 44 46 47 48 49 51 52 56 57 59 60 61 63 64 70 71 72 75 77 79 80 83 84 85 86 87 88 92 95 98 s
83 2 3 4 8 9 12 19 20 22 26 27 28 30 32 34 35 38 41 42 43 44 48 51 52 55 57 58 59 63 65 67 68 70 72 73 75 78 80 82 87 90 92 95 97 99 s
84 1 4 6 9 13 14 17 18 26 27 28 30 34 35 38 39 40 42 43 44 48 51 52 53 54 55 56 58 60 63 67 68 69 71 75 76 82 85 94 96 97 98 s
85 1 4 5 6 9 10 14 15 19 22 25 26 27 28 31 32 35 37 41 44 48 50 51 52 57 59 60 61 62 65 68 70 73 74 75 76 77 79 81 82 84 86 89 92 94 95 99 s
86 2 4 5 7 9 10 13 14 15 20 21 22 24 26 29 31 33 35 37 39 40 42 43 44 46 51 52 55 56 57 58 59 62 63 64 65 67 70 71 72 74 75 78 79 80 82 85 88 89 90 92 94 95 97 98 100 s
87 1 2 3 5 7 8 9 10 13 17 19 22 25 27 29 30 32 33 34 36 40 43 44 46 48 53 54 56 57 60 61 62 64 65 66 67 68 71 74 75 77 78 79 80 82 83 88 91 93 94 95 98 99 100 s
88 1 5 6 7 12 15 16 19 20 24 29 31 36 37 40 41 42 43 44 46 47 48 50 55 56 58 59 60 61 67 69 70 72 73 76 77 78 79 80 81 82 86 87 90 91 92 93 94 98 s
89 2 4 5 6 7 8 9 14 17 24 25 26 27 28 29 30 31 32 33 34 35 36 40 41 43 48 50 52 53 54 58 59 62 63 64 67 68 71 72 74 79 81 85 86 90 93 95 96 99 100 s
90 1 5 7 8 9 10 12 13 16 20 21 22 28 29 30 32 39 52 54 56 58 59 62 63 64 65 67 70 71 73 74 75 77 80 81 83 86 88 89 92 93 94 95 96 98 99 100 s
91 1 3 9 10 11 12 13 16 17 20 21 22 23 24 26 27 29 30 31 35 36 37 38 39 40 44 46 47 48 49 52 53 56 57 58 59 64 65 66 68 73 74 75 78 80 81 87 88 97 98 99 100 s
92 2 4 5 6 10 11 12 18 19 20 23 24 33 36 37 38 39 40 41 43 44 48 49 51 52 53 56 57 63 65 66 68 69 70 71 72 73 74 78 82 83 85 86 88 90 94 95 s
93 1 6 7 8 9 11 12 13 15 18 21 23 24 27 33 36 37 38 39 40 41 42 43 45 47 49 50 52 53 54 57 58 59 60 61 64 66 70 71 72 73 75 76 77 78 87 88 89 90 94 95 96 100 s
94 3 5 6 7 8 9 13 14 15 16 20 21 23 25 29 30 33 35 39 40 41 44 47 48 51 53 54 55 59 60 61 62 63 64 65 68 70 71 72 73 74 75 78 79 81 84 85 86 87 88 90 92 93 95 98 100 s
95 1 2 3 4 5 6 7 8 9 10 17 19 27 28 33 37 39 41 43 44 46 49 51 53 57 58 59 62 64 65 66 67 68 69 71 79 80 82 83 85 86 87 89 90 92 93 94 96 97 98 99 s
96 1 2 6 8 11 12 13 15 16 19 22 23 27 29 30 33 34 35 36 41 42 44 46 47 49 50 52 53 54 55 58 60 61 62 65 66 68 69 71 72 74 75 79 80 81 84 89 90 93 95 98 100 s
97 5 7 10 12 13 14 15 16 18 22 23 25 26 27 28 32 35 36 38 39 40 42 44 45 48 49 51 53 54 55 56 60 62 63 64 65 66 67 71 77 79 81 83 84 86 91 95 98 99 s
98 2 10 12 17 19 20 21 23 24 25 27 28 29 30 31 33 34 36 41 46 48 50 51 52 54 56 58 61 62 67 68 69 71 73 74 75 76 80 82 84 86 87 88 90 91 94 95 96 97 100 s
99 1 2 3 6 7 9 12 13 17 18 19 20 25 26 29 31 32 33 35 36 37 38 39 41 43 45 49 51 53 57 58 61 62 64 66 67 69 70 72 73 74 75 76 77 79 80 81 83 85 87 89 90 91 95 97 s
100 1 2 5 6 8 9 12 13 14 15 16 18 20 26 27 28 30 31 33 35 39 44 48 49 50 51 52 55 58 59 62 63 64 65 67 70 72 76 77 78 79 86 87 89 90 91 93 94 96 98 s
