1 8 18 20 21 27 28 33 35 38 41 42 45 47 51 64 68 73 80 84 85 92 94 s
2 4 9 10 14 19 21 32 34 40 42 46 47 53 56 60 62 63 69 71 75 76 78 82 93 96 99 100 s
3 6 7 9 11 14 15 17 28 40 42 46 47 49 50 52 57 61 62 64 66 69 79 81 82 84 89 90 94 95 98 99 100 s
4 2 5 7 16 17 20 21 23 28 30 31 38 39 41 48 50 55 58 62 63 64 68 75 76 77 79 89 95 99 100 s
5 4 7 9 16 17 24 30 31 40 44 49 50 53 54 57 60 66 73 76 77 80 81 82 84 85 89 90 96 100 s
6 3 7 14 20 21 23 25 26 31 32 33 41 42 45 47 49 50 51 55 66 67 68 70 72 74 75 77 80 84 87 92 96 s
7 3 4 5 6 12 16 18 19 21 34 35 36 38 41 42 44 47 49 55 60 62 63 66 72 77 83 85 87 92 93 s
8 1 10 14 15 19 24 25 29 31 32 34 38 50 51 52 53 54 59 60 62 63 64 65 69 71 72 73 78 79 80 89 91 97 99 100 s
9 2 3 5 14 19 22 23 27 28 30 33 34 39 44 45 48 49 50 56 57 58 64 68 82 88 89 91 93 97 s
10 2 8 12 15 20 22 25 27 30 33 38 40 41 42 45 48 50 52 53 55 59 62 64 65 71 80 82 83 88 91 92 95 100 s
11 3 18 20 27 28 30 31 35 36 37 38 41 42 44 46 49 50 51 57 58 65 72 73 74 75 78 80 85 86 89 94 96 s
12 7 10 13 16 21 25 33 34 35 36 37 40 42 46 48 51 52 53 66 68 71 78 79 81 83 87 88 94 s
13 12 17 23 27 32 40 46 47 48 50 55 56 57 59 61 63 66 69 70 72 76 80 83 85 89 90 92 93 99 100 s
14 2 3 6 8 9 17 18 19 21 22 30 31 33 36 46 51 52 59 61 65 68 80 93 95 96 98 s
15 3 8 10 18 19 20 22 27 28 30 32 47 53 55 61 67 69 74 78 82 83 90 93 94 99 s
16 4 5 7 12 17 19 25 26 27 30 31 32 36 39 40 50 51 55 58 62 64 65 66 70 76 79 80 83 84 88 91 92 97 s
17 3 4 5 13 14 16 18 19 24 25 33 34 35 36 42 47 48 53 55 56 65 73 77 78 81 82 83 96 97 s
18 1 7 11 14 15 17 22 24 25 28 29 32 34 41 44 52 54 57 58 65 67 75 82 90 91 94 98 s
19 2 7 8 9 14 15 16 17 20 22 27 29 31 33 39 50 52 54 61 64 70 74 77 79 82 84 97 98 s
20 1 4 6 10 11 15 19 21 24 25 26 31 32 40 41 44 46 50 52 56 61 64 65 67 71 81 82 86 94 100 s
21 1 2 4 6 7 12 14 20 22 24 29 31 34 39 62 64 69 73 76 78 84 87 93 94 96 97 s
22 9 10 14 15 18 19 21 23 25 29 36 37 39 40 43 47 48 53 64 67 75 97 98 100 s
23 4 6 9 13 22 24 26 28 31 39 40 43 45 49 52 53 55 63 64 70 83 89 90 91 s
24 5 8 17 18 20 21 23 26 33 34 39 44 47 56 61 68 81 83 84 85 91 94 98 s
25 6 8 10 12 16 17 18 20 22 26 32 33 38 40 50 52 54 58 66 70 77 78 80 82 83 85 88 90 94 98 s
26 6 16 20 23 24 25 28 33 35 36 38 40 45 46 50 51 52 56 58 63 68 71 73 74 75 78 81 82 84 89 90 92 94 97 s
27 1 9 10 11 13 15 16 19 31 36 37 38 41 50 51 53 55 59 60 72 78 79 84 90 94 95 96 s
28 1 3 4 9 11 15 18 23 26 34 40 48 49 52 57 63 67 72 73 74 77 78 80 81 84 90 96 98 99 s
29 8 18 19 21 22 32 36 47 50 52 58 59 63 64 65 76 80 83 91 s
30 4 5 9 10 11 14 15 16 37 39 41 45 47 53 54 55 59 65 67 68 69 75 78 81 84 86 88 89 91 100 s
31 4 5 6 8 11 14 16 19 20 21 23 27 32 39 42 43 45 53 63 70 73 77 85 95 98 100 s
32 2 6 8 13 15 16 18 20 25 29 31 33 35 38 40 42 44 46 51 58 63 70 76 79 81 84 94 s
33 1 6 9 10 12 14 17 19 24 25 26 32 37 39 43 45 50 53 61 80 82 84 85 s
34 2 7 8 9 12 17 18 21 24 28 39 41 48 52 60 67 68 69 84 85 87 95 98 s
35 1 7 11 12 17 26 32 38 43 46 47 49 50 55 62 63 64 70 72 78 82 88 93 98 99 s
36 7 11 12 14 16 17 22 26 27 29 41 45 47 49 54 56 59 63 65 70 72 73 76 77 86 87 89 92 93 95 97 s
37 11 12 22 27 30 33 38 39 41 47 51 52 56 61 67 74 80 93 98 s
38 1 4 7 8 10 11 25 26 27 32 35 37 41 42 49 53 58 61 64 72 77 78 85 90 94 100 s
39 4 9 16 19 21 22 23 24 30 31 33 34 37 42 50 52 54 56 59 60 61 65 67 70 73 76 79 82 96 100 s
40 2 3 5 10 12 13 16 20 22 23 25 26 28 32 41 43 47 50 51 55 56 58 61 63 66 73 74 75 77 83 95 96 97 s
41 1 4 6 7 10 11 18 20 27 30 34 36 37 38 40 49 50 51 52 61 66 67 70 78 84 86 91 95 s
42 1 2 3 6 7 10 11 12 17 31 32 38 39 47 48 52 54 56 60 64 65 66 68 69 73 79 82 88 95 96 97 s
43 22 23 31 33 35 40 47 60 67 72 79 82 85 89 97 98 s
44 5 7 9 11 18 20 24 32 49 50 59 60 63 65 70 71 73 79 84 85 98 100 s
45 1 6 9 10 23 26 30 31 33 36 46 49 50 52 54 56 57 59 67 76 77 81 83 90 92 93 94 96 s
46 2 3 11 12 13 14 20 26 32 35 45 51 52 63 65 72 75 87 90 98 s
47 1 2 3 6 7 13 15 17 22 24 29 30 35 36 37 40 42 43 48 50 51 52 53 54 63 64 76 85 87 89 90 95 98 s
48 4 9 10 12 13 17 22 28 34 42 47 49 54 55 56 57 69 77 78 80 84 85 90 93 100 s
49 3 5 6 7 9 11 23 28 35 36 38 41 44 45 48 50 51 56 62 68 70 71 74 77 79 81 86 88 89 92 94 s
50 3 4 5 6 8 9 10 11 13 16 19 20 25 26 27 29 33 35 39 40 41 44 45 47 49 53 60 62 69 73 76 78 81 85 88 89 96 97 s
51 1 6 8 11 12 14 16 26 27 32 37 40 41 46 47 49 55 56 58 61 63 68 69 73 80 89 97 100 s
52 3 8 10 12 14 18 19 20 23 25 26 28 29 34 37 39 41 42 45 46 47 53 55 57 59 62 65 72 74 75 76 92 94 98 99 s
53 2 5 8 10 12 15 17 22 23 27 30 31 33 38 47 50 52 61 64 66 73 74 88 89 92 93 96 100 s
54 5 8 18 19 25 30 36 39 42 45 47 48 58 62 75 79 80 82 86 87 91 95 99 s
55 4 6 7 10 13 15 16 17 23 27 30 35 40 48 51 52 56 61 63 68 74 75 77 80 88 92 94 97 99 s
56 2 9 13 17 20 24 26 36 37 39 40 42 45 48 49 51 55 58 66 72 77 90 91 95 s
57 3 5 9 11 13 18 28 45 48 52 60 63 70 71 74 81 90 92 94 99 s
58 4 9 11 16 18 25 26 29 32 38 40 51 54 56 59 62 65 67 69 70 71 80 81 83 95 98 100 s
59 8 10 13 14 27 29 30 36 39 44 45 52 58 60 61 70 75 87 93 94 98 s
60 2 5 7 8 27 34 39 42 43 44 50 57 59 64 65 67 68 69 72 73 80 84 85 97 s
61 3 13 14 15 19 20 24 33 37 38 39 40 41 51 53 55 59 66 69 70 72 76 85 90 95 97 98 s
62 2 3 4 7 8 10 16 21 35 49 50 52 54 58 72 77 91 100 s
63 2 4 7 8 13 23 26 28 29 31 32 35 36 40 44 46 47 51 55 57 64 67 74 78 79 80 83 85 86 87 92 93 96 s
64 1 3 4 8 9 10 16 19 20 21 22 23 29 35 38 42 47 53 60 63 67 71 75 89 95 98 s
65 8 10 11 14 16 17 18 20 29 30 36 39 42 44 46 52 58 60 71 73 78 83 85 91 92 98 99 s
66 3 5 6 7 12 13 16 25 40 41 42 53 56 61 78 81 89 92 s
67 6 15 18 20 22 28 30 34 37 39 41 43 45 58 60 63 64 71 73 74 75 78 80 81 86 89 90 93 95 97 s
68 1 4 6 9 12 14 24 26 30 34 42 49 51 55 60 74 75 76 81 83 89 91 96 99 100 s
69 2 3 8 13 15 21 30 34 42 48 50 51 58 60 61 70 76 77 78 81 84 88 91 94 98 s
70 6 13 16 19 23 25 31 32 35 36 39 41 44 49 57 58 59 61 69 72 74 76 87 91 93 96 97 99 s
71 2 8 10 12 20 26 44 49 57 58 64 65 67 75 81 82 83 84 87 88 90 91 97 s
72 6 7 8 11 13 27 28 35 36 38 43 46 52 56 60 61 62 70 74 79 84 90 93 94 s
73 1 5 8 11 17 21 26 28 31 36 39 40 42 44 50 51 53 60 65 67 79 81 85 86 87 89 91 94 95 98 s
74 6 11 15 19 26 28 37 40 49 52 53 55 57 63 67 68 70 72 80 87 91 92 97 99 s
75 2 4 6 11 18 22 26 30 40 46 52 54 55 59 64 67 68 71 85 90 s
76 2 4 5 13 16 21 29 32 36 39 45 47 50 52 61 68 69 70 77 78 80 84 86 95 96 s
77 4 5 6 7 17 19 25 28 31 36 38 40 45 48 49 55 56 62 69 76 83 90 93 98 s
78 2 8 11 12 15 17 21 25 26 27 28 30 35 38 41 48 50 63 65 66 67 69 76 79 82 88 92 93 97 98 s
79 3 4 8 12 16 19 27 32 39 42 43 44 49 54 63 72 73 78 81 86 92 99 s
80 1 5 6 8 10 11 13 14 16 25 28 29 33 37 48 51 54 55 58 60 63 67 74 76 81 83 84 85 89 92 93 96 s
81 3 5 12 17 20 24 26 28 30 32 45 49 50 57 58 66 67 68 69 71 73 79 80 90 91 92 93 96 97 99 s
82 2 3 5 9 10 15 17 18 19 20 25 26 33 35 39 42 43 54 71 78 83 89 92 94 100 s
83 7 10 12 13 15 16 17 23 24 25 29 40 45 58 63 65 68 71 77 80 82 84 86 90 93 95 s
84 1 3 5 6 16 19 21 24 26 27 28 30 32 33 34 41 44 48 60 69 71 72 76 80 83 86 91 97 s
85 1 5 7 11 13 24 25 31 33 34 38 43 44 47 48 50 60 61 63 65 73 75 80 98 s
86 11 20 30 36 41 49 54 63 67 73 76 79 83 84 88 89 95 99 100 s
87 6 7 12 21 34 36 46 47 54 59 63 70 71 73 74 88 s
88 9 10 12 16 25 30 35 42 49 50 53 55 69 71 78 86 87 99 100 s
89 3 4 5 8 9 11 13 23 26 30 36 43 47 49 50 51 53 64 66 67 68 73 80 82 86 91 93 s
90 3 5 13 15 18 23 25 26 27 28 38 45 46 47 48 56 57 61 67 71 72 75 77 81 83 91 93 s
91 8 9 10 16 18 23 24 29 30 41 54 56 62 65 68 69 70 71 73 74 81 84 89 90 93 s
92 1 6 7 10 13 16 26 36 45 49 52 53 55 57 63 65 66 74 78 79 80 81 82 96 s
93 2 7 9 13 14 15 21 35 36 37 45 48 53 59 63 67 70 72 77 78 80 81 83 89 90 91 96 s
94 1 3 11 12 15 18 20 21 24 25 26 27 32 38 45 49 52 55 57 59 69 72 73 82 96 100 s
95 3 4 10 14 27 31 34 36 40 41 42 47 54 56 58 61 64 67 73 76 83 86 97 98 s
96 2 5 6 11 14 17 21 27 28 39 40 42 45 50 53 63 68 70 76 80 81 92 93 94 97 98 s
97 8 9 16 17 19 21 22 26 36 40 42 43 50 51 55 60 61 67 70 71 74 78 81 84 95 96 98 s
98 3 14 18 19 22 24 25 28 31 34 35 37 43 44 46 47 52 58 59 61 64 65 69 73 77 78 85 95 96 97 s
99 2 3 4 8 13 15 28 35 52 54 55 57 65 68 70 74 79 81 86 88 s
100 2 3 4 5 8 10 13 20 22 30 31 38 39 44 48 51 53 58 62 68 82 86 88 94 s
