1 3 4 7 8 11 12 14 15 17 21 22 24 27 29 31 32 33 36 37 38 39 41 43 44 45 46 47 48 50 51 52 54 63 64 69 74 75 76 77 88 89 90 91 92 93 96 97 100 s
2 4 6 7 11 12 16 18 19 22 23 24 25 26 27 32 37 38 44 45 46 48 50 54 55 56 58 59 61 62 64 68 69 71 73 74 78 81 82 83 85 86 87 89 90 93 94 95 96 100 s
3 1 4 5 7 8 9 11 12 13 15 16 17 18 21 23 25 30 31 32 35 36 37 39 41 45 46 47 51 52 53 54 55 58 59 60 61 62 64 65 67 68 70 71 74 76 77 80 83 85 89 91 92 97 99 s
4 1 2 3 6 8 9 11 12 13 16 19 22 23 24 25 27 28 29 31 32 34 37 39 41 43 45 47 48 50 51 53 55 56 57 58 60 61 62 65 68 69 71 74 76 77 78 79 81 84 87 91 93 94 95 100 s
5 3 9 10 15 18 20 21 22 27 29 33 34 35 36 37 38 39 40 41 42 44 46 48 49 51 52 53 58 59 61 62 65 66 71 73 75 76 79 80 81 82 83 89 90 91 92 93 95 98 s
6 2 4 8 9 15 16 18 23 26 27 29 30 31 32 34 35 37 38 40 46 51 52 54 55 56 57 58 61 62 67 69 73 75 76 78 84 87 88 90 96 98 s
7 1 2 3 9 11 13 15 16 17 23 25 30 31 32 33 35 39 41 43 44 46 47 48 49 52 53 59 61 62 64 65 67 70 72 73 74 75 76 80 83 84 85 87 90 91 93 94 96 97 98 100 s
8 1 3 4 6 11 12 14 16 17 24 25 28 29 30 31 34 37 38 39 42 47 50 52 56 57 61 62 63 66 67 68 70 71 72 76 79 80 82 83 84 87 89 91 93 94 97 99 100 s
9 3 4 5 6 7 10 12 13 15 17 18 20 33 34 36 37 38 41 45 46 50 52 53 56 57 58 60 61 64 65 68 69 70 73 74 75 83 84 85 88 89 91 96 99 s
10 5 9 11 17 18 19 20 21 22 23 24 26 29 31 33 38 40 41 45 46 49 54 55 56 58 63 64 67 70 73 75 77 78 80 82 84 85 87 89 91 93 96 97 98 s
11 1 2 3 4 7 8 10 13 15 20 21 27 28 29 30 31 34 37 41 44 46 47 48 50 51 52 53 55 57 65 66 67 68 69 70 71 72 73 77 81 83 84 85 86 88 89 91 92 93 95 97 99 100 s
12 1 2 3 4 8 9 13 15 16 17 19 20 23 26 27 28 29 31 38 39 42 44 45 48 49 51 53 56 58 61 62 63 65 66 67 70 72 74 77 78 79 80 81 82 83 84 85 86 87 90 94 95 96 98 99 100 s
13 3 4 7 9 11 12 15 17 19 20 21 24 25 28 29 31 32 35 36 37 41 43 44 45 46 49 51 55 56 58 60 61 62 63 64 65 67 68 69 70 71 72 73 74 77 80 81 83 87 89 92 93 97 98 99 100 s
14 1 8 15 16 22 23 24 26 31 32 35 36 37 38 40 42 45 47 48 49 50 51 52 54 55 57 58 59 60 62 64 65 66 70 72 74 75 84 87 88 90 91 92 93 95 98 99 s
15 1 3 5 6 7 9 11 12 13 14 16 17 22 25 27 30 31 35 36 37 39 41 42 45 47 50 51 52 56 58 59 61 62 63 64 68 69 70 71 72 74 76 77 80 83 84 88 89 90 92 93 97 98 s
16 2 3 4 6 7 8 12 14 15 17 19 21 25 26 28 31 33 34 35 36 38 40 41 42 47 50 52 54 56 58 59 60 61 62 63 65 67 68 72 73 75 76 77 79 81 83 85 87 89 92 99 100 s
17 1 3 7 8 9 10 12 13 15 16 18 22 23 31 32 33 35 36 37 39 41 42 44 45 47 50 52 53 54 55 57 59 60 61 62 64 66 67 68 71 72 73 74 77 78 79 80 81 82 85 87 90 98 99 100 s
18 2 3 5 6 9 10 17 19 23 25 26 28 29 30 32 34 35 37 42 44 48 51 52 53 54 56 58 59 60 61 64 66 68 70 71 72 75 76 77 78 79 81 84 85 86 87 88 91 92 93 97 98 s
19 2 4 10 12 13 16 18 20 23 24 25 27 28 29 31 32 33 37 38 42 43 51 53 55 57 59 60 61 62 64 69 70 72 74 76 78 82 83 86 88 89 91 92 97 98 99 s
20 5 9 10 11 12 13 19 23 27 28 29 32 35 39 40 41 42 48 49 51 52 54 55 57 58 60 62 63 65 66 68 69 73 79 80 82 83 84 85 86 87 88 91 93 94 97 99 s
21 1 3 5 10 11 13 16 24 25 28 29 30 31 32 34 36 37 38 39 40 44 45 47 48 50 53 55 56 58 60 61 62 63 66 69 70 72 75 77 78 79 80 84 86 87 88 91 93 94 95 97 98 s
22 1 2 4 5 10 14 15 17 23 24 25 26 33 34 35 36 42 43 44 46 50 51 54 55 56 59 60 62 63 65 66 71 72 76 80 84 86 87 90 94 95 97 99 s
23 2 3 4 6 7 10 12 14 17 18 19 20 22 26 27 33 35 39 43 44 45 49 50 52 53 55 56 57 58 60 62 63 64 65 67 69 72 76 77 85 86 90 95 97 98 100 s
24 1 2 4 8 10 13 14 19 21 22 28 29 31 33 35 36 37 39 40 41 42 43 45 47 48 49 50 51 54 55 57 58 61 63 66 67 69 70 77 78 82 85 86 89 90 91 93 95 97 98 s
25 2 3 4 7 8 13 15 16 18 19 21 22 27 28 29 30 31 32 34 35 41 42 44 46 48 49 50 52 54 58 61 63 64 65 67 68 71 73 75 77 78 79 81 83 86 87 90 92 93 94 97 98 100 s
26 2 6 10 12 14 16 18 22 23 28 29 30 31 32 34 35 36 37 40 46 49 50 51 52 53 54 55 57 59 62 63 67 70 72 75 76 78 79 81 84 86 88 89 90 93 94 95 97 98 100 s
27 1 2 4 5 6 11 12 15 19 20 23 25 28 32 33 34 35 36 39 40 41 44 48 49 50 51 52 53 54 56 58 59 62 68 71 75 76 78 79 80 84 92 93 94 96 97 98 100 s
28 4 8 11 12 13 16 18 19 20 21 24 25 26 27 29 30 31 32 33 35 36 37 42 44 45 46 49 53 54 60 63 64 65 66 67 71 76 78 80 81 84 85 87 88 90 91 93 96 97 100 s
29 1 4 5 6 8 10 11 12 13 18 19 20 21 24 25 26 28 30 32 36 37 39 40 42 43 46 48 49 50 51 54 55 58 60 61 63 66 67 70 71 75 79 80 82 84 85 86 87 88 90 91 92 94 95 96 99 s
30 3 6 7 8 11 15 18 21 25 26 28 29 31 32 34 35 36 37 38 40 42 44 45 46 49 51 53 56 58 61 62 65 66 67 68 69 71 72 73 74 75 76 77 78 83 84 85 86 87 88 90 91 94 95 97 98 100 s
31 1 3 4 6 7 8 10 11 12 13 14 15 16 17 19 21 24 25 26 28 30 32 33 34 38 39 40 41 42 44 45 46 47 52 54 55 59 60 62 63 64 65 70 71 72 73 75 78 80 81 83 84 86 88 89 91 93 94 99 s
32 1 2 3 4 6 7 13 14 17 18 19 20 21 25 26 27 28 29 30 31 34 36 38 46 50 53 55 56 62 67 70 71 73 74 77 79 81 82 84 86 87 88 92 95 97 98 s
33 1 5 7 9 10 16 17 19 22 23 24 27 28 31 34 35 36 39 40 41 42 43 44 47 48 49 51 56 57 58 60 66 68 70 73 74 77 80 86 87 88 92 93 97 99 s
34 4 5 6 8 9 11 16 18 21 22 25 26 27 30 31 32 33 36 37 39 40 41 45 49 50 54 57 60 63 66 67 70 72 74 75 78 81 86 87 88 89 91 93 94 95 97 s
35 3 5 6 7 13 14 15 16 17 18 20 22 23 24 25 26 27 28 30 33 36 38 41 42 45 48 49 52 53 55 57 58 61 62 64 66 68 69 70 71 72 73 74 75 78 80 81 82 84 89 93 95 96 97 99 100 s
36 1 3 5 9 13 14 15 16 17 21 22 24 26 27 28 29 30 32 33 34 35 38 39 42 43 44 46 49 51 52 55 57 59 60 62 63 65 67 68 69 70 72 74 75 76 78 81 82 83 84 86 87 90 91 96 98 99 s
37 1 2 3 4 5 6 8 9 11 13 14 15 17 18 19 21 24 26 28 29 30 34 38 43 45 51 53 57 60 63 64 65 66 68 70 71 72 73 74 76 78 80 81 83 87 88 89 91 92 95 96 97 98 99 100 s
38 1 2 5 6 8 9 10 12 14 16 19 21 30 31 32 35 36 37 39 41 43 44 46 49 51 52 53 54 55 56 60 61 63 65 67 72 73 74 75 77 80 81 82 83 85 87 89 91 94 96 97 s
39 1 3 4 5 7 8 12 15 17 20 21 23 24 27 29 31 33 34 36 38 42 43 48 49 50 52 53 54 56 59 60 62 67 68 69 70 71 72 74 78 79 83 84 88 90 91 94 96 97 98 99 100 s
40 5 6 10 14 16 20 21 24 26 27 29 30 31 33 34 41 42 43 44 47 51 54 56 57 58 62 63 65 66 67 70 74 75 76 81 82 83 84 87 92 94 98 99 100 s
41 1 3 4 5 7 9 10 11 13 15 16 17 20 24 25 27 31 33 34 35 38 40 43 48 49 51 53 55 58 59 63 64 69 70 71 72 76 80 81 82 86 88 91 93 94 98 99 100 s
42 5 8 12 14 15 16 17 18 19 20 22 24 25 28 29 30 31 33 35 36 39 40 43 44 47 49 51 52 54 55 56 57 58 60 62 63 64 65 70 71 72 78 79 80 83 84 91 93 95 98 99 s
43 1 4 7 13 19 22 23 24 29 33 36 37 38 39 40 41 42 44 46 48 49 50 51 52 53 57 58 59 60 61 62 63 64 66 67 68 69 71 72 77 79 82 83 88 89 93 95 96 97 100 s
44 1 2 5 7 11 12 13 17 18 21 22 23 25 27 28 30 31 33 36 38 40 42 43 45 47 51 52 53 55 56 58 60 61 62 64 65 66 68 69 73 74 78 81 82 83 86 87 88 89 90 91 93 97 98 s
45 1 2 3 4 9 10 12 13 14 15 17 21 23 24 28 30 31 34 35 37 44 46 47 48 50 52 56 58 59 60 63 67 69 72 73 75 77 78 79 85 88 93 94 98 99 100 s
46 1 2 3 5 6 7 9 10 11 13 22 25 26 28 29 30 31 32 36 38 43 45 49 50 54 55 58 61 64 65 66 71 74 77 80 83 89 92 94 96 98 s
47 1 3 4 7 8 11 14 15 16 17 21 24 31 33 40 42 44 45 50 52 54 58 60 62 63 65 67 68 69 71 73 76 77 78 80 81 82 85 87 90 91 92 93 94 95 98 99 100 s
48 1 2 4 5 7 11 12 14 18 20 21 24 25 27 29 33 35 39 41 43 45 49 51 54 55 56 57 58 63 70 72 73 74 76 78 79 83 86 89 92 100 s
49 5 7 10 12 13 14 20 23 24 25 26 27 28 29 30 33 34 35 36 38 39 41 42 43 46 48 50 52 54 57 59 60 61 63 64 67 72 74 77 78 80 81 82 84 85 87 88 89 90 92 93 94 97 99 s
50 1 2 4 8 9 11 14 15 16 17 21 22 23 24 25 26 27 29 32 34 39 43 45 46 47 49 51 52 54 56 57 59 60 70 73 74 75 78 79 80 82 86 87 89 90 94 95 96 100 s
51 1 3 4 5 6 11 12 13 14 15 18 19 20 22 24 26 27 29 30 33 36 37 38 40 41 42 43 44 48 50 52 53 54 57 58 59 62 67 69 71 73 74 75 77 78 79 81 82 85 87 88 89 90 95 96 98 100 s
52 1 3 5 6 7 8 9 11 14 15 16 17 18 20 23 25 26 27 31 35 36 38 39 42 43 44 45 47 49 50 51 54 55 59 63 65 66 71 72 74 75 76 77 78 80 82 85 86 89 90 91 92 93 95 96 98 99 100 s
53 3 4 5 7 9 11 12 17 18 19 21 23 26 27 28 30 32 35 37 38 39 41 43 44 51 55 59 60 63 64 65 69 70 71 72 73 74 76 78 81 82 86 88 95 96 98 s
54 1 2 3 6 10 14 16 17 18 20 22 24 25 26 27 28 29 31 34 38 39 40 42 46 47 48 49 50 51 52 56 57 58 59 60 61 64 65 66 71 73 74 77 85 87 89 90 93 94 96 97 99 s
55 2 3 4 6 10 11 13 14 17 19 20 21 22 23 24 26 29 31 32 35 36 38 41 42 44 46 48 52 53 58 59 62 63 69 72 74 75 77 79 81 83 84 85 88 91 94 99 100 s
56 2 4 6 8 9 10 12 13 15 16 18 21 22 23 27 30 32 33 38 39 40 42 44 45 48 50 54 58 60 61 62 63 64 70 71 73 76 77 79 87 88 89 90 91 94 s
57 4 6 8 9 11 14 17 19 20 23 24 26 33 34 35 36 37 40 42 43 48 49 50 51 54 58 64 67 70 73 76 78 79 83 84 85 89 91 92 93 96 97 s
58 2 3 4 5 6 9 10 12 13 14 15 16 18 20 21 23 24 25 27 29 30 33 35 40 41 42 43 44 45 46 47 48 51 54 55 56 57 59 60 61 64 66 70 73 75 76 77 80 81 84 85 87 91 92 93 95 96 98 s
59 2 3 5 7 14 15 16 17 18 19 22 26 27 31 36 39 41 43 45 49 50 51 52 53 54 55 58 62 63 64 68 70 71 72 73 75 76 77 79 80 82 84 85 86 87 88 93 95 s
60 3 4 9 13 14 16 17 18 19 20 21 22 23 28 29 31 33 34 36 37 38 39 42 43 44 45 47 49 50 53 54 56 58 61 65 66 67 71 73 74 75 77 78 79 80 81 83 84 85 89 91 94 97 99 100 s
61 2 3 4 5 6 7 8 9 12 13 15 16 17 18 19 21 24 25 29 30 35 38 43 44 46 49 54 56 58 60 62 64 66 68 71 75 76 79 81 82 83 87 89 90 91 92 94 95 98 s
62 2 3 4 5 6 7 8 12 13 14 15 16 17 19 20 21 22 23 26 27 30 31 32 35 36 39 40 42 43 44 47 51 55 56 59 61 63 64 66 68 70 74 76 78 79 80 81 85 86 87 88 89 91 93 95 96 98 100 s
63 1 8 10 12 13 15 16 20 21 22 23 24 25 26 28 29 31 34 36 37 38 40 41 42 43 45 47 48 49 52 53 55 56 59 62 66 70 73 74 76 77 80 83 91 92 93 96 97 98 99 100 s
64 1 2 3 7 9 10 13 14 15 17 18 19 23 25 28 31 35 37 41 42 43 44 46 49 53 54 56 57 58 59 61 62 65 68 69 73 75 76 77 78 79 81 82 85 87 88 93 94 95 98 100 s
65 3 4 5 7 9 11 12 13 14 16 20 22 23 25 28 30 31 36 37 38 40 42 44 46 47 52 53 54 60 64 67 68 71 72 73 74 76 77 78 80 81 82 84 85 86 91 92 93 95 98 99 100 s
66 5 8 11 12 14 17 18 20 21 22 24 28 29 30 33 34 35 37 40 43 44 46 52 54 58 60 61 62 63 67 68 70 71 73 74 77 78 79 81 82 83 90 91 92 95 98 100 s
67 3 6 7 8 10 11 12 13 16 17 23 24 25 26 28 29 30 32 34 36 38 39 40 43 45 47 49 51 57 60 65 66 68 70 71 72 74 75 81 82 83 85 88 89 97 98 99 s
68 2 3 4 8 9 11 13 15 16 17 18 20 25 27 30 33 35 36 37 39 43 44 47 59 61 62 64 65 66 67 72 74 75 78 80 83 86 89 90 92 96 97 98 s
69 1 2 4 6 9 11 13 15 19 20 21 23 24 30 35 36 39 41 43 44 45 47 51 53 55 64 76 77 78 79 82 83 84 88 90 91 92 93 95 98 100 s
70 3 7 8 9 10 11 12 13 14 15 18 19 21 24 26 29 31 32 33 34 35 36 37 39 40 41 42 48 50 53 56 57 58 59 62 63 66 67 71 72 73 74 75 78 85 88 90 91 92 93 95 98 s
71 2 3 4 5 8 11 13 15 17 18 22 25 27 28 29 30 31 32 35 37 39 41 42 43 46 47 51 52 53 54 56 59 60 61 65 66 67 70 72 73 76 78 79 82 83 84 88 89 92 93 96 97 99 s
72 7 8 11 12 13 14 15 16 17 18 19 21 22 23 26 30 31 34 35 36 37 38 39 41 42 43 45 48 49 52 53 55 59 65 67 68 70 71 73 76 78 79 82 83 84 85 86 87 89 90 91 94 95 96 s
73 2 5 6 7 9 10 11 13 16 17 20 25 30 31 32 33 35 37 38 44 45 47 48 50 51 53 54 56 57 58 59 60 63 64 65 66 70 71 72 76 77 78 79 82 85 89 90 92 95 99 s
74 1 2 3 4 7 9 12 13 14 15 17 19 30 32 33 34 35 36 37 38 39 40 44 46 48 49 50 51 52 53 54 55 60 62 63 65 66 67 68 70 75 77 78 83 84 88 90 91 93 95 96 97 100 s
75 1 5 6 7 9 10 14 16 18 21 25 26 27 29 30 31 34 35 36 38 40 45 50 51 52 55 58 59 60 61 64 67 68 70 74 77 80 81 82 83 84 88 89 90 92 98 99 100 s
76 1 3 4 5 6 7 8 15 16 18 19 22 23 26 27 28 30 36 37 40 41 47 48 52 53 56 57 58 59 61 62 63 64 65 69 71 72 73 80 86 87 89 90 92 93 94 96 97 98 100 s
77 1 3 4 10 11 12 13 15 16 17 18 21 23 24 25 30 32 33 38 43 45 46 47 49 51 52 54 55 56 58 59 60 63 64 65 66 69 73 74 75 78 80 81 84 88 89 92 94 96 98 99 100 s
78 2 4 6 10 12 17 18 19 21 24 25 26 27 28 30 31 34 35 36 37 39 42 44 45 47 48 49 50 51 52 53 57 60 62 64 65 66 68 69 70 71 72 73 74 77 79 81 84 86 87 89 90 91 93 94 96 98 100 s
79 4 5 8 12 16 17 18 20 21 25 26 27 29 32 39 42 43 45 48 50 51 55 56 57 59 60 61 62 64 66 69 71 72 73 78 81 83 84 90 91 92 96 97 98 100 s
80 3 5 7 8 10 12 13 15 17 20 21 22 27 28 29 31 33 35 37 38 41 42 46 47 49 50 52 58 59 60 62 63 65 68 75 76 77 81 83 87 88 89 92 95 98 s
81 2 4 5 11 12 13 16 17 18 25 26 28 31 32 34 35 36 37 38 40 41 44 47 49 51 53 55 58 60 61 62 64 65 66 67 75 77 78 79 80 83 84 85 87 91 93 94 96 s
82 2 5 8 10 12 17 19 20 24 29 32 35 36 38 40 41 43 44 47 49 50 51 52 53 59 61 64 65 66 67 69 71 72 73 75 83 87 88 90 93 94 96 98 99 s
83 2 3 5 7 8 9 11 12 13 15 16 19 20 25 30 31 36 37 38 39 40 42 43 44 46 48 55 57 60 61 63 66 67 68 69 71 72 74 75 79 80 81 82 85 86 87 88 90 91 93 94 96 98 s
84 4 6 7 8 9 10 11 12 14 15 18 20 21 22 26 27 28 29 30 31 32 35 36 39 40 42 49 55 57 58 59 60 65 69 71 72 74 75 77 78 79 81 86 88 89 91 93 94 95 96 98 99 100 s
85 2 3 7 9 10 11 12 16 17 18 20 23 24 28 29 30 38 45 47 49 51 52 54 55 57 58 59 60 62 64 65 67 70 72 73 81 83 86 87 89 91 92 93 94 95 96 100 s
86 2 11 12 18 19 20 21 22 23 24 25 26 29 30 31 32 33 34 36 41 44 48 50 52 53 59 62 65 68 72 76 78 83 84 85 90 92 94 96 99 s
87 2 4 6 7 8 10 12 13 14 16 17 18 20 21 22 25 28 29 30 32 33 34 36 37 38 40 44 47 49 50 51 54 56 58 59 61 62 64 72 76 78 80 81 82 83 85 89 90 91 94 96 97 99 s
88 1 6 9 11 14 15 18 19 20 21 26 28 29 30 31 32 33 34 37 39 41 43 44 45 49 51 53 55 56 59 62 64 67 69 70 71 74 75 77 80 82 83 84 89 91 92 93 94 97 98 100 s
89 1 2 3 5 8 9 10 11 13 15 16 19 24 26 31 34 35 37 38 43 44 46 48 49 50 51 52 54 56 57 60 61 62 67 68 71 72 73 75 76 77 78 80 84 85 87 88 91 94 99 s
90 1 2 5 6 7 12 14 15 17 22 23 24 25 26 28 29 30 36 39 44 47 49 50 51 52 54 56 61 66 68 69 70 72 73 74 75 76 78 79 82 83 86 87 93 95 96 98 s
91 1 3 4 5 7 8 9 10 11 14 18 19 20 21 24 28 29 30 31 34 36 37 38 39 41 42 44 47 52 55 56 57 58 60 61 62 63 65 66 69 70 72 74 78 79 81 83 84 85 87 88 89 92 94 96 97 98 s
92 1 3 5 11 13 14 15 16 18 19 25 27 29 32 33 37 40 46 47 48 49 52 57 58 61 63 65 66 68 69 70 71 73 75 76 77 79 80 85 86 88 91 93 94 97 98 100 s
93 1 2 4 5 7 8 10 11 13 14 15 18 20 21 24 25 26 27 28 31 33 34 35 41 42 43 44 45 47 49 52 54 57 58 59 62 63 64 65 69 70 71 74 76 78 81 82 83 84 85 88 90 92 96 97 99 100 s
94 2 4 7 8 12 20 21 22 25 26 27 29 30 31 34 38 39 40 41 45 46 47 49 50 54 55 56 60 61 64 72 76 77 78 81 82 83 84 85 86 87 88 89 91 92 95 96 98 100 s
95 2 4 5 11 12 14 21 22 23 24 26 29 30 32 34 35 37 42 43 47 50 51 52 53 58 59 61 62 64 65 66 69 70 72 73 74 80 84 85 90 94 96 97 s
96 1 2 6 7 9 10 12 27 28 29 35 36 37 38 39 43 46 50 51 52 53 54 57 58 62 63 68 71 72 74 76 77 78 79 81 82 83 84 85 86 87 90 91 93 94 95 98 99 100 s
97 1 3 7 8 10 11 13 15 18 19 20 21 22 23 24 25 26 27 28 30 32 33 34 35 37 38 39 43 44 49 54 57 60 63 67 68 71 74 76 79 87 88 91 92 93 95 98 99 100 s
98 5 6 7 10 12 13 14 15 17 18 19 21 23 24 25 26 27 30 32 36 37 39 40 41 42 44 45 46 47 51 52 53 58 61 62 63 64 65 66 67 68 69 70 75 76 77 78 79 80 82 83 84 88 90 91 92 94 96 97 s
99 3 8 9 11 12 13 14 16 17 19 20 22 29 31 33 35 36 37 39 40 41 42 45 47 49 52 54 55 60 63 65 67 71 73 75 77 82 84 86 87 89 93 96 97 s
100 1 2 4 7 8 11 12 13 16 17 23 25 26 27 28 30 35 37 39 40 41 43 45 47 48 50 51 52 55 60 62 63 64 65 66 69 74 75 76 77 78 79 84 85 88 92 93 94 96 97 s
