1 7 10 15 16 17 18 19 20 22 23 25 26 27 28 29 33 34 35 37 40 41 47 49 51 52 53 56 57 59 60 63 64 65 70 71 73 74 75 76 78 79 81 83 85 86 87 88 90 92 94 96 99 s
2 5 8 9 10 11 13 14 17 20 26 28 30 32 35 37 38 39 43 44 45 46 47 48 52 53 54 55 56 57 60 61 62 63 64 65 67 68 71 74 75 78 79 80 81 82 85 86 87 88 89 90 91 93 95 97 98 99 100 s
3 5 6 9 11 17 19 20 21 25 26 27 29 30 32 33 36 38 40 42 43 49 50 52 54 55 58 59 60 62 66 73 74 75 79 81 84 85 86 87 89 90 91 92 97 98 100 s
4 5 7 10 13 14 15 16 19 22 23 24 26 27 28 30 31 32 34 37 39 40 41 43 44 45 49 50 52 55 58 59 61 62 63 64 65 67 69 71 75 77 79 80 81 86 87 89 91 93 95 96 99 100 s
5 2 3 4 7 8 12 13 14 15 17 18 22 23 24 25 26 29 30 32 33 34 35 36 38 40 41 43 44 45 50 51 52 54 59 60 61 63 64 69 70 71 73 74 75 76 77 78 79 80 83 89 90 94 99 100 s
6 3 10 13 15 16 18 19 20 21 25 26 27 29 30 31 33 37 42 43 45 46 49 50 51 54 57 58 62 64 65 66 69 72 73 75 77 81 82 84 85 86 89 90 92 93 96 97 98 99 100 s
7 1 4 5 8 9 10 16 18 19 21 23 25 26 28 31 34 36 39 42 43 44 45 46 49 50 52 53 55 57 59 61 62 66 67 68 69 72 73 75 77 81 82 83 84 85 86 90 94 95 96 98 99 100 s
8 2 5 7 11 12 13 14 15 16 17 20 22 25 26 29 31 32 40 43 48 50 54 62 63 64 65 69 72 73 74 75 76 78 79 80 81 83 84 85 87 88 89 97 99 100 s
9 2 3 7 10 11 12 14 18 20 22 25 27 28 29 30 34 35 36 38 39 43 44 46 48 50 51 53 54 55 56 57 60 62 63 64 66 67 70 72 74 76 77 84 85 86 88 89 91 92 93 96 97 98 99 100 s
10 1 2 4 6 7 9 11 12 13 15 16 17 18 19 20 22 25 26 27 30 32 35 37 38 39 40 45 47 50 51 52 54 58 59 60 61 62 63 64 66 67 68 70 71 73 74 75 79 80 87 88 90 91 92 93 94 96 97 s
11 2 3 8 9 10 15 16 18 20 22 28 29 34 35 36 37 38 39 41 42 43 45 46 49 54 59 60 61 62 63 64 65 67 68 69 71 72 73 74 75 78 79 80 81 82 84 87 92 93 95 96 97 100 s
12 5 8 9 10 13 15 21 23 25 27 29 31 32 33 36 41 42 43 45 46 48 49 50 52 54 55 56 57 58 59 61 63 66 68 69 72 74 75 76 77 79 80 81 86 88 89 92 93 94 95 96 97 98 100 s
13 2 4 5 6 8 10 12 14 16 17 19 20 21 23 26 27 28 30 31 33 34 39 40 41 43 47 48 51 52 55 58 61 63 65 66 67 68 69 70 73 75 81 82 83 85 87 88 95 96 99 s
14 2 4 5 8 9 13 17 18 21 22 23 25 26 31 33 34 36 41 42 43 45 47 48 49 50 51 54 57 58 59 61 63 64 65 66 69 71 73 75 76 79 84 85 86 88 89 93 94 97 98 99 100 s
15 1 4 5 6 8 10 11 12 17 18 20 21 23 25 26 30 33 34 35 36 37 40 42 43 44 47 49 50 51 53 55 58 59 60 62 64 65 67 70 75 76 77 80 81 82 83 85 86 87 88 89 90 91 94 97 98 99 100 s
16 1 4 6 7 8 10 11 13 20 24 25 27 31 32 36 37 38 39 40 42 44 50 51 54 55 56 57 58 59 60 62 64 66 69 71 72 73 75 76 77 78 82 83 93 95 s
17 1 2 3 5 8 10 13 14 15 18 19 22 23 26 27 28 29 30 34 35 39 40 42 44 45 47 48 52 53 54 59 61 65 67 69 70 72 74 75 77 78 79 85 87 89 91 98 s
18 1 5 6 7 9 10 11 14 15 17 19 22 23 24 25 27 28 30 31 32 33 35 36 37 38 42 43 44 46 48 49 50 51 54 59 62 64 68 69 71 73 75 77 78 79 81 83 84 86 91 97 98 99 s
19 1 3 4 6 7 10 13 17 18 20 21 22 27 29 31 32 35 36 37 42 46 47 48 55 56 58 59 60 62 64 65 66 67 69 71 73 74 76 77 80 81 82 83 86 87 89 91 93 94 s
20 1 2 3 6 8 9 10 11 13 15 16 19 25 26 27 29 30 31 32 33 34 35 37 40 44 45 46 47 48 53 55 57 58 60 61 62 66 67 70 73 75 76 77 82 88 99 100 s
21 3 6 7 12 13 14 15 19 22 23 24 25 27 28 30 32 33 34 35 36 37 38 39 42 43 44 46 49 50 53 55 56 59 62 65 66 67 69 70 72 73 75 77 78 84 87 88 91 92 93 96 97 100 s
22 1 4 5 8 9 10 11 14 17 18 19 21 23 27 30 31 32 34 36 37 39 40 41 42 46 48 50 52 55 56 57 59 60 61 62 63 65 67 70 71 74 75 78 79 80 81 84 86 90 91 95 96 100 s
23 1 4 5 7 12 13 14 15 17 18 21 22 24 31 33 35 36 38 39 40 42 43 44 47 48 49 51 53 54 57 58 61 63 73 74 79 81 83 84 86 87 93 99 s
24 4 5 16 18 21 23 25 26 27 28 29 33 34 36 37 38 40 43 44 46 47 48 49 50 51 52 55 59 61 62 63 71 73 74 77 78 79 83 84 85 86 88 89 90 91 94 97 99 100 s
25 1 3 5 6 7 8 9 10 12 14 15 16 18 20 21 24 28 29 30 32 33 36 37 39 41 42 44 45 48 51 53 54 56 60 61 63 65 66 67 70 74 75 79 80 81 83 84 85 88 93 95 96 98 100 s
26 1 2 3 4 5 6 7 8 10 13 14 15 17 20 24 29 33 34 35 41 44 48 51 52 54 55 58 63 65 66 68 72 73 74 76 77 78 79 82 84 85 86 87 91 92 94 96 100 s
27 1 3 4 6 9 10 12 13 16 17 18 19 20 21 22 24 28 31 32 33 34 36 37 39 41 45 46 50 52 53 54 55 56 57 61 66 68 69 71 73 74 75 76 79 80 81 84 85 87 88 93 94 100 s
28 1 2 4 7 9 11 13 17 18 21 24 25 27 29 32 33 38 42 43 44 47 49 50 53 54 55 58 59 61 62 63 64 66 67 69 72 75 76 78 79 80 81 82 88 90 92 97 99 100 s
29 1 3 5 6 8 9 11 12 17 19 20 24 25 26 28 30 32 33 35 37 38 39 40 45 46 47 51 52 53 56 57 58 59 63 69 70 71 74 78 79 81 82 87 89 91 92 93 95 98 100 s
30 2 3 4 5 6 9 10 13 15 17 18 20 21 22 25 29 31 32 35 38 40 41 43 44 45 47 49 50 55 59 61 66 68 70 72 73 80 83 84 85 86 88 90 91 93 100 s
31 4 6 7 8 12 13 14 16 18 19 20 22 23 27 30 32 33 36 37 38 40 41 42 43 44 48 55 56 57 59 63 65 69 75 76 81 82 83 86 87 88 89 90 91 92 93 94 95 97 100 s
32 2 3 4 5 8 10 12 16 18 19 20 21 22 25 27 28 29 30 31 33 36 38 39 41 55 56 59 61 63 64 66 67 70 75 76 77 78 80 85 86 88 89 91 94 99 100 s
33 1 3 5 6 12 13 14 15 18 20 21 23 24 25 26 27 28 29 31 32 35 38 39 40 42 43 45 47 49 50 52 53 54 56 59 60 64 67 69 71 72 73 76 77 80 83 84 85 86 91 92 94 95 96 97 100 s
34 1 4 5 7 9 11 13 14 15 17 20 21 22 24 26 27 35 36 37 39 49 52 53 54 59 60 63 65 68 72 73 74 75 76 78 80 81 83 84 85 87 88 93 94 95 98 99 s
35 1 2 5 9 10 11 15 17 18 19 20 21 23 26 29 30 33 34 37 39 40 42 43 44 45 50 53 58 60 61 64 67 69 70 71 72 74 75 77 78 80 82 83 88 92 93 97 98 s
36 3 5 7 9 11 12 14 15 16 18 19 21 22 23 24 25 27 31 32 34 39 42 43 49 51 52 53 55 56 57 60 63 66 67 68 70 71 73 75 76 77 78 81 83 86 88 89 93 97 98 99 s
37 1 2 4 6 10 11 15 16 18 19 20 21 22 24 25 27 29 31 34 35 38 39 43 44 45 46 48 50 51 52 53 54 58 67 68 70 71 73 74 75 76 77 79 80 81 82 83 84 85 86 87 88 91 92 93 95 98 99 100 s
38 2 3 5 9 10 11 16 18 21 23 24 28 29 30 31 32 33 37 40 41 43 47 52 54 55 56 57 62 64 66 68 71 72 74 77 78 79 82 83 85 86 87 88 89 91 92 93 95 97 s
39 2 4 7 9 10 11 13 16 17 21 22 23 25 27 29 32 33 34 35 36 37 42 43 44 48 49 51 52 53 56 58 64 65 67 68 69 70 72 76 77 79 82 83 90 91 92 93 94 96 97 98 99 s
40 1 3 4 5 8 10 13 15 16 17 20 22 23 24 29 30 31 33 35 38 41 44 50 51 54 55 56 60 63 64 65 66 68 70 71 73 74 75 77 79 80 83 87 91 93 94 98 99 s
41 1 4 5 11 12 13 14 22 25 26 27 30 31 32 38 40 45 47 51 52 53 56 58 59 61 62 65 69 70 71 73 74 76 77 78 83 85 86 87 88 89 90 93 94 95 96 98 99 s
42 3 6 7 11 12 14 15 16 17 18 19 21 22 23 25 28 31 33 35 36 39 44 46 48 50 51 52 54 60 61 65 66 68 69 71 73 74 79 84 88 89 90 91 94 97 98 100 s
43 2 3 4 5 6 7 8 9 11 12 13 14 15 18 21 23 24 28 30 31 33 35 36 37 38 39 44 45 46 47 48 49 52 53 55 57 59 60 62 63 64 65 66 67 72 73 74 76 79 82 86 89 90 91 94 96 s
44 2 4 5 7 9 15 16 17 18 20 21 23 24 25 26 28 30 31 35 37 39 40 42 43 45 48 50 53 54 55 56 57 59 60 62 63 64 65 68 69 70 72 74 75 76 77 79 81 82 83 84 88 90 92 93 97 99 100 s
45 2 4 5 6 7 10 11 12 14 17 20 25 27 29 30 33 35 37 41 43 44 48 51 56 59 60 61 62 67 71 73 78 79 81 82 84 85 86 87 88 89 92 93 94 95 98 100 s
46 2 6 7 9 11 12 18 19 20 21 22 24 27 29 37 42 43 52 53 55 56 58 62 63 65 66 67 70 73 74 76 78 81 83 88 90 93 94 95 96 s
47 1 2 10 13 14 15 17 19 20 23 24 28 29 30 33 38 41 43 48 49 51 52 53 54 59 62 63 64 66 67 68 75 77 78 80 81 82 83 84 85 86 89 90 91 92 93 94 95 96 97 98 99 100 s
48 2 8 9 12 13 14 17 18 19 20 22 23 24 25 26 31 37 39 42 43 44 45 47 50 51 52 55 57 59 66 73 77 78 81 82 85 86 92 94 95 97 99 s
49 1 3 4 6 7 11 12 14 15 18 21 23 24 28 30 33 34 36 39 43 47 50 51 53 55 57 58 59 63 68 69 70 72 74 77 78 80 81 82 84 87 89 90 91 93 94 97 98 s
50 3 4 5 6 7 8 9 10 12 14 15 16 18 21 22 24 27 28 30 33 35 37 40 42 44 48 49 51 52 53 54 56 58 60 61 62 64 65 66 73 74 77 84 85 87 88 90 91 94 99 100 s
51 1 5 6 9 10 13 14 15 16 18 23 24 25 26 29 36 37 39 40 41 42 45 47 48 49 50 52 53 54 55 56 58 59 61 62 63 66 68 69 71 72 73 74 75 76 77 78 79 80 81 82 83 85 87 88 90 92 95 96 99 s
52 1 2 3 4 5 7 10 12 13 17 22 24 26 27 29 33 34 36 37 38 39 41 42 43 46 47 48 50 51 53 54 55 56 57 59 62 64 69 70 72 73 78 80 82 88 89 91 92 94 95 96 97 s
53 1 2 7 9 15 17 20 21 23 25 27 28 29 33 34 35 36 37 39 41 43 44 46 47 49 50 51 52 54 56 58 60 65 67 68 69 72 75 79 80 82 83 85 86 87 90 93 95 97 98 99 s
54 2 3 5 6 8 9 10 11 12 14 16 17 18 23 25 26 27 28 33 34 37 38 40 42 44 47 50 51 52 53 59 62 65 66 68 69 70 71 72 79 81 82 85 88 89 95 98 99 s
55 2 3 4 7 9 12 13 15 16 19 20 21 22 24 26 27 28 30 31 32 36 38 40 43 44 46 48 49 51 52 56 57 59 60 62 65 69 70 71 72 77 80 83 86 87 88 90 95 96 98 s
56 1 2 9 12 16 19 21 22 25 27 29 31 32 33 36 38 39 40 41 44 45 46 50 51 52 53 55 59 61 62 63 65 66 68 70 74 75 80 83 87 88 90 95 96 98 99 100 s
57 1 2 6 7 9 12 14 16 20 22 23 27 29 31 36 38 43 44 48 49 52 55 58 59 61 62 68 69 73 74 75 76 80 81 82 83 85 87 88 90 95 97 98 s
58 3 4 6 10 12 13 14 15 16 19 20 23 26 28 29 35 37 39 41 46 49 50 51 53 57 59 60 61 64 65 70 73 75 77 79 80 84 85 86 89 94 95 96 98 99 100 s
59 1 3 4 5 7 10 11 12 14 15 16 17 18 19 21 22 24 28 29 30 31 32 33 34 41 43 44 45 47 48 49 51 52 54 55 56 57 58 60 62 63 64 67 71 72 75 76 78 82 83 85 86 89 91 94 96 98 100 s
60 1 2 3 5 9 10 11 15 16 19 20 22 25 33 34 35 36 40 42 43 44 45 50 53 55 58 59 61 62 63 66 67 68 69 70 71 73 74 75 76 79 84 88 89 91 92 94 97 98 99 100 s
61 2 4 5 7 10 11 12 13 14 17 20 22 23 24 25 27 28 30 32 35 41 42 45 50 51 56 57 58 60 62 63 67 69 71 74 75 76 77 78 79 82 84 91 92 94 95 96 97 s
62 2 3 4 6 7 8 9 10 11 15 16 18 19 20 21 22 24 28 38 41 43 44 45 46 47 50 51 52 54 55 56 57 59 60 61 64 66 67 69 70 71 74 76 77 80 86 89 91 92 97 98 100 s
63 1 2 4 5 8 9 10 11 12 13 14 22 23 24 25 26 28 29 31 32 34 36 40 43 44 46 47 49 51 56 59 60 61 69 70 73 79 80 81 82 84 85 86 88 89 92 93 96 98 99 100 s
64 1 2 4 5 6 8 9 10 11 14 15 16 18 19 28 32 33 35 38 39 40 43 44 47 50 52 58 59 62 65 68 69 70 77 78 80 84 85 87 88 92 98 s
65 1 2 4 6 8 11 13 14 15 17 19 21 22 25 26 31 34 39 40 41 42 43 44 46 50 53 54 55 56 58 64 69 70 71 73 75 76 78 84 85 86 87 89 90 92 93 95 98 s
66 3 6 7 9 10 12 13 14 16 19 20 21 25 26 27 28 30 32 36 38 40 42 43 46 47 48 50 51 54 56 60 62 68 71 72 74 75 76 77 80 81 83 84 86 87 90 94 95 s
67 2 4 7 9 10 11 13 15 17 19 20 21 22 25 28 32 33 35 36 37 39 43 45 46 47 53 59 60 61 62 70 71 73 75 76 77 78 80 81 82 83 85 86 87 89 90 91 92 94 96 100 s
68 2 7 10 11 12 13 18 26 27 30 34 36 37 38 39 40 42 44 47 49 51 53 54 56 57 60 64 66 69 72 73 74 76 79 80 81 82 83 84 85 89 90 91 92 94 95 97 98 s
69 4 5 6 7 8 11 12 13 14 16 17 18 19 21 27 28 29 31 33 35 39 41 42 44 49 51 52 53 54 55 57 60 61 62 63 64 65 68 70 74 80 83 84 87 92 93 95 96 98 100 s
70 1 5 9 10 13 15 17 20 21 22 25 29 30 32 35 36 37 39 40 41 44 46 49 52 54 55 56 58 60 62 63 64 65 67 69 72 73 74 75 76 77 78 80 82 83 84 90 91 92 93 94 95 97 s
71 1 2 4 5 10 11 14 16 18 19 22 24 27 29 33 35 36 37 38 40 41 42 45 51 54 55 59 60 61 62 65 66 67 76 77 80 81 83 86 88 89 91 92 94 96 99 s
72 6 7 8 9 11 12 16 17 21 26 28 30 33 34 35 38 39 43 44 49 51 52 53 54 55 59 66 68 70 77 79 81 83 84 85 90 92 94 98 99 100 s
73 1 3 5 6 7 8 10 11 13 14 16 18 19 20 21 23 24 26 27 30 33 34 36 37 40 41 42 43 45 46 48 50 51 52 57 58 60 63 65 67 68 70 75 77 78 81 82 85 91 93 94 95 96 97 98 99 100 s
74 1 2 3 5 8 9 10 11 12 17 19 22 23 24 25 26 27 29 34 35 37 38 40 41 42 43 44 46 49 50 51 56 57 60 61 62 66 68 69 70 77 80 84 86 90 91 94 96 98 100 s
75 1 2 3 4 5 6 7 8 10 11 12 13 14 15 16 17 18 20 21 22 25 27 28 31 32 34 35 36 37 40 44 47 51 53 56 57 58 59 60 61 65 66 67 70 73 78 79 80 84 86 87 89 90 91 92 93 95 96 s
76 1 5 8 9 12 14 15 16 19 20 26 27 28 31 32 33 34 36 37 39 41 43 44 46 51 57 59 60 61 62 65 66 67 68 70 71 79 83 84 85 87 88 94 95 96 98 99 100 s
77 4 5 6 7 9 12 15 16 17 18 19 20 21 24 26 32 33 35 36 37 38 39 40 41 44 47 48 49 50 51 55 58 61 62 64 66 67 70 71 72 73 74 79 81 82 85 86 88 89 92 94 95 96 98 s
78 1 2 5 8 11 16 17 18 21 22 24 26 28 29 32 34 35 36 38 41 45 46 47 48 49 51 52 59 61 64 65 67 70 73 75 85 86 87 88 89 91 92 93 94 95 96 97 s
79 1 2 3 4 5 8 10 11 12 14 17 18 22 23 24 25 26 27 28 29 37 38 39 40 42 43 44 45 51 53 54 58 60 61 63 68 72 75 76 77 81 84 85 89 93 94 95 96 97 98 s
80 2 4 5 8 10 11 12 15 19 22 25 27 28 30 32 33 34 35 37 40 47 49 51 52 53 55 56 57 58 62 63 64 66 67 68 69 70 71 74 75 81 82 83 88 90 92 95 97 98 99 100 s
81 1 2 3 4 6 7 8 11 12 13 15 18 19 22 23 25 27 28 29 31 34 36 37 44 45 46 47 48 49 51 54 57 63 66 67 68 71 72 73 77 79 80 82 86 87 88 89 90 92 93 94 99 100 s
82 2 6 7 11 13 15 16 19 20 26 28 29 31 35 37 38 39 43 44 45 47 48 49 51 52 53 54 57 59 61 63 67 68 70 73 77 80 81 86 88 91 92 94 97 99 s
83 1 5 7 8 13 15 16 18 19 23 24 25 30 31 33 34 35 36 37 38 39 40 41 44 46 47 51 53 55 56 57 59 66 67 68 69 70 71 72 76 80 84 85 86 87 89 90 93 95 96 97 98 s
84 3 6 7 8 9 11 14 18 21 22 23 24 25 26 27 30 33 34 37 42 44 45 47 49 50 58 60 61 63 64 65 66 68 69 70 72 74 75 76 79 83 86 87 88 90 96 97 98 99 s
85 1 2 3 6 7 8 9 13 14 15 17 24 25 26 27 30 32 33 34 37 38 41 45 47 48 50 51 53 54 57 58 59 63 64 65 67 68 72 73 76 77 78 79 83 86 89 93 94 98 100 s
86 1 2 3 4 6 7 9 12 14 15 18 19 22 23 24 26 30 31 32 33 36 37 38 41 43 45 47 48 53 55 58 59 62 63 65 66 67 71 74 75 77 78 81 82 83 84 85 87 88 92 93 94 96 97 99 100 s
87 1 2 3 4 8 10 11 13 15 17 19 21 23 26 27 29 31 34 37 38 40 41 45 49 50 51 53 55 56 57 64 65 66 67 69 75 76 78 81 83 84 86 88 89 90 93 94 95 96 98 100 s
88 1 2 8 9 10 12 13 14 15 20 21 24 25 27 28 30 31 32 34 35 36 37 38 41 42 44 45 46 50 51 52 54 55 56 57 60 63 64 71 76 77 78 80 81 82 84 86 87 90 91 92 93 95 96 97 98 99 100 s
89 2 3 4 5 6 8 9 12 14 15 17 19 24 29 31 32 36 38 41 42 43 45 47 49 52 54 58 59 60 62 63 65 67 68 71 75 77 78 79 81 83 85 87 90 91 92 98 100 s
90 1 2 3 5 6 7 10 15 22 24 28 30 31 39 41 42 43 44 46 47 49 50 51 53 55 56 57 65 66 67 68 70 72 74 75 80 81 83 84 87 88 89 94 s
91 2 3 4 9 10 15 17 18 19 21 22 24 26 29 30 31 32 33 37 38 39 40 42 43 47 49 50 52 59 60 61 62 67 68 70 71 73 74 75 78 82 88 89 92 96 99 s
92 1 3 6 9 10 11 12 21 26 28 29 31 33 35 37 38 39 44 45 47 48 51 52 60 61 62 63 64 65 67 68 69 70 71 72 75 77 78 80 81 82 86 88 89 91 94 96 98 s
93 2 4 6 9 10 11 12 14 16 19 21 23 25 27 29 30 31 34 35 36 37 38 39 40 41 44 45 46 47 49 53 63 65 69 70 73 75 78 79 81 83 85 86 87 88 94 95 97 98 99 100 s
94 1 5 7 10 12 14 15 19 24 26 27 31 32 33 34 39 40 41 42 43 45 46 47 48 49 50 52 58 59 60 61 66 67 68 70 71 72 73 74 76 77 78 79 81 82 85 86 87 90 92 93 95 96 s
95 2 4 7 11 12 13 16 22 25 29 31 33 34 37 38 41 45 46 47 48 51 52 53 54 55 56 57 58 61 65 66 68 69 70 73 75 76 77 78 79 80 83 87 88 93 94 96 97 s
96 1 4 6 7 9 10 11 12 13 21 22 25 26 33 39 41 43 46 47 51 52 55 56 58 59 61 63 67 69 71 73 74 75 76 77 78 79 83 84 86 87 88 91 92 94 95 98 100 s
97 2 3 6 8 9 10 11 12 14 15 18 21 24 28 31 33 35 36 38 39 42 44 47 48 49 52 53 57 60 61 62 68 70 73 78 79 80 82 83 84 86 88 93 95 98 100 s
98 2 3 6 7 9 12 14 15 17 18 25 29 34 35 36 37 39 40 41 42 45 47 49 53 54 55 56 57 58 59 60 62 63 64 65 68 69 72 73 74 76 77 79 80 83 84 85 87 88 89 92 93 96 97 100 s
99 1 2 4 5 6 7 8 9 13 14 15 18 20 23 24 28 32 34 36 37 39 40 41 44 47 48 50 51 53 54 56 58 60 63 71 72 73 76 80 81 82 84 86 88 91 93 s
100 2 3 4 5 6 7 8 9 11 12 14 15 20 21 22 24 25 26 27 28 29 30 31 32 33 37 42 44 45 47 50 56 58 59 60 62 63 67 69 72 73 74 76 80 81 85 86 87 88 89 93 96 97 98 s
