1 2 11 12 14 15 18 20 21 25 28 37 39 40 41 43 44 46 57 60 61 68 75 77 82 85 89 94 s
2 1 6 7 9 10 14 20 22 23 30 34 41 47 57 62 68 73 77 80 83 85 87 90 92 95 98 100 s
3 4 5 6 7 13 19 20 25 38 45 49 58 60 61 63 68 70 72 78 81 83 85 87 88 93 96 97 s
4 3 5 7 10 11 15 17 31 34 40 45 46 49 50 51 52 54 58 61 66 67 68 71 72 81 82 83 84 86 89 90 95 96 97 100 s
5 3 4 8 12 15 17 27 32 34 36 38 40 42 51 55 59 62 63 65 66 71 72 76 80 84 98 s
6 2 3 10 19 29 30 34 35 36 39 44 48 51 54 55 56 60 64 70 77 79 82 83 90 93 97 s
7 2 3 4 11 21 22 27 28 30 38 41 45 46 48 60 61 66 70 75 77 79 82 97 100 s
8 5 17 20 23 25 26 27 29 33 34 36 41 42 43 45 48 50 52 58 59 64 73 79 81 89 96 s
9 2 15 20 21 24 26 27 29 31 32 34 35 36 37 40 47 51 60 61 62 69 71 72 73 75 82 86 92 93 94 95 s
10 2 4 6 16 17 18 19 20 21 31 33 36 38 40 42 49 54 66 67 70 75 78 83 85 88 91 98 100 s
11 1 4 7 14 24 25 30 34 42 46 49 51 60 61 66 67 69 79 80 84 86 87 93 94 96 99 s
12 1 5 15 17 18 22 24 27 28 30 32 35 41 45 53 54 55 64 65 67 68 69 77 84 88 90 92 s
13 3 16 18 23 25 31 32 37 43 47 51 52 59 60 61 68 70 76 79 81 86 87 98 s
14 1 2 11 15 19 23 24 30 33 35 41 50 53 61 65 66 70 72 75 85 86 87 91 92 97 s
15 1 4 5 9 12 14 17 21 22 24 28 35 36 41 44 45 50 52 57 70 71 72 73 82 85 94 96 s
16 10 13 17 18 21 24 25 26 29 32 48 51 55 63 66 69 71 82 83 89 90 95 96 98 s
17 4 5 8 10 12 15 16 18 22 27 33 38 39 48 50 52 53 62 67 69 70 75 83 84 85 90 94 98 s
18 1 10 12 13 16 17 20 30 31 36 41 43 46 47 56 60 80 85 92 95 98 s
19 3 6 10 14 20 29 31 34 43 45 49 52 53 57 59 61 62 66 69 76 80 89 90 96 s
20 1 2 3 8 9 10 18 19 21 27 33 35 39 44 49 50 54 61 71 72 76 78 87 92 96 99 100 s
21 1 7 9 10 15 16 20 22 25 41 43 44 48 50 53 58 68 69 73 74 82 84 87 88 89 91 92 93 s
22 2 7 12 15 17 21 23 30 33 40 42 43 47 48 55 57 65 67 78 84 90 92 100 s
23 2 8 13 14 22 27 33 36 41 43 47 48 51 56 57 59 63 72 80 82 83 84 88 97 s
24 9 11 12 14 15 16 27 32 34 42 44 45 46 59 60 64 65 69 74 76 77 79 80 85 89 96 99 s
25 1 3 8 11 13 16 21 27 28 30 34 37 40 42 43 47 51 55 65 74 77 80 88 89 91 93 s
26 8 9 16 30 34 35 38 43 49 52 55 60 61 62 64 65 66 68 79 81 82 83 93 99 s
27 5 7 8 9 12 17 20 23 24 25 31 37 39 40 47 67 78 83 84 88 92 93 95 s
28 1 7 12 15 25 33 35 36 43 46 51 56 59 63 64 66 69 71 74 81 82 88 94 s
29 6 8 9 16 19 33 37 39 41 42 43 59 60 63 71 85 86 87 88 90 99 s
30 2 6 7 11 12 14 18 22 25 26 35 36 41 47 48 51 52 53 57 58 64 66 68 74 79 87 94 s
31 4 9 10 13 18 19 27 33 34 35 37 38 41 52 55 59 62 63 75 78 81 82 88 99 s
32 5 9 12 13 16 24 33 41 45 48 49 52 56 57 60 67 72 73 74 77 82 83 85 89 91 92 98 s
33 8 10 14 17 20 22 23 28 29 31 32 38 43 47 52 56 60 65 68 72 74 78 83 86 87 92 93 s
34 2 4 5 6 8 9 11 19 24 25 26 31 35 42 45 47 49 51 52 60 66 67 71 73 76 78 80 86 90 91 94 98 100 s
35 6 9 12 14 15 20 26 28 30 31 34 37 41 47 55 61 63 65 67 74 86 87 88 90 91 97 98 100 s
36 5 6 8 9 10 15 18 23 28 30 40 46 49 55 63 64 66 67 69 78 85 90 93 95 96 98 s
37 1 9 13 25 27 29 31 35 42 43 45 47 48 50 55 56 57 59 60 63 64 65 66 70 71 75 76 79 80 85 88 89 94 100 s
38 3 5 7 10 17 26 31 33 40 45 48 68 74 77 78 84 87 88 90 93 99 s
39 1 6 17 20 27 29 40 44 49 54 55 62 66 67 68 72 76 80 82 89 90 95 97 100 s
40 1 4 5 9 10 22 25 27 36 38 39 46 48 50 51 55 61 67 68 74 77 78 81 85 88 96 s
41 1 2 7 8 12 14 15 18 21 23 29 30 31 32 35 42 43 46 49 51 52 53 55 56 59 62 64 67 73 75 78 83 89 93 98 100 s
42 5 8 10 11 22 24 25 29 34 37 41 44 46 54 75 76 79 81 84 85 89 93 94 96 98 s
43 1 8 13 18 19 21 22 23 25 26 28 29 33 37 41 49 51 53 55 58 66 67 68 69 70 81 83 87 91 92 94 95 98 s
44 1 6 15 20 21 24 39 42 45 46 50 51 54 56 58 61 62 69 70 73 74 76 77 80 85 88 93 94 96 97 100 s
45 3 4 7 8 12 15 19 24 32 34 37 38 44 49 57 58 67 68 70 72 76 78 79 83 85 90 92 96 98 s
46 1 4 7 11 18 24 28 36 40 41 42 44 54 55 59 64 65 66 67 73 83 86 87 89 90 91 92 100 s
47 2 9 13 18 22 23 25 27 30 33 34 35 37 51 56 57 60 61 65 67 68 71 73 74 84 86 88 91 97 s
48 6 7 8 16 17 21 22 23 30 32 37 38 40 59 65 67 71 72 80 83 84 88 90 93 96 s
49 3 4 10 11 19 20 26 32 34 36 39 41 43 45 51 53 57 59 64 65 67 68 70 72 73 75 77 82 83 84 86 87 90 93 95 s
50 4 8 14 15 17 20 21 37 40 44 63 68 70 73 74 78 81 82 88 92 s
51 4 5 6 9 11 13 16 23 25 28 30 34 40 41 43 44 47 49 52 59 60 61 69 70 74 75 82 88 96 99 100 s
52 4 8 13 15 17 19 26 30 31 32 33 34 41 51 54 56 57 60 75 80 86 87 88 90 91 99 100 s
53 12 14 17 19 21 30 41 43 49 55 56 60 62 70 72 79 85 88 92 93 95 s
54 4 6 10 12 20 39 42 44 46 52 60 62 63 64 65 74 75 76 79 80 81 82 83 89 93 s
55 5 6 12 16 22 25 26 31 35 36 37 39 40 41 43 46 53 56 62 64 65 67 68 69 71 80 86 88 98 99 100 s
56 6 18 23 28 32 33 37 41 44 47 52 53 55 57 59 63 67 72 76 82 83 93 100 s
57 1 2 15 19 22 23 30 32 37 45 47 49 52 56 58 60 62 65 66 72 78 84 89 91 93 94 97 100 s
58 3 4 8 21 30 43 44 45 57 64 67 69 76 78 79 80 82 85 88 95 100 s
59 5 8 13 19 23 24 28 29 31 37 41 46 48 49 51 56 62 68 69 70 77 83 94 96 97 99 100 s
60 1 3 6 7 9 11 13 18 24 26 29 32 33 34 37 47 51 52 53 54 57 64 65 69 71 72 74 78 85 93 95 97 98 s
61 1 3 4 7 9 11 13 14 19 20 26 35 40 44 47 51 74 84 86 88 91 95 s
62 2 5 9 17 19 26 31 39 41 44 53 54 55 57 59 63 65 66 72 79 81 84 86 88 90 96 s
63 3 5 16 23 28 29 31 35 36 37 50 54 56 62 64 70 74 76 83 85 89 95 99 100 s
64 6 8 12 24 26 28 30 36 37 41 46 49 54 55 58 60 63 65 66 72 73 76 85 93 94 96 97 s
65 5 12 14 22 24 25 26 33 35 37 46 47 48 49 54 55 57 60 62 64 72 73 75 80 82 83 88 91 97 s
66 4 5 7 10 11 14 16 19 26 28 30 34 36 37 39 43 46 57 62 64 68 73 78 79 83 92 95 98 100 s
67 4 10 11 12 17 22 27 32 34 35 36 39 40 41 43 45 46 47 48 49 55 56 58 74 76 79 86 88 s
68 1 2 3 4 12 13 21 26 30 33 38 39 40 43 45 47 49 50 55 59 66 71 72 75 76 79 80 81 92 96 s
69 9 11 12 16 17 19 21 24 28 36 43 44 51 55 58 59 60 70 75 77 88 91 94 97 98 s
70 3 6 7 10 13 14 15 17 37 43 44 45 49 50 51 53 59 63 69 77 80 84 86 87 90 93 96 100 s
71 4 5 9 15 16 20 28 29 34 37 47 48 55 60 68 73 79 83 96 97 s
72 3 4 5 9 14 15 20 23 32 33 39 45 48 49 53 56 57 60 62 64 65 68 74 91 96 100 s
73 2 8 9 15 21 32 34 41 44 46 47 49 50 64 65 66 71 76 79 81 85 90 91 94 95 s
74 21 24 25 28 30 32 33 35 38 40 44 47 50 51 54 60 61 63 67 72 77 84 85 90 94 97 s
75 1 7 9 10 14 17 31 37 41 42 49 51 52 54 65 68 69 76 82 84 86 87 88 94 96 s
76 5 13 19 20 24 34 37 39 42 44 45 54 56 58 63 64 67 68 73 75 77 89 91 92 93 s
77 1 2 6 7 12 24 25 32 38 40 44 49 59 69 70 74 76 79 81 84 96 100 s
78 3 10 20 22 27 31 33 34 36 38 40 41 45 50 57 58 60 66 79 84 90 97 98 s
79 6 7 8 11 13 24 26 30 37 42 45 53 54 58 62 66 67 68 71 73 77 78 84 89 96 98 s
80 2 5 11 18 19 23 24 25 34 37 39 44 48 52 54 55 58 65 68 70 84 89 90 94 97 s
81 3 4 8 13 26 28 31 40 42 43 50 54 62 68 73 77 89 90 91 95 98 s
82 1 4 6 7 9 15 16 21 23 26 28 31 32 39 49 50 51 54 56 58 65 75 83 88 89 90 97 98 99 s
83 2 3 4 6 10 16 17 23 26 27 32 33 41 43 45 46 48 49 54 56 59 63 65 66 71 82 86 90 91 98 100 s
84 4 5 11 12 17 21 22 23 27 38 42 47 48 49 57 61 62 70 74 75 77 78 79 80 85 86 88 91 92 97 98 s
85 1 2 3 10 14 15 17 18 24 29 32 36 37 40 42 44 45 53 58 60 63 64 73 74 84 87 88 89 90 91 92 94 96 100 s
86 4 9 11 13 14 29 33 34 35 46 47 49 52 55 61 62 67 70 75 83 84 87 96 99 s
87 2 3 11 13 14 20 21 29 30 33 35 38 43 46 49 52 70 75 85 86 91 94 s
88 3 10 12 21 23 25 27 28 29 31 35 37 38 40 44 47 48 50 51 52 53 55 58 61 62 65 67 69 75 82 84 85 89 91 92 94 96 97 s
89 1 4 8 16 19 21 24 25 32 37 39 41 42 46 54 57 63 76 79 80 81 82 85 88 94 s
90 2 4 6 12 16 17 19 22 29 34 35 36 38 39 45 46 48 49 52 62 70 73 74 78 80 81 82 83 85 92 93 94 95 97 s
91 10 14 21 25 32 34 35 43 46 47 52 57 61 65 69 72 73 76 81 83 84 85 87 88 93 s
92 2 9 12 14 18 20 21 22 27 32 33 43 45 46 50 53 66 68 76 84 85 88 90 97 100 s
93 3 6 9 11 21 25 26 27 33 36 38 41 42 44 48 49 53 54 56 57 60 64 70 76 90 91 97 98 100 s
94 1 9 11 15 17 28 30 34 37 42 43 44 57 59 64 69 73 74 75 80 85 87 88 89 90 95 97 99 s
95 2 4 9 16 18 27 36 39 43 49 53 58 60 61 63 66 73 81 90 94 100 s
96 3 4 8 11 15 16 19 20 24 36 40 42 44 45 48 51 59 62 64 68 70 71 72 75 77 79 85 86 88 100 s
97 3 4 6 7 14 23 35 39 44 47 57 59 60 64 65 69 71 74 78 80 82 84 88 90 92 93 94 98 99 s
98 2 5 10 13 16 17 18 32 34 35 36 41 42 43 45 55 60 66 69 78 79 81 82 83 84 93 97 99 s
99 11 20 24 26 29 31 38 51 52 55 59 63 82 86 94 97 98 100 s
100 2 4 7 10 20 22 34 35 37 39 41 44 46 51 52 55 56 57 58 59 63 66 70 72 77 83 85 92 93 95 96 99 s
