1 2 9 12 13 14 15 16 23 26 32 34 36 39 40 52 55 57 58 64 75 77 78 79 81 83 86 87 92 96 s
2 1 6 7 8 13 16 17 18 20 26 29 32 39 43 46 48 57 58 63 64 69 71 78 82 86 93 94 s
3 4 5 12 13 19 25 26 27 29 32 35 38 39 42 46 51 52 53 55 62 67 68 72 77 81 84 85 88 91 94 99 s
4 3 8 9 10 13 16 23 24 29 32 39 41 43 47 51 54 55 62 63 65 66 68 71 79 80 87 93 94 96 99 100 s
5 3 8 11 15 21 33 35 37 43 44 47 50 51 52 53 55 59 64 65 73 74 78 80 83 91 98 s
6 2 13 16 19 21 23 26 31 34 36 42 44 47 51 58 61 62 64 65 66 68 81 83 86 89 90 91 95 96 98 100 s
7 2 11 15 18 25 33 36 39 49 51 53 58 63 65 68 69 70 75 78 81 84 85 92 98 s
8 2 4 5 12 16 27 31 33 34 40 47 48 50 51 58 61 67 72 75 78 79 81 83 85 86 88 90 91 93 99 100 s
9 1 4 13 14 17 24 27 28 33 34 37 44 49 54 60 63 64 67 68 69 72 74 76 80 81 83 87 88 89 92 93 94 95 96 98 s
10 4 22 25 26 32 37 39 40 49 53 54 57 60 68 71 72 79 80 82 84 88 89 100 s
11 5 7 13 15 20 21 24 25 26 27 36 46 57 58 64 72 73 74 77 80 83 92 98 100 s
12 1 3 8 13 17 18 21 22 29 31 32 33 34 43 45 48 49 50 51 52 54 57 59 60 62 66 69 70 72 76 78 79 81 82 83 85 s
13 1 2 3 4 6 9 11 12 20 21 22 25 29 30 31 35 42 43 47 48 56 61 64 67 68 72 78 82 83 93 96 s
14 1 9 18 29 34 35 39 42 46 49 52 58 60 63 73 77 88 89 90 92 93 96 99 s
15 1 5 7 11 17 26 35 36 38 40 41 43 48 53 56 57 68 71 81 84 85 88 94 96 s
16 1 2 4 6 8 17 20 24 25 29 36 39 43 44 45 50 52 53 54 55 57 61 62 64 68 74 77 78 81 84 89 90 93 95 96 97 100 s
17 2 9 12 15 16 18 19 21 24 28 29 35 36 40 52 58 60 62 63 64 67 75 85 88 90 92 96 99 s
18 2 7 12 14 17 22 27 30 32 34 36 37 38 40 44 46 47 48 49 52 54 59 67 70 72 77 80 85 87 89 91 100 s
19 3 6 17 30 33 36 43 45 46 48 49 61 73 80 86 88 89 91 94 96 100 s
20 2 11 13 16 27 30 34 36 40 41 42 44 50 51 55 63 66 72 76 80 86 88 90 92 95 96 97 s
21 5 6 11 12 13 17 23 25 26 27 28 40 42 47 51 60 62 64 66 71 78 81 88 89 90 92 94 97 s
22 10 12 13 18 23 29 32 36 37 40 46 49 50 55 56 58 60 62 63 68 76 77 80 84 88 89 95 97 s
23 1 4 6 21 22 27 28 36 37 38 44 46 55 56 62 68 69 79 80 82 83 84 86 89 98 99 s
24 4 9 11 16 17 25 26 27 30 31 33 35 36 38 39 41 52 54 55 56 59 60 62 64 68 71 75 76 77 79 80 81 s
25 3 7 10 11 13 16 21 24 32 40 41 43 44 51 61 62 64 72 76 78 81 83 90 91 94 95 98 s
26 1 2 3 6 10 11 15 21 24 28 32 34 36 39 41 48 58 63 74 75 76 78 80 93 95 96 97 100 s
27 3 8 9 11 18 20 21 23 24 29 31 32 36 41 45 48 58 63 70 72 74 75 87 89 92 93 95 96 98 s
28 9 17 21 23 26 29 30 44 45 46 48 64 66 69 79 85 87 s
29 2 3 4 12 13 14 16 17 22 27 28 31 34 44 52 54 55 59 61 64 68 81 84 87 90 91 95 96 99 100 s
30 13 18 19 20 24 28 34 42 44 47 48 51 59 60 63 64 65 75 79 87 88 91 94 99 s
31 6 8 12 13 24 27 29 32 34 37 39 42 43 44 46 48 50 53 55 62 64 68 76 78 79 81 83 89 92 96 100 s
32 1 2 3 4 10 12 18 22 25 26 27 31 34 37 39 42 45 48 50 51 55 56 57 58 59 60 62 65 73 78 81 85 86 87 91 93 96 99 s
33 5 7 8 9 12 19 24 37 40 41 42 47 51 56 69 80 82 86 87 90 91 96 s
34 1 6 8 9 12 14 18 20 26 29 30 31 32 44 45 46 48 58 59 62 69 70 80 81 86 91 92 95 97 s
35 3 5 13 14 15 17 24 36 41 54 59 65 67 68 70 78 81 91 s
36 1 6 7 11 15 16 17 18 19 20 22 23 24 26 27 35 40 50 54 67 69 72 78 79 81 83 88 100 s
37 5 9 10 18 22 23 31 32 33 52 54 55 65 67 71 74 79 86 90 92 100 s
38 3 15 18 23 24 40 43 44 47 48 50 52 55 62 65 85 86 92 95 96 100 s
39 1 2 3 4 7 10 14 16 24 26 31 32 42 47 50 52 62 64 70 72 77 83 85 88 91 92 93 97 s
40 1 8 10 15 17 18 20 21 22 25 33 36 38 43 44 45 46 48 52 65 66 68 90 91 95 s
41 4 15 20 24 25 26 27 33 35 43 46 47 49 53 55 61 63 66 75 77 81 88 91 92 s
42 3 6 13 14 20 21 30 31 32 33 39 44 45 46 47 58 63 65 67 87 90 92 93 96 97 s
43 2 4 5 12 13 15 16 19 25 31 38 40 41 46 64 66 68 71 74 75 76 77 88 89 92 94 97 s
44 5 6 9 16 18 20 23 25 28 29 30 31 34 38 40 42 55 60 65 71 72 78 82 86 87 92 s
45 12 16 19 27 28 32 34 40 42 47 50 57 58 59 63 66 71 73 74 79 80 84 85 89 91 94 98 99 s
46 2 3 11 14 18 19 22 23 28 31 34 40 41 42 43 49 51 53 54 59 62 68 69 73 74 76 78 79 82 84 86 88 91 94 95 s
47 4 5 6 8 13 18 21 30 33 38 39 41 42 45 50 60 73 81 86 90 92 95 99 s
48 2 8 12 13 15 18 19 26 27 28 30 31 32 34 38 40 52 54 55 58 62 64 66 75 76 81 84 87 89 97 100 s
49 7 9 10 12 14 18 19 22 41 46 50 51 54 65 67 73 77 90 91 98 99 100 s
50 5 8 12 16 20 22 31 32 36 38 39 45 47 49 52 53 58 62 65 72 74 76 96 98 s
51 3 4 5 6 7 8 12 20 21 25 30 32 33 46 49 53 54 61 65 68 75 77 86 88 89 99 100 s
52 1 3 5 12 14 16 17 18 24 29 37 38 39 40 48 50 53 54 55 56 66 69 70 73 80 86 99 s
53 3 5 7 10 15 16 31 41 46 50 51 52 55 56 57 58 59 65 66 67 69 70 78 79 85 86 90 93 98 s
54 4 9 10 12 16 18 24 29 35 36 37 46 48 49 51 52 55 67 70 72 74 90 99 s
55 1 3 4 5 16 20 22 23 24 29 31 32 37 38 41 44 48 52 53 54 62 66 67 73 81 85 94 96 97 100 s
56 13 15 22 23 24 32 33 52 53 61 65 69 72 74 79 89 93 94 98 s
57 1 2 10 11 12 15 16 32 45 53 64 67 73 95 100 s
58 1 2 6 7 8 11 14 17 22 26 27 32 34 42 45 48 50 53 63 65 66 72 73 79 87 89 90 s
59 5 12 18 24 29 30 32 34 35 45 46 53 63 67 68 72 78 86 89 91 93 96 s
60 9 10 12 14 17 21 22 24 30 32 44 47 63 71 74 79 80 81 85 87 88 95 99 100 s
61 6 8 13 16 19 25 29 41 51 56 64 67 68 74 90 s
62 3 4 6 12 16 17 21 22 23 24 25 31 32 34 38 39 46 48 50 55 63 65 71 84 94 s
63 2 4 7 9 14 17 20 22 26 27 30 41 42 45 58 59 60 62 64 65 69 70 71 77 87 89 92 97 s
64 1 2 5 6 9 11 13 16 17 21 24 25 28 29 30 31 39 43 48 57 61 63 65 67 75 80 91 99 s
65 4 5 6 7 30 32 35 37 38 40 42 44 49 50 51 53 56 58 62 63 64 71 74 90 91 94 99 s
66 4 6 12 20 21 28 40 41 43 45 48 52 53 55 58 67 68 78 80 81 82 89 90 96 s
67 3 8 9 13 17 18 35 36 37 42 49 53 54 55 57 59 61 64 66 86 92 98 99 s
68 3 4 6 7 9 10 13 15 16 22 23 24 29 31 35 40 43 46 51 59 61 66 71 75 77 85 86 93 99 s
69 2 7 9 12 23 28 33 34 36 46 52 53 56 63 73 77 79 82 84 85 87 92 97 99 s
70 7 12 18 27 34 35 39 52 53 54 63 74 83 86 89 95 96 99 s
71 2 4 10 15 21 24 37 43 44 45 60 62 63 65 68 74 80 81 82 88 89 95 97 s
72 3 8 9 10 11 12 13 18 20 25 27 36 39 44 50 54 56 58 59 74 78 82 87 88 89 96 s
73 5 11 14 19 32 45 46 47 49 52 55 57 58 69 81 84 96 s
74 5 9 11 16 26 27 37 43 45 46 50 54 56 60 61 65 70 71 72 75 76 81 84 89 90 91 97 99 s
75 1 7 8 17 24 26 27 30 41 43 48 51 64 68 74 76 78 80 82 90 94 s
76 9 12 20 22 24 25 26 31 43 46 48 50 74 75 79 86 89 91 94 95 100 s
77 1 3 11 14 16 18 22 24 39 41 43 49 51 63 68 69 85 90 91 92 94 96 97 s
78 1 2 5 7 8 12 13 16 21 25 26 31 32 35 36 44 46 53 59 66 72 75 79 81 87 91 94 s
79 1 4 8 10 12 23 24 28 30 31 36 37 45 46 53 56 58 60 69 76 78 81 82 86 88 90 96 s
80 4 5 9 10 11 18 19 20 22 23 24 26 33 34 45 52 60 64 66 71 75 84 86 87 88 89 91 93 95 96 98 99 s
81 1 3 6 7 8 9 12 15 16 21 24 25 29 31 32 34 35 36 41 47 48 55 60 66 71 73 74 78 79 82 87 91 96 97 s
82 2 10 12 13 23 33 44 46 66 69 71 72 75 79 81 83 86 92 95 96 s
83 1 5 6 8 9 11 12 13 23 25 31 36 39 70 82 88 91 94 96 100 s
84 3 7 10 15 16 22 23 29 45 46 48 62 69 73 74 80 88 96 98 99 100 s
85 3 7 8 12 15 17 18 28 32 38 39 45 53 55 60 68 69 77 89 98 99 s
86 1 2 6 8 19 20 23 32 33 34 37 38 44 46 47 51 52 53 59 67 68 70 76 79 80 82 88 91 s
87 1 4 9 18 27 28 29 30 32 33 42 44 48 58 60 63 69 72 78 80 81 95 96 97 98 100 s
88 3 8 9 10 14 15 17 19 20 21 22 30 36 39 41 43 46 51 60 71 72 79 80 83 84 86 90 91 93 98 s
89 6 9 10 14 16 18 19 21 22 23 27 31 43 45 48 51 56 58 59 63 66 70 71 72 74 76 80 85 90 97 s
90 6 8 14 16 17 20 21 25 29 33 37 40 42 47 49 53 54 58 61 65 66 74 75 77 79 88 89 98 100 s
91 3 5 6 8 18 19 25 29 30 32 33 34 35 39 40 41 45 46 49 59 64 65 74 76 77 78 80 81 83 86 88 99 s
92 1 7 9 11 14 17 20 21 27 31 34 37 38 39 41 42 43 44 47 63 67 69 77 82 96 97 s
93 2 4 8 9 13 14 16 26 27 32 39 42 53 56 59 68 80 88 97 100 s
94 2 3 4 9 15 19 21 25 30 43 45 46 55 56 62 65 75 76 77 78 83 96 s
95 6 9 16 20 22 25 26 27 29 34 38 40 46 47 57 60 70 71 76 80 82 87 98 s
96 1 4 6 9 13 14 15 16 17 19 20 26 27 29 31 32 33 38 42 50 55 59 66 70 72 73 77 79 80 81 82 83 84 87 92 94 97 100 s
97 16 20 21 22 26 34 39 42 43 48 55 63 69 71 74 77 81 87 89 92 93 96 100 s
98 5 6 7 9 11 23 25 27 45 49 50 53 56 67 80 84 85 87 88 90 95 s
99 3 4 8 14 17 23 29 30 32 45 47 49 51 52 54 60 64 65 67 68 69 70 74 80 84 85 91 s
100 4 6 8 10 11 16 18 19 26 29 31 36 37 38 48 49 51 55 57 60 76 83 84 87 90 93 96 97 s
