1 2 3 4 5 6 7 8 9 10 11 12 13 14 15 16 17 18 19 20 s
2 1 3 4 5 6 7 8 9 10 11 12 13 14 15 16 17 18 19 20 s
3 1 2 4 5 6 7 8 9 10 11 12 13 14 15 16 17 18 19 20 s
4 1 2 3 5 6 7 8 9 10 11 12 13 14 15 16 17 18 19 20 s
5 1 2 3 4 6 7 8 9 10 11 12 13 14 15 16 17 18 19 20 s
6 1 2 3 4 5 7 8 9 10 11 12 13 14 15 16 17 18 19 20 s
7 1 2 3 4 5 6 8 9 10 11 12 13 14 15 16 17 18 19 20 s
8 1 2 3 4 5 6 7 9 10 11 12 13 14 15 16 17 18 19 20 s
9 1 2 3 4 5 6 7 8 10 11 12 13 14 15 16 17 18 19 20 s
10 1 2 3 4 5 6 7 8 9 11 12 13 14 15 16 17 18 19 20 s
11 1 2 3 4 5 6 7 8 9 10 12 13 14 15 16 17 18 19 20 s
12 1 2 3 4 5 6 7 8 9 10 11 13 14 15 16 17 18 19 20 s
13 1 2 3 4 5 6 7 8 9 10 11 12 14 15 16 17 18 19 20 s
14 1 2 3 4 5 6 7 8 9 10 11 12 13 15 16 17 18 19 20 s
15 1 2 3 4 5 6 7 8 9 10 11 12 13 14 16 17 18 19 20 s
16 1 2 3 4 5 6 7 8 9 10 11 12 13 14 15 17 18 19 20 s
17 1 2 3 4 5 6 7 8 9 10 11 12 13 14 15 16 18 19 20 s
18 1 2 3 4 5 6 7 8 9 10 11 12 13 14 15 16 17 19 20 s
19 1 2 3 4 5 6 7 8 9 10 11 12 13 14 15 16 17 18 20 s
20 1 2 3 4 5 6 7 8 9 10 11 12 13 14 15 16 17 18 19 s
