1 2 3 6 7 8 9 13 15 16 17 18 s
2 1 3 4 8 9 11 17 18 s
3 1 2 5 6 7 12 15 16 s
4 2 9 12 13 14 18 20 s
5 3 9 11 14 15 16 17 18 s
6 1 3 8 12 13 14 15 19 20 s
7 1 3 8 10 11 12 14 16 17 19 s
8 1 2 6 7 9 10 14 15 16 17 20 s
9 1 2 4 5 8 10 11 17 19 s
10 7 8 9 11 12 13 15 16 20 s
11 2 5 7 9 10 12 14 17 19 20 s
12 3 4 6 7 10 11 13 16 18 20 s
13 1 4 6 10 12 14 15 17 20 s
14 4 5 6 7 8 11 13 15 18 19 20 s
15 1 3 5 6 8 10 13 14 16 17 18 19 20 s
16 1 3 5 7 8 10 12 15 17 20 s
17 1 2 5 7 8 9 11 13 15 16 s
18 1 2 4 5 12 14 15 s
19 6 7 9 11 14 15 20 s
20 4 6 8 10 11 12 13 14 15 16 19 s
