1 2 3 4 6 7 8 9 10 11 14 15 16 s
2 1 3 4 5 7 8 11 13 18 20 s
3 1 2 5 7 12 14 16 17 18 19 s
4 1 2 9 10 12 13 17 18 20 s
5 2 3 8 10 14 16 17 18 19 s
6 1 7 8 9 12 14 15 16 18 19 20 s
7 1 2 3 6 10 12 13 15 16 19 20 s
8 1 2 5 6 9 10 12 14 15 17 19 s
9 1 4 6 8 10 11 12 13 17 20 s
10 1 4 5 7 8 9 12 14 18 19 s
11 1 2 9 13 14 15 17 18 19 s
12 3 4 6 7 8 9 10 14 15 17 19 s
13 2 4 7 9 11 17 19 20 s
14 1 3 5 6 8 10 11 12 17 s
15 1 6 7 8 11 12 17 20 s
16 1 3 5 6 7 18 19 20 s
17 3 4 5 8 9 11 12 13 14 15 18 19 s
18 2 3 4 5 6 10 11 16 17 19 s
19 3 5 6 7 8 10 11 12 13 16 17 18 s
20 2 4 6 7 9 13 15 16 s
