1 2 4 6 8 9 11 13 16 19 20 s
2 1 3 4 8 10 11 14 17 18 20 s
3 2 7 11 12 15 16 18 s
4 1 2 5 7 9 10 11 12 14 17 s
5 4 7 8 9 10 14 17 20 s
6 1 8 9 13 14 16 18 s
7 3 4 5 8 10 12 14 17 20 s
8 1 2 5 6 7 12 13 17 18 19 s
9 1 4 5 6 11 12 15 16 17 s
10 2 4 5 7 13 14 19 s
11 1 2 3 4 9 14 15 17 18 19 s
12 3 4 7 8 9 16 20 s
13 1 6 8 10 19 s
14 2 4 5 6 7 10 11 16 17 18 s
15 3 9 11 16 17 s
16 1 3 6 9 12 14 15 18 s
17 2 4 5 7 8 9 11 14 15 19 20 s
18 2 3 6 8 11 14 16 19 20 s
19 1 8 10 11 13 17 18 s
20 1 2 5 7 12 17 18 s
