1 5 6 8 9 11 12 13 16 18 19 20 s
2 3 4 6 8 9 10 11 12 13 16 18 s
3 2 4 6 7 8 11 12 17 18 20 s
4 2 3 5 6 8 9 11 13 14 15 17 19 20 s
5 1 4 10 11 12 13 15 16 17 18 19 20 s
6 1 2 3 4 9 10 13 15 16 19 20 s
7 3 8 9 11 14 16 18 19 s
8 1 2 3 4 7 10 11 12 14 15 16 17 19 s
9 1 2 4 6 7 10 13 14 15 18 s
10 2 5 6 8 9 12 15 17 s
11 1 2 3 4 5 7 8 13 15 17 18 19 s
12 1 2 3 5 8 10 13 17 18 s
13 1 2 4 5 6 9 11 12 15 16 20 s
14 4 7 8 9 18 19 s
15 4 5 6 8 9 10 11 13 17 18 19 20 s
16 1 2 5 6 7 8 13 18 19 20 s
17 3 4 5 8 10 11 12 15 19 20 s
18 1 2 3 5 7 9 11 12 14 15 16 19 s
19 1 4 5 6 7 8 11 14 15 16 17 18 s
20 1 3 4 5 6 13 15 16 17 s
