1 3 4 7 8 9 10 13 17 20 s
2 4 5 10 11 14 18 19 20 s
3 1 7 11 12 15 16 17 18 20 s
4 1 2 5 7 9 10 11 12 15 17 18 19 20 s
5 2 4 8 9 10 11 12 14 15 16 17 19 s
6 8 9 10 11 12 13 16 18 19 s
7 1 3 4 9 10 11 14 15 19 s
8 1 5 6 9 10 12 17 19 s
9 1 4 5 6 7 8 12 13 17 19 20 s
10 1 2 4 5 6 7 8 15 18 19 20 s
11 2 3 4 5 6 7 12 14 15 17 18 19 20 s
12 3 4 5 6 8 9 11 15 17 18 20 s
13 1 6 9 15 19 s
14 2 5 7 11 15 19 20 s
15 3 4 5 7 10 11 12 13 14 16 20 s
16 3 5 6 15 17 18 20 s
17 1 3 4 5 8 9 11 12 16 20 s
18 2 3 4 6 10 11 12 16 19 20 s
19 2 4 5 6 7 8 9 10 11 13 14 18 20 s
20 1 2 3 4 9 10 11 12 14 15 16 17 18 19 s
