1 2 5 7 8 11 12 13 16 18 19 20 s
2 1 4 6 8 9 10 15 16 s
3 4 6 7 9 10 13 14 16 17 18 20 s
4 2 3 5 8 12 14 15 18 20 s
5 1 4 6 10 11 12 15 16 17 19 20 s
6 2 3 5 7 8 9 10 11 12 13 18 20 s
7 1 3 6 8 9 13 14 16 20 s
8 1 2 4 6 7 9 10 11 14 15 16 17 19 20 s
9 2 3 6 7 8 12 13 18 20 s
10 2 3 5 6 8 12 14 16 18 19 s
11 1 5 6 8 16 17 19 s
12 1 4 5 6 9 10 15 16 17 18 19 s
13 1 3 6 7 9 14 17 20 s
14 3 4 7 8 10 13 15 16 17 18 19 s
15 2 4 5 8 12 14 18 20 s
16 1 2 3 5 7 8 10 11 12 14 17 18 19 s
17 3 5 8 11 12 13 14 16 18 19 20 s
18 1 3 4 6 9 10 12 14 15 16 17 19 20 s
19 1 5 8 10 11 12 14 16 17 18 20 s
20 1 3 4 5 6 7 8 9 13 15 17 18 19 s
