1 2 6 7 8 12 17 19 20 21 22 25 s
2 1 3 4 6 10 11 16 19 21 23 25 s
3 2 4 7 9 14 17 22 s
4 2 3 5 8 19 20 s
5 4 10 11 14 16 21 23 24 25 s
6 1 2 7 11 17 20 s
7 1 3 6 10 15 16 s
8 1 4 10 14 15 25 s
9 3 11 24 25 s
10 2 5 7 8 12 20 s
11 2 5 6 9 15 17 s
12 1 10 13 18 21 s
13 12 14 15 22 s
14 3 5 8 13 18 24 s
15 7 8 11 13 23 s
16 2 5 7 19 21 25 s
17 1 3 6 11 21 24 s
18 12 14 22 23 24 s
19 1 2 4 16 21 s
20 1 4 6 10 s
21 1 2 5 12 16 17 19 24 s
22 1 3 13 18 s
23 2 5 15 18 25 s
24 5 9 14 17 18 21 s
25 1 2 5 8 9 16 23 s
