1 7 8 9 18 21 s
2 4 9 15 24 s
3 6 7 10 11 15 16 18 21 25 s
4 2 12 16 20 21 22 23 s
5 6 9 15 16 18 s
6 3 5 8 9 14 15 17 18 21 s
7 1 3 9 11 12 14 18 21 22 23 25 s
8 1 6 10 11 13 s
9 1 2 5 6 7 10 11 12 13 14 21 s
10 3 8 9 22 s
11 3 7 8 9 13 14 20 23 s
12 4 7 9 s
13 8 9 11 20 22 25 s
14 6 7 9 11 22 23 25 s
15 2 3 5 6 17 24 25 s
16 3 4 5 22 25 s
17 6 15 21 s
18 1 3 5 6 7 20 s
19 21 24 s
20 4 11 13 18 21 23 25 s
21 1 3 4 6 7 9 17 19 20 22 s
22 4 7 10 13 14 16 21 24 s
23 4 7 11 14 20 s
24 2 15 19 22 25 s
25 3 7 13 14 15 16 20 24 s
