1 2 4 11 14 16 22 25 s
2 1 7 8 11 13 14 16 21 25 s
3 14 18 21 s
4 1 7 8 14 16 24 25 s
5 10 11 17 20 22 s
6 7 9 16 18 25 s
7 2 4 6 8 9 16 21 s
8 2 4 7 12 14 16 25 s
9 6 7 12 15 s
10 5 11 13 15 20 s
11 1 2 5 10 s
12 8 9 17 21 25 s
13 2 10 14 20 24 s
14 1 2 3 4 8 13 17 18 21 23 24 s
15 9 10 18 20 22 25 s
16 1 2 4 6 7 8 21 22 24 25 s
17 5 12 14 19 21 22 24 s
18 3 6 14 15 22 s
19 17 22 s
20 5 10 13 15 21 s
21 2 3 7 12 14 16 17 20 23 25 s
22 1 5 15 16 17 18 19 24 s
23 14 21 25 s
24 4 13 14 16 17 22 s
25 1 2 4 6 8 12 15 16 21 23 s
