1 2 3 5 11 14 17 20 21 s
2 1 7 10 13 19 23 24 s
3 1 7 16 18 19 20 21 24 s
4 5 12 13 15 18 19 21 s
5 1 4 7 12 18 24 s
6 8 9 10 12 14 15 18 20 24 25 s
7 2 3 5 9 12 16 21 23 s
8 6 9 14 15 16 18 24 25 s
9 6 7 8 10 11 12 16 17 19 22 24 s
10 2 6 9 12 13 15 17 20 25 s
11 1 9 13 18 19 21 23 s
12 4 5 6 7 9 10 16 17 18 24 s
13 2 4 10 11 20 22 25 s
14 1 6 8 19 21 23 24 s
15 4 6 8 10 21 s
16 3 7 8 9 12 18 21 23 25 s
17 1 9 10 12 19 21 24 s
18 3 4 5 6 8 11 12 16 24 s
19 2 3 4 9 11 14 17 21 23 24 s
20 1 3 6 10 13 23 s
21 1 3 4 7 11 14 15 16 17 19 s
22 9 13 24 25 s
23 2 7 11 14 16 19 20 s
24 2 3 5 6 8 9 12 14 17 18 19 22 s
25 6 8 10 13 16 22 s
