1 2 6 8 11 20 s
2 1 3 4 10 20 22 23 24 s
3 2 9 13 16 17 20 23 25 s
4 2 5 10 11 12 13 15 19 20 s
5 4 8 12 15 16 18 23 s
6 1 8 10 15 19 s
7 16 17 23 s
8 1 5 6 10 13 14 24 s
9 3 10 15 21 23 s
10 2 4 6 8 9 17 22 24 s
11 1 4 15 20 s
12 4 5 16 20 25 s
13 3 4 8 16 18 25 s
14 8 16 19 20 22 s
15 4 5 6 9 11 16 20 23 s
16 3 5 7 12 13 14 15 19 s
17 3 7 10 19 21 23 s
18 5 13 19 s
19 4 6 14 16 17 18 23 s
20 1 2 3 4 11 12 14 15 23 24 s
21 9 17 22 23 25 s
22 2 10 14 21 s
23 2 3 5 7 9 15 17 19 20 21 s
24 2 8 10 20 s
25 3 12 13 21 s
