1 2 7 8 13 14 15 17 22 23 24 s
2 1 4 7 11 12 16 17 19 21 s
3 5 8 9 13 14 15 17 20 21 23 s
4 2 6 8 13 14 15 16 19 s
5 3 9 11 12 17 19 22 s
6 4 7 10 13 18 21 22 23 25 s
7 1 2 6 8 9 16 18 20 21 22 23 s
8 1 3 4 7 14 16 17 24 s
9 3 5 7 12 14 18 19 23 24 s
10 6 11 14 15 17 19 22 25 s
11 2 5 10 12 13 14 17 20 s
12 2 5 9 11 13 16 18 21 23 24 s
13 1 3 4 6 11 12 14 15 17 18 19 20 22 s
14 1 3 4 8 9 10 11 13 16 17 18 19 21 25 s
15 1 3 4 10 13 19 21 22 24 25 s
16 2 4 7 8 12 14 18 19 20 22 s
17 1 2 3 5 8 10 11 13 14 18 21 s
18 6 7 9 12 13 14 16 17 20 23 s
19 2 4 5 9 10 13 14 15 16 20 21 23 24 s
20 3 7 11 13 16 18 19 22 23 s
21 2 3 6 7 12 14 15 17 19 23 25 s
22 1 5 6 7 10 13 15 16 20 23 24 s
23 1 3 6 7 9 12 18 19 20 21 22 25 s
24 1 8 9 12 15 19 22 25 s
25 6 10 14 15 21 23 24 s
