1 2 3 4 7 8 10 14 15 17 19 20 21 24 25 s
2 1 4 5 7 10 12 13 15 16 18 19 21 23 24 25 s
3 1 5 7 8 9 10 12 13 14 16 18 19 22 s
4 1 2 5 6 8 9 12 16 19 20 21 22 23 24 s
5 2 3 4 6 7 10 11 14 16 21 22 23 s
6 4 5 7 8 9 11 14 16 18 19 22 24 25 s
7 1 2 3 5 6 10 11 12 13 15 17 19 21 22 25 s
8 1 3 4 6 10 11 12 13 17 18 24 s
9 3 4 6 11 12 15 16 17 20 24 s
10 1 2 3 5 7 8 11 13 15 18 23 24 s
11 5 6 7 8 9 10 12 13 14 17 22 24 s
12 2 3 4 7 8 9 11 13 15 16 17 18 20 22 s
13 2 3 7 8 10 11 12 15 17 21 22 24 s
14 1 3 5 6 11 16 17 20 22 23 24 s
15 1 2 7 9 10 12 13 16 19 22 23 24 s
16 2 3 4 5 6 9 12 14 15 21 22 23 24 25 s
17 1 7 8 9 11 12 13 14 22 24 s
18 2 3 6 8 10 12 19 20 21 s
19 1 2 3 4 6 7 15 18 20 23 24 s
20 1 4 9 12 14 18 19 21 25 s
21 1 2 4 5 7 13 16 18 20 22 s
22 3 4 5 6 7 11 12 13 14 15 16 17 21 25 s
23 2 4 5 10 14 15 16 19 25 s
24 1 2 4 6 8 9 10 11 13 14 15 16 17 19 25 s
25 1 2 6 7 16 20 22 23 24 s
