1 2 3 5 6 7 8 9 10 11 14 18 19 20 23 s
2 1 3 4 5 7 9 10 13 14 16 17 19 25 s
3 1 2 6 18 21 24 25 s
4 2 5 7 8 17 18 21 23 24 25 s
5 1 2 4 10 11 13 15 19 20 21 s
6 1 3 9 12 14 16 17 18 19 21 22 23 24 25 s
7 1 2 4 9 12 13 15 16 18 24 s
8 1 4 9 12 13 14 18 21 25 s
9 1 2 6 7 8 11 12 13 14 15 16 17 21 23 25 s
10 1 2 5 15 17 20 22 23 24 25 s
11 1 5 9 12 13 15 20 23 25 s
12 6 7 8 9 11 14 17 20 23 24 s
13 2 5 7 8 9 11 14 20 23 24 25 s
14 1 2 6 8 9 12 13 16 17 20 24 25 s
15 5 7 9 10 11 16 17 19 21 24 25 s
16 2 6 7 9 14 15 17 18 19 20 21 23 24 s
17 2 4 6 9 10 12 14 15 16 20 21 24 25 s
18 1 3 4 6 7 8 16 20 22 24 25 s
19 1 2 5 6 15 16 22 23 24 s
20 1 5 10 11 12 13 14 16 17 18 21 22 25 s
21 3 4 5 6 8 9 15 16 17 20 22 24 s
22 6 10 18 19 20 21 s
23 1 4 6 9 10 11 12 13 16 19 25 s
24 3 4 6 7 10 12 13 14 15 16 17 18 19 21 25 s
25 2 3 4 6 8 9 10 11 13 14 15 17 18 20 23 24 s
