1 7 9 12 13 14 15 16 17 19 21 23 s
2 6 7 8 13 14 15 16 18 20 22 23 s
3 4 5 7 10 12 15 17 19 22 23 25 s
4 3 7 8 9 10 11 13 14 16 20 25 s
5 3 6 8 9 14 15 16 17 19 20 21 22 23 s
6 2 5 11 13 17 23 24 s
7 1 2 3 4 8 10 11 14 15 16 17 19 20 21 22 23 24 25 s
8 2 4 5 7 10 14 16 18 21 22 25 s
9 1 4 5 11 13 15 16 20 22 s
10 3 4 7 8 11 13 14 17 18 20 23 s
11 4 6 7 9 10 13 14 16 18 21 s
12 1 3 14 15 17 24 s
13 1 2 4 6 9 10 11 19 23 24 25 s
14 1 2 4 5 7 8 10 11 12 16 19 20 21 22 23 25 s
15 1 2 3 5 7 9 12 17 18 19 22 23 s
16 1 2 4 5 7 8 9 11 14 18 20 22 23 24 s
17 1 3 5 6 7 10 12 15 18 20 22 23 24 25 s
18 2 8 10 11 15 16 17 19 21 25 s
19 1 3 5 7 13 14 15 18 20 21 22 25 s
20 2 4 5 7 9 10 14 16 17 19 21 22 23 s
21 1 5 7 8 11 14 18 19 20 22 23 24 s
22 2 3 5 7 8 9 14 15 16 17 19 20 21 23 s
23 1 2 3 5 6 7 10 13 14 15 16 17 20 21 22 s
24 6 7 12 13 16 17 21 25 s
25 3 4 7 8 13 14 17 18 19 24 s
