1 5 6 8 10 11 12 13 25 s
2 3 4 5 6 14 16 17 18 19 25 s
3 2 4 11 12 13 17 18 20 21 25 s
4 2 3 7 8 9 13 14 15 17 19 21 22 s
5 1 2 7 10 12 13 14 15 17 18 21 23 24 s
6 1 2 9 10 13 14 15 18 19 20 23 24 25 s
7 4 5 8 9 10 11 12 13 14 15 16 17 19 22 24 s
8 1 4 7 11 14 15 16 17 18 20 21 23 24 25 s
9 4 6 7 10 11 12 16 17 18 20 21 25 s
10 1 5 6 7 9 12 13 15 16 18 19 20 21 23 25 s
11 1 3 7 8 9 14 15 19 21 22 25 s
12 1 3 5 7 9 10 14 15 16 19 21 23 25 s
13 1 3 4 5 6 7 10 14 18 19 21 22 25 s
14 2 4 5 6 7 8 11 12 13 15 18 20 21 s
15 4 5 6 7 8 10 11 12 14 17 19 20 23 24 25 s
16 2 7 8 9 10 12 19 20 22 23 s
17 2 3 4 5 7 8 9 15 19 21 22 25 s
18 2 3 5 6 8 9 10 13 14 20 24 s
19 2 4 6 7 10 11 12 13 15 16 17 20 21 23 24 25 s
20 3 6 8 9 10 14 15 16 18 19 21 25 s
21 3 4 5 8 9 10 11 12 13 14 17 19 20 25 s
22 4 7 11 13 16 17 24 s
23 5 6 8 10 12 15 16 19 25 s
24 5 6 7 8 15 18 19 22 25 s
25 1 2 3 6 8 9 10 11 12 13 15 17 19 20 21 23 24 s
