1 16 25 30 s
2 8 15 16 29 s
3 10 27 s
4 8 16 23 24 25 26 27 28 s
5 6 11 14 17 20 29 s
6 5 16 18 23 s
7 10 16 19 22 23 25 30 s
8 2 4 12 13 14 25 s
9 12 13 27 28 s
10 3 7 20 21 s
11 5 14 30 s
12 8 9 21 23 26 s
13 8 9 19 23 24 26 27 28 s
14 5 8 11 15 18 19 26 s
15 2 14 17 22 30 s
16 1 2 4 6 7 23 24 s
17 5 15 21 23 24 26 29 s
18 6 14 19 25 29 s
19 7 13 14 18 21 24 27 s
20 5 10 29 s
21 10 12 17 19 28 s
22 7 15 28 29 s
23 4 6 7 12 13 16 17 25 27 30 s
24 4 13 16 17 19 s
25 1 4 7 8 18 23 27 29 s
26 4 12 13 14 17 s
27 3 4 9 13 19 23 25 s
28 4 9 13 21 22 s
29 2 5 17 18 20 22 25 s
30 1 7 11 15 23 s
