1 5 7 8 19 21 29 s
2 4 23 25 28 s
3 7 11 19 26 30 s
4 2 14 29 s
5 1 10 11 13 18 22 26 s
6 13 15 19 23 s
7 1 3 8 14 23 25 30 s
8 1 7 22 23 24 30 s
9 10 11 17 22 s
10 5 9 11 13 17 21 22 24 26 28 s
11 3 5 9 10 13 16 17 18 20 25 29 s
12 16 20 30 s
13 5 6 10 11 20 s
14 4 7 15 20 21 23 27 s
15 6 14 16 17 19 24 25 s
16 11 12 15 17 30 s
17 9 10 11 15 16 23 26 29 30 s
18 5 11 20 21 23 29 s
19 1 3 6 15 21 23 27 s
20 11 12 13 14 18 24 28 s
21 1 10 14 18 19 22 26 s
22 5 8 9 10 21 23 28 30 s
23 2 6 7 8 14 17 18 19 22 26 30 s
24 8 10 15 20 s
25 2 7 11 15 26 27 29 s
26 3 5 10 17 21 23 25 29 s
27 14 19 25 s
28 2 10 20 22 s
29 1 4 11 17 18 25 26 s
30 3 7 8 12 16 17 22 23 s
