1 2 4 7 14 19 20 21 22 23 29 30 s
2 1 7 10 11 15 16 20 25 26 s
3 7 10 15 19 22 23 24 28 29 s
4 1 5 8 10 13 16 17 18 20 21 25 s
5 4 6 8 9 10 14 16 17 20 22 25 26 s
6 5 11 12 14 17 22 26 s
7 1 2 3 10 12 14 21 25 28 s
8 4 5 9 10 17 22 25 29 s
9 5 8 19 25 s
10 2 3 4 5 7 8 11 13 17 20 22 25 s
11 2 6 10 12 13 16 20 23 29 30 s
12 6 7 11 13 19 28 30 s
13 4 10 11 12 23 s
14 1 5 6 7 19 21 24 27 28 s
15 2 3 22 24 27 s
16 2 4 5 11 21 23 24 30 s
17 4 5 6 8 10 28 30 s
18 4 19 20 21 22 30 s
19 1 3 9 12 14 18 22 23 27 28 s
20 1 2 4 5 10 11 18 22 23 24 25 27 s
21 1 4 7 14 16 18 30 s
22 1 3 5 6 8 10 15 18 19 20 26 s
23 1 3 11 13 16 19 20 29 30 s
24 3 14 15 16 20 30 s
25 2 4 5 7 8 9 10 20 26 27 28 29 s
26 2 5 6 22 25 s
27 14 15 19 20 25 s
28 3 7 12 14 17 19 25 30 s
29 1 3 8 11 23 25 s
30 1 11 12 16 17 18 21 23 24 28 s
