1 3 8 10 14 15 20 21 23 26 27 s
2 4 5 7 10 13 25 29 s
3 1 5 7 9 15 19 23 24 27 s
4 2 5 16 17 18 22 s
5 2 3 4 9 10 13 17 21 28 s
6 12 19 s
7 2 3 15 17 19 20 21 25 27 28 30 s
8 1 9 11 17 24 30 s
9 3 5 8 17 21 23 27 28 s
10 1 2 5 14 21 23 24 26 30 s
11 8 15 24 28 29 s
12 6 16 17 20 21 22 25 27 29 s
13 2 5 17 19 20 23 25 28 s
14 1 10 15 18 21 22 26 27 s
15 1 3 7 11 14 16 20 s
16 4 12 15 20 22 s
17 4 5 7 8 9 12 13 20 23 30 s
18 4 14 21 23 s
19 3 6 7 13 23 24 28 29 30 s
20 1 7 12 13 15 16 17 25 s
21 1 5 7 9 10 12 14 18 22 s
22 4 12 14 16 21 s
23 1 3 9 10 13 17 18 19 24 27 30 s
24 3 8 10 11 19 23 28 29 30 s
25 2 7 12 13 20 26 27 s
26 1 10 14 25 27 s
27 1 3 7 9 12 14 23 25 26 29 30 s
28 5 7 9 11 13 19 24 s
29 2 11 12 19 24 27 s
30 7 8 10 17 19 23 24 27 s
