1 2 5 6 7 10 17 18 19 21 22 24 26 27 28 s
2 1 3 5 9 11 12 13 14 17 21 27 29 30 s
3 2 6 7 8 9 14 18 20 24 25 26 27 30 s
4 6 7 15 16 17 18 19 24 26 30 s
5 1 2 12 13 15 17 18 19 21 24 26 s
6 1 3 4 7 9 10 12 13 15 16 19 20 s
7 1 3 4 6 11 13 14 15 28 s
8 3 9 12 13 15 16 17 24 30 s
9 2 3 6 8 10 25 27 s
10 1 6 9 12 13 19 24 28 30 s
11 2 7 19 27 s
12 2 5 6 8 10 16 17 20 25 27 30 s
13 2 5 6 7 8 10 19 27 s
14 2 3 7 17 20 21 23 s
15 4 5 6 7 8 16 17 19 20 21 24 27 s
16 4 6 8 12 15 20 23 28 s
17 1 2 4 5 8 12 14 15 21 23 30 s
18 1 3 4 5 20 28 29 s
19 1 4 5 6 10 11 13 15 21 24 26 28 s
20 3 6 12 14 15 16 18 22 26 29 s
21 1 2 5 14 15 17 19 23 24 28 s
22 1 20 24 28 s
23 14 16 17 21 30 s
24 1 3 4 5 8 10 15 19 21 22 29 s
25 3 9 12 26 30 s
26 1 3 4 5 19 20 25 27 s
27 1 2 3 9 11 12 13 15 26 s
28 1 7 10 16 18 19 21 22 s
29 2 18 20 24 s
30 2 3 4 8 10 12 17 23 25 s
