1 2 4 5 8 9 10 13 14 16 20 21 25 26 27 28 29 s
2 1 4 5 7 8 10 13 14 22 26 29 s
3 7 9 11 17 19 21 22 23 25 26 29 s
4 1 2 5 7 11 13 16 17 20 24 27 29 30 s
5 1 2 4 7 11 13 14 15 16 21 23 24 25 26 27 28 29 s
6 11 13 16 18 20 21 22 27 28 30 s
7 2 3 4 5 9 10 13 14 15 18 20 21 24 27 29 30 s
8 1 2 10 12 15 16 17 20 21 22 23 25 27 28 29 30 s
9 1 3 7 11 12 13 14 15 17 18 20 21 22 23 24 29 30 s
10 1 2 7 8 12 13 14 16 17 18 20 21 23 24 25 26 27 29 s
11 3 4 5 6 9 12 13 15 16 17 18 21 24 27 28 29 s
12 8 9 10 11 14 15 17 18 20 22 24 26 27 29 30 s
13 1 2 4 5 6 7 9 10 11 15 20 23 24 28 29 s
14 1 2 5 7 9 10 12 15 16 21 22 26 28 30 s
15 5 7 8 9 11 12 13 14 16 18 23 24 25 27 28 29 30 s
16 1 4 5 6 8 10 11 14 15 18 19 20 24 25 26 27 28 30 s
17 3 4 8 9 10 11 12 18 19 20 21 22 23 24 26 27 29 30 s
18 6 7 9 10 11 12 15 16 17 20 22 24 25 s
19 3 16 17 22 24 26 27 28 29 30 s
20 1 4 6 7 8 9 10 12 13 16 17 18 21 22 24 26 29 s
21 1 3 5 6 7 8 9 10 11 14 17 20 22 23 25 s
22 2 3 6 8 9 12 14 17 18 19 20 21 24 25 26 s
23 3 5 8 9 10 13 15 17 21 24 25 28 30 s
24 4 5 7 9 10 11 12 13 15 16 17 18 19 20 22 23 29 30 s
25 1 3 5 8 10 15 16 18 21 22 23 26 27 s
26 1 2 3 5 10 12 14 16 17 19 20 22 25 28 29 30 s
27 1 4 5 6 7 8 10 11 12 15 16 17 19 25 28 s
28 1 5 6 8 11 13 14 15 16 19 23 26 27 29 30 s
29 1 2 3 4 5 7 8 9 10 11 12 13 15 17 19 20 24 26 28 30 s
30 4 6 7 8 9 12 14 15 16 17 19 23 24 26 28 29 s
