1 2 3 4 5 6 11 12 13 15 19 20 21 22 23 24 25 26 s
2 1 3 6 10 11 12 13 16 19 21 23 24 25 26 27 s
3 1 2 4 5 7 8 13 14 15 16 17 18 22 23 27 28 30 s
4 1 3 5 6 8 12 13 17 21 24 25 27 29 s
5 1 3 4 9 10 11 13 14 17 18 19 20 21 25 27 s
6 1 2 4 7 8 9 11 14 15 16 17 18 21 24 26 27 28 s
7 3 6 10 12 15 18 19 24 26 27 29 30 s
8 3 4 6 12 16 17 18 19 20 21 22 25 28 29 30 s
9 5 6 10 12 14 15 16 18 21 22 25 28 29 s
10 2 5 7 9 16 20 21 23 24 26 28 29 s
11 1 2 5 6 13 15 16 17 18 19 21 22 23 27 30 s
12 1 2 4 7 8 9 13 14 19 20 21 23 26 27 28 s
13 1 2 3 4 5 11 12 14 17 20 21 24 25 26 27 29 30 s
14 3 5 6 9 12 13 15 16 17 18 19 20 24 28 s
15 1 3 6 7 9 11 14 16 17 22 25 26 27 30 s
16 2 3 6 8 9 10 11 14 15 19 20 21 22 23 24 25 26 27 29 30 s
17 3 4 5 6 8 11 13 14 15 23 25 28 s
18 3 5 6 7 8 9 11 14 19 22 23 24 25 28 s
19 1 2 5 7 8 11 12 14 16 18 20 22 24 25 27 28 29 30 s
20 1 5 8 10 12 13 14 16 19 24 25 26 28 29 s
21 1 2 4 5 6 8 9 10 11 12 13 16 23 24 25 27 29 30 s
22 1 3 8 9 11 15 16 18 19 25 28 29 30 s
23 1 2 3 10 11 12 16 17 18 21 24 30 s
24 1 2 4 6 7 10 13 14 16 18 19 20 21 23 27 28 29 30 s
25 1 2 4 5 8 9 13 15 16 17 18 19 20 21 22 26 27 28 s
26 1 2 6 7 10 12 13 15 16 20 25 30 s
27 2 3 4 5 6 7 11 12 13 15 16 19 21 24 25 s
28 3 6 8 9 10 12 14 17 18 19 20 22 24 25 s
29 4 7 8 9 10 13 16 19 20 21 22 24 30 s
30 3 7 8 11 13 15 16 19 21 22 23 24 26 29 s
