1 3 6 8 9 10 11 12 14 16 18 19 20 25 29 s
2 3 4 5 6 7 8 9 10 16 17 18 19 20 21 23 25 27 28 s
3 1 2 4 6 12 13 14 18 21 22 26 28 29 30 s
4 2 3 5 8 9 10 14 19 20 21 22 23 27 30 s
5 2 4 8 10 11 13 16 17 18 19 22 23 24 25 26 27 28 29 30 s
6 1 2 3 7 9 11 13 14 15 17 18 19 20 22 23 25 27 28 29 s
7 2 6 8 9 11 12 17 20 24 25 26 27 28 29 30 s
8 1 2 4 5 7 10 11 15 19 21 22 25 27 29 30 s
9 1 2 4 6 7 10 12 15 18 19 21 22 24 25 28 s
10 1 2 4 5 8 9 11 12 13 14 15 17 19 20 21 22 24 26 28 30 s
11 1 5 6 7 8 10 12 13 16 17 18 19 20 21 23 24 26 30 s
12 1 3 7 9 10 11 14 18 19 20 21 22 23 24 25 27 28 30 s
13 3 5 6 10 11 14 15 17 19 20 21 22 28 29 30 s
14 1 3 4 6 10 12 13 15 18 20 21 23 24 26 27 28 29 30 s
15 6 8 9 10 13 14 16 17 20 22 23 24 25 26 28 s
16 1 2 5 11 15 18 19 20 21 22 23 25 26 s
17 2 5 6 7 10 11 13 15 19 20 22 23 24 27 30 s
18 1 2 3 5 6 9 11 12 14 16 20 21 22 23 27 28 29 30 s
19 1 2 4 5 6 8 9 10 11 12 13 16 17 21 24 25 26 29 30 s
20 1 2 4 6 7 10 11 12 13 14 15 16 17 18 21 22 25 27 29 s
21 2 3 4 8 9 10 11 12 13 14 16 18 19 20 24 25 26 27 30 s
22 3 4 5 6 8 9 10 12 13 15 16 17 18 20 26 27 30 s
23 2 4 5 6 11 12 14 15 16 17 18 25 27 28 29 s
24 5 7 9 10 11 12 14 15 17 19 21 26 27 28 29 s
25 1 2 5 6 7 8 9 12 15 16 19 20 21 23 26 28 29 30 s
26 3 5 7 10 11 14 15 16 19 21 22 24 25 27 28 30 s
27 2 4 5 6 7 8 12 14 17 18 20 21 22 23 24 26 29 s
28 2 3 5 6 7 9 10 12 13 14 15 18 23 24 25 26 29 s
29 1 3 5 6 7 8 13 14 18 19 20 23 24 25 27 28 s
30 3 4 5 7 8 10 11 12 13 14 17 18 19 21 22 25 26 s
