1 2 3 4 5 6 8 9 12 13 14 15 16 17 19 20 21 23 25 28 29 s
2 1 3 4 6 7 8 10 14 23 25 26 27 28 29 s
3 1 2 4 5 7 13 15 18 19 22 24 25 26 29 s
4 1 2 3 5 7 13 14 18 19 20 22 28 29 s
5 1 3 4 9 10 14 15 16 17 19 22 26 30 s
6 1 2 9 11 12 13 19 22 23 25 26 27 29 s
7 2 3 4 8 10 16 21 22 29 s
8 1 2 7 9 10 11 14 22 23 26 s
9 1 5 6 8 11 13 17 18 25 28 s
10 2 5 7 8 11 13 15 19 23 30 s
11 6 8 9 10 12 13 14 15 16 17 21 25 26 27 28 s
12 1 6 11 13 17 19 21 23 24 25 27 28 29 s
13 1 3 4 6 9 10 11 12 15 16 19 21 22 25 26 27 29 30 s
14 1 2 4 5 8 11 17 18 22 24 27 29 30 s
15 1 3 5 10 11 13 17 19 20 25 26 28 29 30 s
16 1 5 7 11 13 17 18 21 22 23 25 26 27 30 s
17 1 5 9 11 12 14 15 16 18 19 20 21 23 27 s
18 3 4 9 14 16 17 21 23 24 25 26 27 28 29 s
19 1 3 4 5 6 10 12 13 15 17 20 22 23 25 26 27 28 s
20 1 4 15 17 19 21 22 24 28 s
21 1 7 11 12 13 16 17 18 20 22 23 24 25 28 29 s
22 3 4 5 6 7 8 13 14 16 19 20 21 23 26 28 30 s
23 1 2 6 8 10 12 16 17 18 19 21 22 24 25 27 28 29 30 s
24 3 12 14 18 20 21 23 26 28 s
25 1 2 3 6 9 11 12 13 15 16 18 19 21 23 28 30 s
26 2 3 5 6 8 11 13 15 16 18 19 22 24 27 30 s
27 2 6 11 12 13 14 16 17 18 19 23 26 28 s
28 1 2 4 9 11 12 15 18 19 20 21 22 23 24 25 27 29 s
29 1 2 3 4 6 7 12 13 14 15 18 21 23 28 s
30 5 10 13 14 15 16 22 23 25 26 s
