1 3 5 9 12 13 14 15 20 22 23 24 25 28 29 30 s
2 6 7 10 11 12 14 15 18 19 22 23 24 25 27 s
3 1 4 5 8 10 11 12 15 16 17 18 19 21 22 23 25 26 30 s
4 3 5 6 7 9 11 12 17 20 22 24 29 30 s
5 1 3 4 6 7 9 10 11 14 15 16 18 21 22 24 25 27 28 29 s
6 2 4 5 8 9 11 13 15 16 17 19 20 21 22 23 24 28 30 s
7 2 4 5 9 10 11 15 17 18 19 20 24 25 26 27 28 s
8 3 6 10 11 12 15 16 17 18 21 26 29 30 s
9 1 4 5 6 7 10 14 15 16 20 21 22 23 25 26 30 s
10 2 3 5 7 8 9 11 12 14 18 19 22 23 24 25 26 27 28 29 30 s
11 2 3 4 5 6 7 8 10 12 13 17 18 19 20 30 s
12 1 2 3 4 8 10 11 14 15 17 19 20 24 25 26 29 30 s
13 1 6 11 14 15 16 17 18 20 24 27 30 s
14 1 2 5 9 10 12 13 17 20 21 23 28 s
15 1 2 3 5 6 7 8 9 12 13 16 17 18 19 20 22 24 25 26 s
16 3 5 6 8 9 13 15 17 18 20 22 24 25 26 28 29 30 s
17 3 4 6 7 8 11 12 13 14 15 16 18 20 22 23 25 28 30 s
18 2 3 5 7 8 10 11 13 15 16 17 19 20 22 27 28 29 30 s
19 2 3 6 7 10 11 12 15 18 20 21 24 27 28 29 30 s
20 1 4 6 7 9 11 12 13 14 15 16 17 18 19 22 24 27 28 30 s
21 3 5 6 8 9 14 19 24 26 28 29 s
22 1 2 3 4 5 6 9 10 15 16 17 18 20 23 24 27 30 s
23 1 2 3 6 9 10 14 17 22 25 26 27 28 29 30 s
24 1 2 4 5 6 7 10 12 13 15 16 19 20 21 22 25 26 28 29 30 s
25 1 2 3 5 7 9 10 12 15 16 17 23 24 28 29 30 s
26 3 7 8 9 10 12 15 16 21 23 24 29 30 s
27 2 5 7 10 13 18 19 20 22 23 28 29 30 s
28 1 5 6 7 10 14 16 17 18 19 20 21 23 24 25 27 29 s
29 1 4 5 8 10 12 16 18 19 21 23 24 25 26 27 28 s
30 1 3 4 6 8 9 10 11 12 13 16 17 18 19 20 22 23 24 25 26 27 s
