1 2 4 7 10 15 18 21 23 24 28 s
2 1 5 9 12 14 17 20 25 26 27 28 30 s
3 5 6 7 8 11 18 19 20 22 23 26 27 s
4 1 6 7 10 13 14 15 17 19 23 27 28 30 s
5 2 3 8 10 12 14 22 23 24 27 28 29 s
6 3 4 9 10 11 13 17 18 20 21 23 27 s
7 1 3 4 8 10 14 16 18 19 20 21 23 25 26 27 28 29 s
8 3 5 7 14 15 16 19 24 26 s
9 2 6 12 13 14 15 18 19 21 22 23 25 29 30 s
10 1 4 5 6 7 11 12 14 17 27 28 s
11 3 6 10 13 15 17 18 21 22 24 28 29 30 s
12 2 5 9 10 16 17 19 22 23 27 30 s
13 4 6 9 11 14 16 17 23 27 s
14 2 4 5 7 8 9 10 13 17 20 22 29 s
15 1 4 8 9 11 17 18 21 22 23 24 25 27 30 s
16 7 8 12 13 19 22 23 25 27 29 30 s
17 2 4 6 10 11 12 13 14 15 18 20 21 23 25 29 s
18 1 3 6 7 9 11 15 17 19 20 23 24 25 26 28 s
19 3 4 7 8 9 12 16 18 21 24 25 26 28 30 s
20 2 3 6 7 14 17 18 23 24 25 26 28 30 s
21 1 6 7 9 11 15 17 19 22 24 25 26 27 30 s
22 3 5 9 11 12 14 15 16 21 23 24 27 28 s
23 1 3 4 5 6 7 9 12 13 15 16 17 18 20 22 24 25 26 30 s
24 1 5 8 11 15 18 19 20 21 22 23 25 26 28 s
25 2 7 9 15 16 17 18 19 20 21 23 24 26 30 s
26 2 3 7 8 18 19 20 21 23 24 25 29 30 s
27 2 3 4 5 6 7 10 12 13 15 16 21 22 28 29 30 s
28 1 2 4 5 7 10 11 18 19 20 22 24 27 s
29 5 7 9 11 14 16 17 26 27 s
30 2 4 9 11 12 15 16 19 20 21 23 25 26 27 s
