1 9 17 29 35 s
2 18 23 24 25 31 33 s
3 12 15 16 22 27 29 33 35 s
4 9 12 27 33 34 s
5 7 9 10 13 19 21 26 27 31 34 35 s
6 8 11 18 22 23 30 32 s
7 5 15 19 21 25 26 27 s
8 6 17 24 25 32 s
9 1 4 5 11 12 15 20 21 30 31 35 s
10 5 13 17 18 20 27 30 31 35 s
11 6 9 12 19 s
12 3 4 9 11 15 16 19 25 28 29 34 s
13 5 10 14 29 35 s
14 13 24 25 31 s
15 3 7 9 12 18 20 21 30 s
16 3 12 21 23 27 s
17 1 8 10 24 25 s
18 2 6 10 15 23 24 25 27 34 s
19 5 7 11 12 22 25 28 34 s
20 9 10 15 23 32 35 s
21 5 7 9 15 16 23 28 29 32 33 s
22 3 6 19 26 28 31 32 s
23 2 6 16 18 20 21 24 27 28 30 34 s
24 2 8 14 17 18 23 26 28 33 34 s
25 2 7 8 12 14 17 18 19 28 33 35 s
26 5 7 22 24 34 s
27 3 4 5 7 10 16 18 23 28 34 35 s
28 12 19 21 22 23 24 25 27 s
29 1 3 12 13 21 33 35 s
30 6 9 10 15 23 33 s
31 2 5 9 10 14 22 34 s
32 6 8 20 21 22 35 s
33 2 3 4 21 24 25 29 30 s
34 4 5 12 18 19 23 24 26 27 31 35 s
35 1 3 5 9 10 13 20 25 27 29 32 34 s
