1 2 5 7 8 10 13 15 17 21 22 26 29 35 s
2 1 4 5 11 13 18 23 31 32 33 35 s
3 5 7 12 22 23 25 33 s
4 2 9 16 19 22 28 29 30 s
5 1 2 3 7 13 14 15 19 24 30 s
6 11 20 25 26 27 33 s
7 1 3 5 10 16 17 19 29 33 34 35 s
8 1 11 14 15 31 32 s
9 4 11 17 18 22 23 29 31 33 35 s
10 1 7 12 15 22 29 34 35 s
11 2 6 8 9 13 18 20 21 22 27 31 35 s
12 3 10 13 35 s
13 1 2 5 11 12 23 26 30 s
14 5 8 17 23 25 28 30 31 32 35 s
15 1 5 8 10 17 21 23 26 28 30 33 s
16 4 7 25 28 32 34 s
17 1 7 9 14 15 20 21 32 35 s
18 2 9 11 19 25 27 30 31 s
19 4 5 7 18 22 24 25 27 29 30 31 s
20 6 11 17 21 27 34 35 s
21 1 11 15 17 20 23 s
22 1 3 4 9 10 11 19 34 s
23 2 3 9 13 14 15 21 29 32 35 s
24 5 19 26 30 35 s
25 3 6 14 16 18 19 26 27 28 29 35 s
26 1 6 13 15 24 25 27 28 s
27 6 11 18 19 20 25 26 32 s
28 4 14 15 16 25 26 30 s
29 1 4 7 9 10 19 23 25 30 33 s
30 4 5 13 14 15 18 19 24 28 29 33 s
31 2 8 9 11 14 18 19 s
32 2 8 14 16 17 23 27 35 s
33 2 3 6 7 9 15 29 30 s
34 7 10 16 20 22 s
35 1 2 7 9 10 11 12 14 17 20 23 24 25 32 s
