1 12 14 17 23 24 25 27 33 34 s
2 6 7 12 17 20 24 29 33 s
3 4 8 9 11 16 22 26 27 34 s
4 3 6 10 12 23 25 28 31 s
5 8 20 31 s
6 2 4 8 11 13 17 21 23 27 28 29 35 s
7 2 16 18 23 24 26 30 32 33 s
8 3 5 6 14 21 28 s
9 3 14 18 30 33 34 s
10 4 21 23 26 27 34 s
11 3 6 21 27 34 s
12 1 2 4 14 32 34 s
13 6 14 20 21 27 34 s
14 1 8 9 12 13 15 16 23 33 35 s
15 14 18 30 32 34 s
16 3 7 14 24 30 31 32 s
17 1 2 6 18 20 21 22 24 26 29 30 35 s
18 7 9 15 17 23 25 26 33 s
19 21 24 27 s
20 2 5 13 17 24 26 31 32 33 35 s
21 6 8 10 11 13 17 19 22 27 s
22 3 17 21 25 27 30 33 35 s
23 1 4 6 7 10 14 18 25 30 31 s
24 1 2 7 16 17 19 20 26 33 35 s
25 1 4 18 22 23 26 28 35 s
26 3 7 10 17 18 20 24 25 31 34 s
27 1 3 6 10 11 13 19 21 22 28 29 30 s
28 4 6 8 25 27 30 33 35 s
29 2 6 17 27 30 31 s
30 7 9 15 16 17 22 23 27 28 29 32 33 35 s
31 4 5 16 20 23 26 29 33 s
32 7 12 15 16 20 30 34 s
33 1 2 7 9 14 18 20 22 24 28 30 31 s
34 1 3 9 10 11 12 13 15 26 32 s
35 6 14 17 20 22 24 25 28 30 s
