1 7 8 10 11 14 15 18 20 26 28 34 s
2 4 5 7 9 10 13 14 17 19 33 35 s
3 5 6 13 19 22 24 25 26 28 32 s
4 2 5 7 18 21 24 27 30 31 35 s
5 2 3 4 14 15 19 23 24 25 28 31 32 s
6 3 11 12 13 14 16 18 20 27 s
7 1 2 4 10 12 20 27 29 31 33 s
8 1 9 12 15 20 27 31 33 s
9 2 8 12 13 18 21 24 25 26 27 28 29 30 s
10 1 2 7 12 14 16 27 s
11 1 6 13 19 21 24 25 29 34 s
12 6 7 8 9 10 18 21 22 31 35 s
13 2 3 6 9 11 15 18 31 33 34 35 s
14 1 2 5 6 10 18 21 29 30 33 35 s
15 1 5 8 13 18 28 30 34 s
16 6 10 19 23 32 s
17 2 19 22 26 27 29 30 s
18 1 4 6 9 12 13 14 15 25 26 27 29 33 s
19 2 3 5 11 16 17 27 34 s
20 1 6 7 8 21 31 34 35 s
21 4 9 11 12 14 20 22 27 29 32 34 s
22 3 12 17 21 27 28 29 31 s
23 5 16 24 30 s
24 3 4 5 9 11 23 28 s
25 3 5 9 11 18 28 30 33 s
26 1 3 9 17 18 35 s
27 4 6 7 8 9 10 17 18 19 21 22 28 s
28 1 3 5 9 15 22 24 25 27 31 35 s
29 7 9 11 14 17 18 21 22 35 s
30 4 9 14 15 17 23 25 33 s
31 4 5 7 8 12 13 20 22 28 s
32 3 5 16 21 34 s
33 2 7 8 13 14 18 25 30 35 s
34 1 11 13 15 19 20 21 32 s
35 2 4 12 13 14 20 26 28 29 33 s
