1 6 7 31 s
2 3 18 20 21 26 27 28 32 33 s
3 2 12 13 14 18 22 27 32 s
4 9 10 13 14 16 20 24 29 30 32 33 s
5 8 16 22 24 32 s
6 1 7 9 11 16 20 22 26 27 34 s
7 1 6 8 13 14 21 27 31 34 s
8 5 7 10 12 15 16 19 20 22 23 26 32 35 s
9 4 6 13 18 21 23 25 28 30 34 s
10 4 8 11 12 16 19 27 28 32 34 s
11 6 10 12 16 23 26 29 32 35 s
12 3 8 10 11 13 17 21 27 28 30 32 34 s
13 3 4 7 9 12 15 16 19 22 23 25 26 28 35 s
14 3 4 7 17 18 20 24 26 28 35 s
15 8 13 18 23 24 35 s
16 4 5 6 8 10 11 13 20 21 22 24 33 s
17 12 14 18 20 24 s
18 2 3 9 14 15 17 20 27 29 31 34 35 s
19 8 10 13 23 25 26 34 s
20 2 4 6 8 14 16 17 18 22 s
21 2 7 9 12 16 23 25 30 34 s
22 3 5 6 8 13 16 20 24 29 34 s
23 8 9 11 13 15 19 21 31 32 33 35 s
24 4 5 14 15 16 17 22 29 31 s
25 9 13 19 21 29 31 s
26 2 6 8 11 13 14 19 28 35 s
27 2 3 6 7 10 12 18 s
28 2 9 10 12 13 14 26 33 34 s
29 4 11 18 22 24 25 32 35 s
30 4 9 12 21 32 35 s
31 1 7 18 23 24 25 32 s
32 2 3 4 5 8 10 11 12 23 29 30 31 s
33 2 4 16 23 28 s
34 6 7 9 10 12 18 19 21 22 28 s
35 8 11 13 14 15 18 23 26 29 30 s
