1 2 3 6 7 9 12 14 18 21 23 25 27 28 30 31 32 35 s
2 1 3 6 7 9 14 15 16 21 22 26 30 31 33 34 35 s
3 1 2 4 6 7 9 10 14 20 22 23 24 25 26 27 28 30 31 33 35 s
4 3 7 8 11 13 15 17 18 19 20 21 28 29 30 32 33 35 s
5 6 7 11 12 13 14 15 16 18 21 22 24 27 28 32 33 s
6 1 2 3 5 7 10 11 12 13 14 15 19 20 21 22 28 29 30 32 34 35 s
7 1 2 3 4 5 6 10 12 13 14 15 16 17 18 19 20 22 24 26 30 32 33 35 s
8 4 9 10 14 15 16 19 20 21 22 24 25 28 30 34 s
9 1 2 3 8 10 11 14 15 17 19 20 23 26 27 28 29 30 32 35 s
10 3 6 7 8 9 11 12 14 16 18 19 20 21 23 24 26 27 29 30 31 34 s
11 4 5 6 9 10 12 13 14 15 16 17 19 21 22 23 25 32 33 s
12 1 5 6 7 10 11 14 15 16 17 20 21 24 25 26 27 29 30 31 32 34 s
13 4 5 6 7 11 14 15 17 18 19 20 24 25 26 28 29 31 32 35 s
14 1 2 3 5 6 7 8 9 10 11 12 13 15 16 18 19 21 23 26 29 31 32 s
15 2 4 5 6 7 8 9 11 12 13 14 16 17 18 20 21 23 24 27 29 33 s
16 2 5 7 8 10 11 12 14 15 17 18 19 22 23 24 25 26 27 28 29 31 35 s
17 4 7 9 11 12 13 15 16 20 21 23 24 25 29 31 34 35 s
18 1 4 5 7 10 13 14 15 16 19 20 23 24 26 27 30 31 34 35 s
19 4 6 7 8 9 10 11 13 14 16 18 20 21 22 23 24 28 33 s
20 3 4 6 7 8 9 10 12 13 15 17 18 19 23 25 26 27 28 30 32 33 s
21 1 2 4 5 6 8 10 11 12 14 15 17 19 23 26 27 28 29 30 34 35 s
22 2 3 5 6 7 8 11 16 19 29 30 33 34 35 s
23 1 3 9 10 11 14 15 16 17 18 19 20 21 24 25 26 27 30 33 35 s
24 3 5 7 8 10 12 13 15 16 17 18 19 23 25 29 34 35 s
25 1 3 8 11 12 13 16 17 20 23 24 27 29 31 32 s
26 2 3 7 9 10 12 13 14 16 18 20 21 23 32 35 s
27 1 3 5 9 10 12 15 16 18 20 21 23 25 28 30 32 35 s
28 1 3 4 5 6 8 9 13 16 19 20 21 27 30 33 35 s
29 4 6 9 10 12 13 14 15 16 17 21 22 24 25 33 34 s
30 1 2 3 4 6 7 8 9 10 12 18 20 21 22 23 27 28 34 s
31 1 2 3 10 12 13 14 16 17 18 25 35 s
32 1 4 5 6 7 9 11 12 13 14 20 25 26 27 33 34 35 s
33 2 3 4 5 7 11 15 19 20 22 23 28 29 32 34 s
34 2 6 8 10 12 17 18 21 22 24 29 30 32 33 35 s
35 1 2 3 4 6 7 9 13 16 17 18 21 22 23 24 26 27 28 31 32 34 s
