1 3 4 6 9 10 11 13 15 17 21 22 23 24 26 28 29 31 s
2 3 5 11 12 13 14 20 21 24 25 26 28 29 32 35 s
3 1 2 5 7 8 14 15 16 19 21 24 25 27 29 30 31 33 35 s
4 1 6 7 10 12 13 14 16 18 20 26 28 29 31 33 35 s
5 2 3 8 9 10 11 13 14 15 16 18 21 22 25 26 28 29 30 31 32 s
6 1 4 7 8 12 15 19 22 23 25 26 27 30 31 33 34 s
7 3 4 6 8 9 10 11 13 15 16 19 20 22 27 29 32 34 s
8 3 5 6 7 9 10 13 14 19 20 23 26 28 31 32 33 s
9 1 5 7 8 10 11 18 20 21 22 26 28 31 34 35 s
10 1 4 5 7 8 9 11 13 14 15 16 18 23 25 26 29 30 32 33 34 35 s
11 1 2 5 7 9 10 12 13 14 17 18 19 23 24 25 28 29 30 31 32 34 35 s
12 2 4 6 11 13 15 17 21 22 25 28 29 32 33 35 s
13 1 2 4 5 7 8 10 11 12 16 17 18 19 20 25 27 28 30 31 33 34 35 s
14 2 3 4 5 8 10 11 16 17 18 21 22 23 24 25 26 27 29 30 32 34 35 s
15 1 3 5 6 7 10 12 17 19 20 21 22 26 28 31 33 34 s
16 3 4 5 7 10 13 14 20 21 22 24 25 28 29 31 34 35 s
17 1 11 12 13 14 15 18 19 20 21 22 23 25 26 28 29 30 31 32 33 34 35 s
18 4 5 9 10 11 13 14 17 21 22 27 31 32 34 s
19 3 6 7 8 11 13 15 17 21 26 29 31 32 33 34 s
20 2 4 7 8 9 13 15 16 17 21 22 26 28 30 31 32 33 35 s
21 1 2 3 5 9 12 14 15 16 17 18 19 20 26 27 28 29 31 34 35 s
22 1 5 6 7 9 12 14 15 16 17 18 20 25 28 29 30 31 32 34 s
23 1 6 8 10 11 14 17 25 27 28 30 33 34 35 s
24 1 2 3 11 14 16 25 27 29 31 32 33 34 s
25 2 3 5 6 10 11 12 13 14 16 17 22 23 24 26 27 28 31 s
26 1 2 4 5 6 8 9 10 14 15 17 19 20 21 25 28 30 33 s
27 3 6 7 13 14 18 21 23 24 25 29 32 34 s
28 1 2 4 5 8 9 11 12 13 15 16 17 20 21 22 23 25 26 29 32 35 s
29 1 2 3 4 5 7 10 11 12 14 16 17 19 21 22 24 27 28 33 34 35 s
30 3 5 6 10 11 13 14 17 20 22 23 26 32 34 35 s
31 1 3 4 5 6 8 9 11 13 15 16 17 18 19 20 21 22 24 25 32 s
32 2 5 7 8 10 11 12 14 17 18 19 20 22 24 27 28 30 31 33 s
33 3 4 6 8 10 12 13 15 17 19 20 23 24 26 29 32 34 s
34 6 7 9 10 11 13 14 15 16 17 18 19 21 22 23 24 27 29 30 33 35 s
35 2 3 4 9 10 11 12 13 14 16 17 20 21 23 28 29 30 34 s
