1 2 3 7 9 12 13 15 17 20 26 28 31 32 33 34 s
2 1 6 10 13 14 16 17 18 19 22 23 24 25 26 31 s
3 1 4 5 11 12 13 15 16 19 25 29 32 s
4 3 5 7 8 9 11 12 13 19 22 24 25 26 27 29 34 35 s
5 3 4 9 10 11 13 15 19 20 22 26 27 28 29 32 35 s
6 2 8 16 18 19 21 28 29 31 33 34 s
7 1 4 11 13 17 18 20 21 22 24 25 27 28 29 s
8 4 6 11 12 13 17 19 20 21 22 23 26 29 30 33 34 35 s
9 1 4 5 12 14 15 17 19 21 22 23 25 26 28 31 33 s
10 2 5 11 13 14 16 24 28 31 32 34 35 s
11 3 4 5 7 8 10 13 14 16 18 19 22 23 24 27 29 31 33 34 35 s
12 1 3 4 8 9 14 17 19 20 21 22 23 26 28 29 30 31 34 s
13 1 2 3 4 5 7 8 10 11 15 16 17 18 19 21 24 27 28 32 34 s
14 2 9 10 11 12 18 20 21 23 24 25 26 27 31 32 33 35 s
15 1 3 5 9 13 16 17 19 23 24 25 27 30 33 34 s
16 2 3 6 10 11 13 15 17 20 21 23 26 28 29 31 s
17 1 2 7 8 9 12 13 15 16 20 21 22 23 24 26 30 31 33 s
18 2 6 7 11 13 14 20 21 25 28 32 33 34 s
19 2 3 4 5 6 8 9 11 12 13 15 20 21 22 24 29 30 32 s
20 1 5 7 8 12 14 16 17 18 19 23 26 29 31 32 33 34 s
21 6 7 8 9 12 13 14 16 17 18 19 22 24 26 27 31 32 s
22 2 4 5 7 8 9 11 12 17 19 21 25 27 29 30 33 s
23 2 8 9 11 12 14 15 16 17 20 27 28 29 30 31 34 s
24 2 4 7 10 11 13 14 15 17 19 21 26 28 33 34 35 s
25 2 3 4 7 9 14 15 18 22 26 29 31 32 33 34 35 s
26 1 2 4 5 8 9 12 14 16 17 20 21 24 25 30 31 32 33 s
27 4 5 7 11 13 14 15 21 22 23 28 29 30 32 33 35 s
28 1 5 6 7 9 10 12 13 16 18 23 24 27 29 30 32 34 s
29 3 4 5 6 7 8 11 12 16 19 20 22 23 25 27 28 34 35 s
30 8 12 15 17 19 22 23 26 27 28 32 33 s
31 1 2 6 9 10 11 12 14 16 17 20 21 23 25 26 32 33 35 s
32 1 3 5 10 13 14 18 19 20 21 25 26 27 28 30 31 33 35 s
33 1 6 8 9 11 14 15 17 18 20 22 24 25 26 27 30 31 32 35 s
34 1 4 6 8 10 11 12 13 15 18 20 23 24 25 28 29 35 s
35 4 5 8 10 11 14 24 25 27 29 31 32 33 34 s
