1 3 4 8 9 10 12 14 16 17 18 20 21 23 24 26 31 32 33 34 35 s
2 4 5 6 7 8 9 10 12 13 16 17 18 19 22 24 27 28 29 31 33 34 s
3 1 4 6 7 8 11 12 13 16 17 18 19 22 23 24 27 28 29 31 33 35 s
4 1 2 3 5 6 8 9 11 12 14 17 18 21 22 23 26 29 30 32 33 s
5 2 4 7 11 19 21 23 24 27 32 33 s
6 2 3 4 8 9 11 12 14 19 20 22 23 26 30 32 34 s
7 2 3 5 8 12 15 17 27 28 31 35 s
8 1 2 3 4 6 7 9 11 13 15 16 20 22 24 27 32 35 s
9 1 2 4 6 8 11 15 17 19 20 21 23 24 28 29 30 31 32 s
10 1 2 12 16 18 19 22 25 26 27 28 31 35 s
11 3 4 5 6 8 9 12 15 16 17 19 20 22 25 28 29 31 33 34 s
12 1 2 3 4 6 7 10 11 13 15 16 17 18 19 21 23 24 26 27 29 31 s
13 2 3 8 12 17 19 20 21 24 25 26 28 30 31 33 34 35 s
14 1 4 6 18 20 21 22 25 26 32 s
15 7 8 9 11 12 17 18 25 26 27 33 35 s
16 1 2 3 8 10 11 12 18 19 27 28 31 33 34 35 s
17 1 2 3 4 7 9 11 12 13 15 21 22 23 25 26 27 29 31 32 35 s
18 1 2 3 4 10 12 14 15 16 19 23 24 26 27 28 29 30 31 32 s
19 2 3 5 6 9 10 11 12 13 16 18 20 21 25 26 27 28 32 34 s
20 1 6 8 9 11 13 14 19 22 23 25 26 27 28 29 32 34 35 s
21 1 4 5 9 12 13 14 17 19 24 25 26 27 28 29 33 35 s
22 2 3 4 6 8 10 11 14 17 20 23 24 25 26 29 31 34 35 s
23 1 3 4 5 6 9 12 17 18 20 22 25 27 29 33 34 s
24 1 2 3 5 8 9 12 13 18 21 22 27 29 30 31 32 33 34 s
25 10 11 13 14 15 17 19 20 21 22 23 26 28 32 34 35 s
26 1 4 6 10 12 13 14 15 17 18 19 20 21 22 25 27 28 29 30 34 s
27 2 3 5 7 8 10 12 15 16 17 18 19 20 21 23 24 26 28 30 32 33 s
28 2 3 7 9 10 11 13 16 18 19 20 21 25 26 27 29 34 s
29 2 3 4 9 11 12 17 18 20 21 22 23 24 26 28 31 32 33 s
30 4 6 9 13 18 24 26 27 31 32 33 34 s
31 1 2 3 7 9 10 11 12 13 16 17 18 22 24 29 30 32 34 35 s
32 1 4 5 6 8 9 14 17 18 19 20 24 25 27 29 30 31 33 s
33 1 2 3 4 5 11 13 15 16 21 23 24 27 29 30 32 35 s
34 1 2 6 11 13 16 19 20 22 23 24 25 26 28 30 31 35 s
35 1 3 7 8 10 13 15 16 17 20 21 22 25 31 33 34 s
