1 2 6 11 14 17 18 19 20 21 24 29 31 32 s
2 1 3 7 9 10 12 16 19 20 21 22 24 25 27 30 31 s
3 2 6 7 8 13 14 15 16 18 19 20 21 26 28 30 33 34 35 s
4 5 6 8 10 11 12 15 19 21 22 23 26 28 32 34 35 s
5 4 8 9 10 11 12 13 18 19 21 22 26 28 31 33 34 s
6 1 3 4 7 8 9 10 13 14 15 17 21 23 24 27 28 30 31 34 35 s
7 2 3 6 9 12 13 14 15 16 17 18 19 20 21 23 24 27 28 29 30 31 s
8 3 4 5 6 11 13 14 16 17 18 19 21 22 27 29 30 33 35 s
9 2 5 6 7 10 11 13 14 16 18 20 21 24 28 29 31 32 33 35 s
10 2 4 5 6 9 11 13 14 17 18 21 24 28 31 32 34 35 s
11 1 4 5 8 9 10 15 16 24 26 27 29 s
12 2 4 5 7 14 15 17 18 19 20 21 22 24 26 27 31 35 s
13 3 5 6 7 8 9 10 21 22 23 24 27 28 s
14 1 3 6 7 8 9 10 12 15 18 20 21 23 25 26 27 29 30 32 33 34 35 s
15 3 4 6 7 11 12 14 16 21 23 25 28 30 32 33 35 s
16 2 3 7 8 9 11 15 18 20 25 27 28 29 30 32 33 34 35 s
17 1 6 7 8 10 12 20 21 28 29 32 s
18 1 3 5 7 8 9 10 12 14 16 21 24 25 29 30 33 34 s
19 1 2 3 4 5 7 8 12 22 24 27 32 35 s
20 1 2 3 7 9 12 14 16 17 21 22 23 24 26 27 28 29 30 31 32 35 s
21 1 2 3 4 5 6 7 8 9 10 12 13 14 15 17 18 20 22 25 27 28 29 31 33 34 s
22 2 4 5 8 12 13 19 20 21 23 24 26 27 28 29 31 33 s
23 4 6 7 13 14 15 20 22 25 26 27 28 29 30 31 32 33 s
24 1 2 6 7 9 10 11 12 13 18 19 20 22 25 26 31 s
25 2 14 15 16 18 21 23 24 27 28 31 s
26 3 4 5 11 12 14 20 22 23 24 29 30 31 34 35 s
27 2 6 7 8 11 12 13 14 16 19 20 21 22 23 25 31 34 35 s
28 3 4 5 6 7 9 10 13 15 16 17 20 21 22 23 25 29 32 33 s
29 1 7 8 9 11 14 16 17 18 20 21 22 23 26 28 30 32 34 s
30 2 3 6 7 8 14 15 16 18 20 23 26 29 31 32 35 s
31 1 2 5 6 7 9 10 12 20 21 22 23 24 25 26 27 30 33 34 s
32 1 4 9 10 14 15 16 17 19 20 23 28 29 30 34 35 s
33 3 5 8 9 14 15 16 18 21 22 23 28 31 s
34 3 4 5 6 10 14 16 18 21 26 27 29 31 32 s
35 3 4 6 8 9 10 12 14 15 16 19 20 26 27 30 32 s
