1 2 5 6 7 8 9 14 15 16 18 22 24 25 26 28 32 35 s
2 1 3 4 7 8 9 11 12 13 14 16 19 21 23 26 29 30 33 34 s
3 2 5 6 8 14 15 19 20 21 22 23 24 25 26 28 31 32 33 s
4 2 6 7 8 13 15 17 18 21 24 26 27 28 30 31 33 34 35 s
5 1 3 7 9 12 15 24 27 28 29 30 s
6 1 3 4 7 10 11 12 13 14 16 18 20 22 25 26 27 33 s
7 1 2 4 5 6 9 12 16 19 20 23 27 28 29 35 s
8 1 2 3 4 9 12 13 14 15 17 19 22 23 26 29 30 34 35 s
9 1 2 5 7 8 11 12 13 15 17 18 21 22 23 26 27 30 s
10 6 12 14 15 19 22 23 24 25 26 27 28 29 31 32 33 34 35 s
11 2 6 9 12 16 17 18 20 22 28 30 33 35 s
12 2 5 6 7 8 9 10 11 13 19 20 23 27 31 34 35 s
13 2 4 6 8 9 12 15 16 17 18 20 21 25 26 27 30 32 34 s
14 1 2 3 6 8 10 20 21 22 25 27 29 30 33 34 35 s
15 1 3 4 5 8 9 10 13 16 18 19 22 23 26 28 31 32 35 s
16 1 2 6 7 11 13 15 17 19 20 23 26 30 31 32 35 s
17 4 8 9 11 13 16 20 21 23 24 26 28 29 33 35 s
18 1 4 6 9 11 13 15 19 21 23 28 30 33 34 s
19 2 3 7 8 10 12 15 16 18 22 23 27 28 32 33 35 s
20 3 6 7 11 12 13 14 16 17 21 22 24 25 27 28 29 30 33 34 s
21 2 3 4 9 13 14 17 18 20 22 24 25 26 28 34 35 s
22 1 3 6 8 9 10 11 14 15 19 20 21 23 25 26 27 30 31 32 34 s
23 2 3 7 8 9 10 12 15 16 17 18 19 22 24 25 29 30 33 35 s
24 1 3 4 5 10 17 20 21 23 25 33 s
25 1 3 6 10 13 14 20 21 22 23 24 26 32 35 s
26 1 2 3 4 6 8 9 10 13 15 16 17 21 22 25 27 31 32 33 34 s
27 4 5 6 7 9 10 12 13 14 19 20 22 26 30 31 32 35 s
28 1 3 4 5 7 10 11 15 17 18 19 20 21 29 33 34 s
29 2 5 7 8 10 14 17 20 23 28 31 s
30 2 4 5 8 9 11 13 14 16 18 20 22 23 27 31 33 35 s
31 3 4 10 12 15 16 22 26 27 29 30 32 34 s
32 1 3 10 13 15 16 19 22 25 26 27 31 33 34 s
33 2 3 4 6 10 11 14 17 18 19 20 23 24 26 28 30 32 s
34 2 4 8 10 12 13 14 18 20 21 22 26 28 31 32 35 s
35 1 4 7 8 10 11 12 14 15 16 17 19 21 23 25 27 30 34 s
