1 5 9 17 18 23 25 33 s
2 9 21 25 27 29 34 37 40 s
3 6 11 14 15 18 36 s
4 17 20 22 25 27 36 39 s
5 1 9 10 16 20 22 29 35 36 38 s
6 3 7 9 18 24 26 30 34 s
7 6 14 25 26 27 29 40 s
8 10 11 18 29 35 37 39 40 s
9 1 2 5 6 12 16 20 21 29 37 s
10 5 8 11 18 19 26 28 30 32 s
11 3 8 10 13 17 25 32 33 35 36 40 s
12 9 13 15 17 23 25 26 29 31 32 33 38 39 s
13 11 12 14 20 24 31 34 35 36 s
14 3 7 13 20 27 32 36 38 s
15 3 12 17 20 29 31 35 36 37 s
16 5 9 20 22 24 28 29 34 38 40 s
17 1 4 11 12 15 21 25 26 32 33 34 40 s
18 1 3 6 8 10 21 22 23 26 28 30 38 s
19 10 21 24 27 28 32 33 36 38 s
20 4 5 9 13 14 15 16 22 27 31 32 34 35 s
21 2 9 17 18 19 23 24 25 28 36 37 38 s
22 4 5 16 18 20 33 34 40 s
23 1 12 18 21 25 26 32 37 s
24 6 13 16 19 21 31 39 s
25 1 2 4 7 11 12 17 21 23 28 37 s
26 6 7 10 12 17 18 23 31 34 36 38 40 s
27 2 4 7 14 19 20 28 31 40 s
28 10 16 18 19 21 25 27 29 39 s
29 2 5 7 8 9 12 15 16 28 33 s
30 6 10 18 31 34 35 36 s
31 12 13 15 20 24 26 27 30 35 s
32 10 11 12 14 17 19 20 23 39 40 s
33 1 11 12 17 19 22 29 35 s
34 2 6 13 16 17 20 22 26 30 37 38 39 s
35 5 8 11 13 15 20 30 31 33 37 38 s
36 3 4 5 11 13 14 15 19 21 26 30 37 s
37 2 8 9 15 21 23 25 34 35 36 38 40 s
38 5 12 14 16 18 19 21 26 34 35 37 40 s
39 4 8 12 24 28 32 34 s
40 2 7 8 11 16 17 22 26 27 32 37 38 s
