1 23 25 26 29 35 s
2 13 21 23 24 25 32 s
3 14 16 31 33 35 40 s
4 12 16 23 25 28 29 30 33 38 s
5 7 10 11 19 20 21 24 27 29 30 36 s
6 7 8 20 21 22 25 30 33 35 s
7 5 6 11 13 14 15 16 18 30 31 s
8 6 14 15 19 23 32 33 34 37 s
9 11 14 15 20 22 29 37 39 40 s
10 5 12 15 18 21 22 36 39 s
11 5 7 9 12 18 20 23 24 29 32 39 s
12 4 10 11 15 22 23 28 30 31 35 s
13 2 7 19 27 29 30 33 35 38 40 s
14 3 7 8 9 15 21 24 28 29 30 34 35 s
15 7 8 9 10 12 14 24 26 28 30 31 33 36 39 s
16 3 4 7 17 21 22 23 31 37 s
17 16 19 28 33 34 35 36 s
18 7 10 11 20 23 25 30 34 37 38 39 s
19 5 8 13 17 26 31 36 37 39 40 s
20 5 6 9 11 18 21 25 26 27 35 38 s
21 2 5 6 10 14 16 20 29 33 35 37 s
22 6 9 10 12 16 31 32 34 35 36 37 38 40 s
23 1 2 4 8 11 12 16 18 29 30 32 s
24 2 5 11 14 15 31 33 34 s
25 1 2 4 6 18 20 28 33 34 37 38 39 s
26 1 15 19 20 27 32 39 40 s
27 5 13 20 26 38 s
28 4 12 14 15 17 25 29 31 32 36 39 s
29 1 4 5 9 11 13 14 21 23 28 30 36 38 40 s
30 4 5 6 7 12 13 14 15 18 23 29 s
31 3 7 12 15 16 19 22 24 28 33 36 37 38 s
32 2 8 11 22 23 26 28 34 38 s
33 3 4 6 8 13 15 17 21 24 25 31 36 38 s
34 8 14 17 18 22 24 25 32 36 38 39 s
35 1 3 6 12 13 14 17 20 21 22 s
36 5 10 15 17 19 22 28 29 31 33 34 s
37 8 9 16 18 19 21 22 25 31 39 s
38 4 13 18 20 22 25 27 29 31 32 33 34 s
39 9 10 11 15 18 19 25 26 28 34 37 s
40 3 9 13 19 22 26 29 s
