1 3 6 9 12 19 21 25 26 29 30 s
2 3 6 13 15 25 26 29 32 39 40 s
3 1 2 4 7 10 17 19 26 30 33 s
4 3 13 16 20 25 38 39 s
5 6 10 11 16 18 20 31 34 s
6 1 2 5 13 15 21 26 38 s
7 3 17 18 19 26 27 32 33 36 37 s
8 10 19 22 28 32 37 40 s
9 1 10 11 14 21 23 28 33 39 40 s
10 3 5 8 9 17 31 32 34 36 s
11 5 9 16 21 27 29 31 37 40 s
12 1 13 19 21 30 36 39 s
13 2 4 6 12 14 27 28 31 32 36 37 39 40 s
14 9 13 16 18 26 29 37 38 s
15 2 6 24 30 39 s
16 4 5 11 14 20 26 27 29 33 36 37 39 s
17 3 7 10 20 25 27 s
18 5 7 14 20 24 25 26 32 39 s
19 1 3 7 8 12 25 28 29 33 s
20 4 5 16 17 18 22 25 26 37 40 s
21 1 6 9 11 12 32 38 s
22 8 20 24 25 32 33 36 s
23 9 29 34 s
24 15 18 22 26 28 32 33 38 s
25 1 2 4 17 18 19 20 22 31 32 34 37 39 s
26 1 2 3 6 7 14 16 18 20 24 27 29 35 37 38 s
27 7 11 13 16 17 26 30 35 38 s
28 8 9 13 19 24 32 37 40 s
29 1 2 11 14 16 19 23 26 s
30 1 3 12 15 27 40 s
31 5 10 11 13 25 38 s
32 2 7 8 10 13 18 21 22 24 25 28 34 35 38 s
33 3 7 9 16 19 22 24 35 36 38 s
34 5 10 23 25 32 s
35 26 27 32 33 39 40 s
36 7 10 12 13 16 22 33 s
37 7 8 11 13 14 16 20 25 26 28 38 s
38 4 6 14 21 24 26 27 31 32 33 37 s
39 2 4 9 12 13 15 16 18 25 35 s
40 2 8 9 11 13 20 28 30 35 s
