1 2 5 6 7 11 12 20 21 25 38 s
2 1 3 6 10 19 22 30 33 34 s
3 2 4 7 15 17 19 20 21 22 31 34 37 40 s
4 3 5 11 15 17 23 25 29 30 33 34 s
5 1 4 9 12 13 20 22 24 27 30 40 s
6 1 2 10 11 17 20 21 22 25 29 32 s
7 1 3 9 14 17 18 19 21 32 33 37 s
8 15 17 23 24 25 28 33 36 s
9 5 7 14 15 23 27 30 32 36 39 40 s
10 2 6 11 12 15 20 25 27 29 30 31 36 s
11 1 4 6 10 12 13 17 19 21 24 25 26 28 32 35 39 s
12 1 5 10 11 16 22 24 25 27 28 30 32 36 s
13 5 11 22 27 31 33 38 39 40 s
14 7 9 16 21 22 23 24 34 37 s
15 3 4 8 9 10 17 18 19 20 24 29 36 37 38 s
16 12 14 18 21 22 24 27 29 36 37 39 s
17 3 4 6 7 8 11 15 28 34 36 38 39 s
18 7 15 16 20 24 29 30 31 32 34 s
19 2 3 7 11 15 23 26 29 30 31 34 35 s
20 1 3 5 6 10 15 18 26 27 31 39 s
21 1 3 6 7 11 14 16 29 34 40 s
22 2 3 5 6 12 13 14 16 38 39 s
23 4 8 9 14 19 28 38 s
24 5 8 11 12 14 15 16 18 26 32 35 36 38 s
25 1 4 6 8 10 11 12 30 37 s
26 11 19 20 24 30 31 33 34 37 39 s
27 5 9 10 12 13 16 20 30 32 33 35 38 s
28 8 11 12 17 23 30 34 40 s
29 4 6 10 15 16 18 19 21 37 40 s
30 2 4 5 9 10 12 18 19 25 26 27 28 35 38 s
31 3 10 13 18 19 20 26 38 s
32 6 7 9 11 12 18 24 27 34 35 s
33 2 4 7 8 13 26 27 36 s
34 2 3 4 14 17 18 19 21 26 28 32 37 s
35 11 19 24 27 30 32 36 37 s
36 8 9 10 12 15 16 17 24 33 35 37 40 s
37 3 7 14 15 16 25 26 29 34 35 36 38 40 s
38 1 13 15 17 22 23 24 27 30 31 37 40 s
39 9 11 13 16 17 20 22 26 s
40 3 5 9 13 21 28 29 36 37 38 s
