1 3 4 11 14 17 19 22 27 30 36 40 s
2 7 11 15 18 20 24 30 33 37 38 39 40 s
3 1 9 10 12 16 20 22 23 26 29 30 32 33 34 38 s
4 1 9 10 12 15 19 20 24 25 26 29 31 36 37 38 s
5 6 8 12 16 18 20 23 30 33 39 40 s
6 5 8 10 11 13 15 16 17 19 23 24 25 28 31 32 34 s
7 2 13 14 17 21 24 28 33 34 35 38 s
8 5 6 10 12 13 18 19 21 22 23 24 25 26 31 38 s
9 3 4 10 11 16 23 31 36 39 s
10 3 4 6 8 9 15 20 22 25 37 40 s
11 1 2 6 9 13 15 16 19 20 21 22 23 32 35 40 s
12 3 4 5 8 14 16 17 27 29 32 35 36 37 39 40 s
13 6 7 8 11 15 16 23 25 26 27 29 31 32 36 s
14 1 7 12 17 19 23 28 30 31 34 38 s
15 2 4 6 10 11 13 28 32 37 38 39 s
16 3 5 6 9 11 12 13 19 22 24 25 26 27 30 31 32 34 37 s
17 1 6 7 12 14 25 27 28 29 32 33 36 s
18 2 5 8 24 26 31 34 38 s
19 1 4 6 8 11 14 16 23 27 28 29 30 36 39 s
20 2 3 4 5 10 11 21 22 24 37 s
21 7 8 11 20 36 39 s
22 1 3 8 10 11 16 20 34 36 37 s
23 3 5 6 8 9 11 13 14 19 25 28 29 30 32 36 37 39 s
24 2 4 6 7 8 16 18 20 33 34 36 s
25 4 6 8 10 13 16 17 23 s
26 3 4 8 13 16 18 29 34 s
27 1 12 13 16 17 19 28 29 32 33 34 s
28 6 7 14 15 17 19 23 27 31 36 40 s
29 3 4 12 13 17 19 23 26 27 30 33 34 38 s
30 1 2 3 5 14 16 19 23 29 37 39 40 s
31 4 6 8 9 13 14 16 18 28 39 s
32 3 6 11 12 13 15 16 17 23 27 33 35 36 s
33 2 3 5 7 17 24 27 29 32 37 s
34 3 6 7 14 16 18 22 24 26 27 29 s
35 7 11 12 32 38 s
36 1 4 9 12 13 17 19 21 22 23 24 28 32 38 s
37 2 4 10 12 15 16 20 22 23 30 33 38 40 s
38 2 3 4 7 8 14 15 18 29 35 36 37 39 s
39 2 5 9 12 15 19 21 23 30 31 38 s
40 1 2 5 10 11 12 28 30 37 s
