1 2 4 5 6 16 18 20 21 22 23 26 27 30 34 39 s
2 1 3 8 9 10 11 13 15 17 21 23 29 30 31 33 34 37 s
3 2 6 7 9 10 13 14 19 20 22 25 29 33 34 37 38 39 s
4 1 5 15 17 23 26 28 29 32 36 37 38 39 40 s
5 1 4 6 11 12 13 15 19 22 23 27 30 31 32 34 35 37 38 39 s
6 1 3 5 7 10 11 17 19 21 24 25 26 27 29 32 37 39 40 s
7 3 6 11 14 16 18 25 26 28 29 33 34 35 36 37 38 40 s
8 2 13 14 16 18 19 20 24 29 30 31 33 34 35 36 37 38 s
9 2 3 11 13 14 15 16 18 19 25 26 28 32 33 34 40 s
10 2 3 6 11 15 16 17 19 22 24 25 26 28 30 33 34 35 36 37 38 39 s
11 2 5 6 7 9 10 20 21 23 24 25 27 29 30 31 34 35 37 38 39 s
12 5 13 16 20 21 22 23 24 25 29 30 36 37 39 40 s
13 2 3 5 8 9 12 14 15 18 20 23 26 28 30 31 32 33 36 38 s
14 3 7 8 9 13 17 18 19 20 21 23 25 26 27 28 32 34 36 38 40 s
15 2 4 5 9 10 13 16 17 19 20 22 23 24 26 29 31 32 35 36 38 39 s
16 1 7 8 9 10 12 15 17 18 19 26 27 28 30 34 35 36 37 40 s
17 2 4 6 10 14 15 16 18 19 20 21 22 23 28 29 32 33 37 38 40 s
18 1 7 8 9 13 14 16 17 20 21 23 24 26 28 30 32 33 36 37 39 s
19 3 5 6 8 9 10 14 15 16 17 20 22 23 25 26 28 29 30 31 33 34 37 38 s
20 1 3 8 11 12 13 14 15 17 18 19 24 27 28 31 32 33 34 37 39 s
21 1 2 6 11 12 14 17 18 24 25 28 29 31 32 35 36 39 s
22 1 3 5 10 12 15 17 19 27 28 29 30 33 37 38 39 s
23 1 2 4 5 11 12 13 14 15 17 18 19 25 28 30 34 35 36 37 38 s
24 6 8 10 11 12 15 18 20 21 27 28 31 37 39 s
25 3 6 7 9 10 11 12 14 19 21 23 26 29 30 31 34 37 38 39 40 s
26 1 4 6 7 9 10 13 14 15 16 18 19 25 27 28 29 30 33 34 35 36 s
27 1 5 6 11 14 16 20 22 24 26 28 31 36 37 40 s
28 4 7 9 10 13 14 16 17 18 19 20 21 22 23 24 26 27 32 35 36 37 s
29 2 3 4 6 7 8 11 12 15 17 19 21 22 25 26 30 32 34 35 36 38 39 40 s
30 1 2 5 8 10 11 12 13 16 18 19 22 23 25 26 29 31 33 36 37 38 39 40 s
31 2 5 8 11 13 15 19 20 21 24 25 27 30 34 36 38 40 s
32 4 5 6 9 13 14 15 17 18 20 21 28 29 34 36 37 38 s
33 2 3 7 8 9 10 13 17 18 19 20 22 26 30 34 35 36 38 s
34 1 2 3 5 7 8 9 10 11 14 16 19 20 23 25 26 29 31 32 33 35 38 s
35 5 7 8 10 11 15 16 21 23 26 28 29 33 34 36 s
36 4 7 8 10 12 13 14 15 16 18 21 23 26 27 28 29 30 31 32 33 35 38 39 40 s
37 2 3 4 5 6 7 8 10 11 12 16 17 18 19 20 22 23 24 25 27 28 30 32 38 39 40 s
38 3 4 5 7 8 10 11 13 14 15 17 19 22 23 25 29 30 31 32 33 34 36 37 s
39 1 3 4 5 6 10 11 12 15 18 20 21 22 24 25 29 30 36 37 s
40 4 6 7 9 12 14 16 17 25 27 29 30 31 36 37 s
