1 2 3 4 10 11 12 13 15 17 18 21 22 23 26 27 28 29 30 31 32 34 35 36 38 40 s
2 1 5 6 9 11 13 14 15 16 17 18 19 20 22 23 24 25 27 28 30 31 33 34 35 37 38 39 s
3 1 4 5 6 7 9 10 12 16 17 18 19 20 22 23 26 27 29 30 31 33 35 36 40 s
4 1 3 7 8 9 10 11 12 14 15 17 19 22 26 27 28 30 33 35 36 37 38 39 40 s
5 2 3 6 7 8 10 12 14 17 18 21 22 23 24 26 28 29 32 34 35 36 37 40 s
6 2 3 5 8 9 10 11 13 15 18 20 21 22 24 26 27 28 30 31 32 33 35 36 37 40 s
7 3 4 5 8 10 13 15 16 17 18 20 22 24 25 26 28 29 30 31 33 34 38 s
8 4 5 6 7 11 13 14 15 18 19 20 21 24 25 27 30 31 32 33 34 36 s
9 2 3 4 6 10 11 12 14 16 18 20 22 24 25 27 29 30 31 32 34 35 38 39 s
10 1 3 4 5 6 7 9 11 12 13 14 16 17 18 20 21 23 24 27 31 35 37 39 s
11 1 2 4 6 8 9 10 12 13 14 17 18 19 21 22 23 24 25 26 32 33 34 35 36 37 s
12 1 3 4 5 9 10 11 13 14 15 16 18 20 22 24 31 32 33 35 38 40 s
13 1 2 6 7 8 10 11 12 14 17 19 22 25 27 29 30 32 34 38 40 s
14 2 4 5 8 9 10 11 12 13 15 17 19 21 23 25 30 35 38 40 s
15 1 2 4 6 7 8 12 14 16 17 18 21 25 26 28 29 30 31 32 33 35 36 39 s
16 2 3 7 9 10 12 15 17 18 22 24 26 30 31 35 39 s
17 1 2 3 4 5 7 10 11 13 14 15 16 18 21 22 23 25 26 29 31 35 39 40 s
18 1 2 3 5 6 7 8 9 10 11 12 15 16 17 19 22 25 27 29 30 33 35 37 38 s
19 2 3 4 8 11 13 14 18 21 23 24 26 27 28 29 31 33 36 38 40 s
20 2 3 6 7 8 9 10 12 21 24 25 26 27 28 31 34 35 37 38 39 40 s
21 1 5 6 8 10 11 14 15 17 19 20 25 27 30 35 36 38 s
22 1 2 3 4 5 6 7 9 11 12 13 16 17 18 25 26 27 29 36 39 40 s
23 1 2 3 5 10 11 14 17 19 24 25 27 30 31 32 33 40 s
24 2 5 6 7 8 9 10 11 12 16 19 20 23 26 29 33 38 39 40 s
25 2 7 8 9 11 13 14 15 17 18 20 21 22 23 28 31 32 33 34 36 37 40 s
26 1 3 4 5 6 7 11 15 16 17 19 20 22 24 28 29 30 31 32 33 35 36 39 s
27 1 2 3 4 6 8 9 10 13 18 19 20 21 22 23 28 33 35 40 s
28 1 2 4 5 6 7 15 19 20 25 26 27 34 35 38 s
29 1 3 5 7 9 13 15 17 18 19 22 24 26 31 35 38 40 s
30 1 2 3 4 6 7 8 9 13 14 15 16 18 21 23 26 32 34 35 36 37 38 39 40 s
31 1 2 3 6 7 8 9 10 12 15 16 17 19 20 23 25 26 29 32 35 39 40 s
32 1 5 6 8 9 11 12 13 15 23 25 26 30 31 33 36 38 s
33 2 3 4 6 7 8 11 12 15 18 19 23 24 25 26 27 32 35 36 37 40 s
34 1 2 5 7 8 9 11 13 20 25 28 30 38 39 40 s
35 1 2 3 4 5 6 9 10 11 12 14 15 16 17 18 20 21 26 27 28 29 30 31 33 36 37 39 40 s
36 1 3 4 5 6 8 11 15 19 21 22 25 26 30 32 33 35 37 38 39 s
37 2 4 5 6 10 11 18 20 25 30 33 35 36 38 39 s
38 1 2 4 7 9 12 13 14 18 19 20 21 24 28 29 30 32 34 36 37 s
39 2 4 9 10 15 16 17 20 22 24 26 30 31 34 35 36 37 40 s
40 1 3 4 5 6 12 13 14 17 19 20 22 23 24 25 27 29 30 31 33 34 35 39 s
