1 8 10 13 15 16 17 20 21 22 23 24 25 26 29 31 33 37 40 s
2 4 5 8 10 11 12 13 20 23 25 28 30 31 35 36 37 s
3 5 7 8 11 15 17 20 24 25 28 30 32 35 38 39 s
4 2 5 6 10 14 15 18 21 24 26 28 31 32 33 36 37 39 s
5 2 3 4 8 9 10 12 13 14 15 18 19 21 22 25 31 34 35 37 38 39 40 s
6 4 10 12 14 15 16 19 22 23 24 26 27 29 32 33 34 35 36 37 38 s
7 3 8 10 12 15 16 17 21 25 26 27 29 30 31 32 36 38 39 40 s
8 1 2 3 5 7 9 12 13 14 16 18 24 25 26 27 28 31 32 33 34 35 38 39 40 s
9 5 8 10 13 16 17 18 19 21 22 24 27 28 29 30 31 33 34 35 36 37 38 40 s
10 1 2 4 5 6 7 9 11 17 19 20 21 23 25 27 28 29 31 32 34 35 36 38 40 s
11 2 3 10 12 17 18 24 26 27 31 32 33 34 36 37 39 s
12 2 5 6 7 8 11 13 16 17 18 19 21 22 23 26 27 28 30 32 33 36 38 40 s
13 1 2 5 8 9 12 14 15 16 17 21 22 23 24 25 28 29 32 33 34 35 37 38 s
14 4 5 6 8 13 15 16 18 19 20 24 25 26 27 31 33 34 37 39 s
15 1 3 4 5 6 7 13 14 17 18 21 23 24 25 31 32 33 34 38 39 40 s
16 1 6 7 8 9 12 13 14 17 19 20 21 22 23 24 25 26 27 29 30 31 33 37 38 40 s
17 1 3 7 9 10 11 12 13 15 16 18 19 20 22 25 26 28 30 33 34 35 36 39 s
18 4 5 8 9 11 12 14 15 17 19 20 21 22 23 24 27 29 31 34 36 37 38 40 s
19 5 6 9 10 12 14 16 17 18 20 21 23 24 26 27 29 30 32 33 35 36 37 38 39 40 s
20 1 2 3 10 14 16 17 18 19 24 30 31 32 33 35 36 37 38 39 s
21 1 4 5 7 9 10 12 13 15 16 18 19 22 26 27 31 32 33 36 37 s
22 1 5 6 9 12 13 16 17 18 21 23 24 26 28 30 31 32 36 37 38 s
23 1 2 6 10 12 13 15 16 18 19 22 25 29 33 34 35 39 40 s
24 1 3 4 6 8 9 11 13 14 15 16 18 19 20 22 25 27 28 30 32 33 34 39 40 s
25 1 2 3 5 7 8 10 13 14 15 16 17 23 24 28 29 31 36 37 39 40 s
26 1 4 6 7 8 11 12 14 16 17 19 21 22 30 31 35 36 39 40 s
27 6 7 8 9 10 11 12 14 16 18 19 21 24 28 29 34 38 s
28 2 3 4 8 9 10 12 13 17 22 24 25 27 29 31 32 33 34 s
29 1 6 7 9 10 13 16 18 19 23 25 27 28 30 31 33 34 35 39 s
30 2 3 7 9 12 16 17 19 20 22 24 26 29 31 32 33 35 37 39 40 s
31 1 2 4 5 7 8 9 10 11 14 15 16 18 20 21 22 25 26 28 29 30 32 33 35 37 38 40 s
32 3 4 6 7 8 10 11 12 13 15 19 20 21 22 24 28 30 31 33 36 37 s
33 1 4 6 8 9 11 12 13 14 15 16 17 19 20 21 23 24 28 29 30 31 32 34 39 40 s
34 5 6 8 9 10 11 13 14 15 17 18 23 24 27 28 29 33 39 40 s
35 2 3 5 6 8 9 10 13 17 19 20 23 26 29 30 31 37 s
36 2 4 6 7 9 10 11 12 17 18 19 20 21 22 25 26 32 37 40 s
37 1 2 4 5 6 9 11 13 14 16 18 19 20 21 22 25 30 31 32 35 36 38 39 s
38 3 5 6 7 8 9 10 12 13 15 16 18 19 20 22 27 31 37 39 40 s
39 3 4 5 7 8 11 14 15 17 19 20 23 24 25 26 29 30 33 34 37 38 40 s
40 1 5 7 8 9 10 12 15 16 18 19 23 24 25 26 30 31 33 34 36 38 39 s
