1 3 7 13 18 24 27 28 31 32 37 40 44 45 s
2 9 12 14 16 20 22 24 25 28 29 34 35 40 42 44 s
3 1 6 8 9 15 16 28 34 35 37 39 40 43 44 s
4 6 7 8 10 11 12 14 17 20 21 22 30 33 40 43 s
5 8 9 10 11 14 16 21 23 24 29 32 35 38 39 40 41 43 s
6 3 4 8 14 17 20 22 27 31 34 36 38 40 45 s
7 1 4 8 10 11 12 15 19 23 25 26 29 33 s
8 3 4 5 6 7 10 11 15 20 25 27 30 39 44 45 s
9 2 3 5 13 18 19 24 27 30 34 38 40 44 s
10 4 5 7 8 12 16 19 20 24 27 29 31 33 35 36 39 42 45 s
11 4 5 7 8 12 17 21 30 31 32 36 37 38 45 s
12 2 4 7 10 11 17 18 19 20 23 26 30 31 33 35 42 43 44 s
13 1 9 14 15 17 24 25 29 30 32 34 35 40 42 43 44 s
14 2 4 5 6 13 23 25 28 30 32 36 37 39 40 41 43 44 s
15 3 7 8 13 16 18 19 22 23 24 25 26 28 30 33 s
16 2 3 5 10 15 22 26 28 33 35 40 45 s
17 4 6 11 12 13 18 19 25 26 38 41 42 s
18 1 9 12 15 17 19 20 22 25 28 29 31 36 38 40 43 44 s
19 7 9 10 12 15 17 18 22 23 33 34 35 36 40 42 45 s
20 2 4 6 8 10 12 18 21 25 26 28 32 36 38 s
21 4 5 11 20 23 24 26 29 34 37 38 44 s
22 2 4 6 15 16 18 19 23 24 26 28 36 39 42 s
23 5 7 12 14 15 19 21 22 25 29 32 35 36 42 43 45 s
24 1 2 5 9 10 13 15 21 22 27 30 33 40 41 45 s
25 2 7 8 13 14 15 17 18 20 23 30 33 38 s
26 7 12 15 16 17 20 21 22 31 33 39 41 45 s
27 1 6 8 9 10 24 29 40 s
28 1 2 3 14 15 16 18 20 22 33 34 37 40 43 s
29 2 5 7 10 13 18 21 23 27 35 40 44 s
30 4 8 9 11 12 13 14 15 24 25 32 36 39 s
31 1 6 10 11 12 18 26 35 36 39 41 s
32 1 5 11 13 14 20 23 30 34 35 42 44 s
33 4 7 10 12 15 16 19 24 25 26 28 35 37 42 s
34 2 3 6 9 13 19 21 28 32 36 37 38 43 44 45 s
35 2 3 5 10 12 13 16 19 23 29 31 32 33 37 40 41 s
36 6 10 11 14 18 19 20 22 23 30 31 34 43 s
37 1 3 11 14 21 28 33 34 35 38 39 40 44 s
38 5 6 9 11 17 18 20 21 25 34 37 45 s
39 3 5 8 10 14 22 26 30 31 37 41 44 s
40 1 2 3 4 5 6 9 13 14 16 18 19 24 27 28 29 35 37 s
41 5 14 17 24 26 31 35 39 44 s
42 2 10 12 13 17 19 22 23 32 33 s
43 3 4 5 12 13 14 18 23 28 34 36 45 s
44 1 2 3 8 9 12 13 14 18 21 29 32 34 37 39 41 s
45 1 6 8 10 11 16 19 23 24 26 34 38 43 s
