1 7 10 15 20 23 25 29 30 36 38 39 45 s
2 5 10 15 18 19 23 25 33 35 36 44 s
3 5 10 12 13 15 22 23 24 27 29 32 34 35 36 38 40 45 s
4 5 9 18 22 24 27 29 30 32 35 39 41 42 s
5 2 3 4 6 9 10 14 17 21 23 24 25 26 27 28 29 30 34 37 39 42 43 44 45 s
6 5 11 12 16 17 18 19 20 23 25 26 28 31 35 37 42 43 s
7 1 10 11 15 20 23 24 30 32 34 36 38 s
8 9 11 12 15 16 21 28 32 37 38 s
9 4 5 8 12 15 25 28 29 31 36 44 s
10 1 2 3 5 7 12 13 14 15 17 21 22 23 25 26 29 38 39 42 43 s
11 6 7 8 13 19 20 22 23 26 29 31 35 36 41 45 s
12 3 6 8 9 10 13 14 21 27 33 35 36 38 44 s
13 3 10 11 12 15 19 20 22 26 30 34 40 42 44 s
14 5 10 12 15 16 17 18 19 29 30 34 38 39 43 s
15 1 2 3 7 8 9 10 13 14 23 26 28 31 33 38 s
16 6 8 14 19 23 27 33 34 40 41 42 43 s
17 5 6 10 14 19 21 23 26 27 28 32 35 39 41 s
18 2 4 6 14 22 24 43 45 s
19 2 6 11 13 14 16 17 20 23 24 27 28 30 35 39 40 41 42 43 45 s
20 1 6 7 11 13 19 21 23 26 29 31 32 38 41 43 44 s
21 5 8 10 12 17 20 26 32 38 s
22 3 4 10 11 13 18 23 24 26 33 40 s
23 1 2 3 5 6 7 10 11 15 16 17 19 20 22 33 34 42 s
24 3 4 5 7 18 19 22 28 32 34 40 s
25 1 2 5 6 9 10 26 35 45 s
26 5 6 10 11 13 15 17 20 21 22 25 31 34 35 39 s
27 3 4 5 12 16 17 19 29 30 34 41 42 s
28 5 6 8 9 15 17 19 24 34 38 41 42 43 s
29 1 3 4 5 9 10 11 14 20 27 33 40 41 43 44 45 s
30 1 4 5 7 13 14 19 27 32 34 41 s
31 6 9 11 15 20 26 32 36 40 41 42 44 s
32 3 4 7 8 17 20 21 24 30 31 36 37 39 41 s
33 2 12 15 16 22 23 29 39 41 44 45 s
34 3 5 7 13 14 16 23 24 26 27 28 30 35 36 40 41 s
35 2 3 4 6 11 12 17 19 25 26 34 40 41 45 s
36 1 2 3 7 9 11 12 31 32 34 38 39 41 45 s
37 5 6 8 32 38 41 44 s
38 1 3 7 8 10 12 14 15 20 21 28 36 37 45 s
39 1 4 5 10 14 17 19 26 32 33 36 43 45 s
40 3 13 16 19 22 24 29 31 34 35 41 43 s
41 4 11 16 17 19 20 27 28 29 30 31 32 33 34 35 36 37 40 s
42 4 5 6 10 13 16 19 23 27 28 31 44 45 s
43 5 6 10 14 16 18 19 20 28 29 39 40 44 s
44 2 5 9 12 13 20 29 31 33 37 42 43 s
45 1 3 5 11 18 19 25 29 33 35 36 38 39 42 s
