1 5 6 12 14 16 27 29 34 s
2 3 6 7 8 17 23 30 37 41 42 45 s
3 2 4 9 17 20 23 25 28 30 36 42 s
4 3 15 21 27 36 42 43 44 s
5 1 12 15 18 19 37 38 41 44 s
6 1 2 10 14 15 18 21 24 27 28 34 37 40 43 s
7 2 12 18 24 37 42 43 s
8 2 18 21 22 29 30 31 38 39 40 42 s
9 3 10 12 14 16 18 34 38 s
10 6 9 19 22 24 25 26 32 37 38 40 41 45 s
11 16 20 25 26 39 s
12 1 5 7 9 14 17 20 26 28 34 s
13 20 22 23 24 33 35 40 s
14 1 6 9 12 21 24 31 32 35 38 40 41 45 s
15 4 5 6 16 23 30 42 s
16 1 9 11 15 19 20 21 25 28 31 35 42 44 45 s
17 2 3 12 18 19 24 29 33 35 39 s
18 5 6 7 8 9 17 19 25 35 37 40 41 44 45 s
19 5 10 16 17 18 20 23 25 27 28 29 31 35 40 s
20 3 11 12 13 16 19 23 26 28 29 36 37 38 41 s
21 4 6 8 14 16 27 30 32 37 s
22 8 10 13 23 25 29 32 36 39 41 44 s
23 2 3 13 15 19 20 22 29 31 s
24 6 7 10 13 14 17 28 30 32 33 34 s
25 3 10 11 16 18 19 22 26 37 39 s
26 10 11 12 20 25 33 38 39 40 s
27 1 4 6 19 21 30 34 s
28 3 6 12 16 19 20 24 31 32 37 38 40 43 s
29 1 8 17 19 20 22 23 31 34 35 36 37 39 43 s
30 2 3 8 15 21 24 27 40 45 s
31 8 14 16 19 23 28 29 33 35 36 40 44 s
32 10 14 21 22 24 28 35 37 39 43 s
33 13 17 24 26 31 45 s
34 1 6 9 12 24 27 29 43 44 45 s
35 13 14 16 17 18 19 29 31 32 37 38 s
36 3 4 20 22 29 31 39 41 43 s
37 2 5 6 7 10 18 20 21 25 28 29 32 35 41 s
38 5 8 9 10 14 20 26 28 35 40 44 s
39 8 11 17 22 25 26 29 32 36 40 s
40 6 8 10 13 14 18 19 26 28 30 31 38 39 41 42 s
41 2 5 10 14 18 20 22 36 37 40 43 45 s
42 2 3 4 7 8 15 16 40 45 s
43 4 6 7 28 29 32 34 36 41 s
44 4 5 16 18 22 31 34 38 s
45 2 10 14 16 18 30 33 34 41 42 s
