1 2 6 11 14 15 19 30 31 37 39 s
2 1 3 7 15 23 26 29 30 39 45 s
3 2 5 10 13 17 20 21 26 29 30 32 36 s
4 13 15 24 27 35 36 40 44 s
5 3 6 11 12 13 18 25 28 31 32 35 38 41 43 45 s
6 1 5 10 13 15 16 18 24 s
7 2 9 17 20 21 23 25 26 35 s
8 12 18 20 22 29 37 40 41 s
9 7 10 12 16 25 31 37 39 41 43 s
10 3 6 9 14 16 19 32 34 44 s
11 1 5 16 23 25 29 40 45 s
12 5 8 9 23 31 36 37 43 45 s
13 3 4 5 6 14 17 19 25 26 27 29 32 39 43 45 s
14 1 10 13 28 29 32 34 42 45 s
15 1 2 4 6 19 23 25 29 33 36 38 39 42 44 45 s
16 6 9 10 11 20 26 27 28 36 37 42 43 45 s
17 3 7 13 20 21 28 29 35 37 39 40 42 43 s
18 5 6 8 24 27 30 31 32 35 38 40 s
19 1 10 13 15 23 29 30 36 37 38 40 41 44 45 s
20 3 7 8 16 17 22 27 29 31 33 34 36 37 38 39 42 43 s
21 3 7 17 28 30 32 34 35 39 40 s
22 8 20 30 38 41 43 44 s
23 2 7 11 12 15 19 27 29 33 37 38 s
24 4 6 18 28 29 30 31 35 39 41 s
25 5 7 9 11 13 15 26 27 29 33 37 42 s
26 2 3 7 13 16 25 30 31 34 36 40 41 43 s
27 4 13 16 18 20 23 25 29 36 42 s
28 5 14 16 17 21 24 30 32 41 44 s
29 2 3 8 11 13 14 15 17 19 20 23 24 25 27 38 42 44 45 s
30 1 2 3 18 19 21 22 24 26 28 35 40 44 s
31 1 5 9 12 18 20 24 26 38 39 43 s
32 3 5 10 13 14 18 21 28 38 s
33 15 20 23 25 40 44 45 s
34 10 14 20 21 26 38 44 s
35 4 5 7 17 18 21 24 30 37 38 40 43 s
36 3 4 12 15 16 19 20 26 27 39 45 s
37 1 8 9 12 16 17 19 20 23 25 35 44 s
38 5 15 18 19 20 22 23 29 31 32 34 35 39 43 45 s
39 1 2 9 13 15 17 20 21 24 31 36 38 s
40 4 8 11 17 18 19 21 26 30 33 35 44 s
41 5 8 9 19 22 24 26 28 44 s
42 14 15 16 17 20 25 27 29 43 44 45 s
43 5 9 12 13 16 17 20 22 26 31 35 38 42 45 s
44 4 10 15 19 22 28 29 30 33 34 37 40 41 42 45 s
45 2 5 11 12 13 14 15 16 19 29 33 36 38 42 43 44 s
