1 2 6 7 8 14 19 20 21 22 23 24 27 28 30 34 35 36 38 41 44 s
2 1 3 4 7 10 11 12 14 15 17 18 19 22 23 24 27 29 31 32 33 37 43 s
3 2 7 8 9 10 12 16 17 18 21 22 27 29 37 38 40 42 s
4 2 5 6 7 9 11 12 16 25 30 40 44 s
5 4 6 7 11 20 24 25 30 32 33 37 38 39 41 s
6 1 4 5 8 9 11 19 20 21 25 32 38 39 40 42 43 s
7 1 2 3 4 5 9 14 18 21 33 35 36 40 s
8 1 3 6 15 20 22 24 30 31 35 36 37 39 40 43 45 s
9 3 4 6 7 14 26 28 31 32 40 s
10 2 3 12 15 16 19 24 28 29 32 36 41 s
11 2 4 5 6 15 16 17 19 21 22 31 45 s
12 2 3 4 10 16 19 20 21 24 26 30 32 36 37 43 44 s
13 15 18 19 24 28 29 41 42 44 s
14 1 2 7 9 18 20 26 39 42 45 s
15 2 8 10 11 13 16 24 25 33 41 42 45 s
16 3 4 10 11 12 15 18 20 24 27 33 36 39 44 s
17 2 3 11 23 25 34 36 39 40 45 s
18 2 3 7 13 14 16 20 24 32 34 35 39 41 44 45 s
19 1 2 6 10 11 12 13 21 38 s
20 1 5 6 8 12 14 16 18 31 34 37 s
21 1 3 6 7 11 12 19 23 26 27 28 29 30 31 35 42 s
22 1 2 3 8 11 24 26 32 33 36 44 45 s
23 1 2 17 21 24 25 28 29 31 32 35 39 s
24 1 2 5 8 10 12 13 15 16 18 22 23 26 33 34 40 41 43 s
25 4 5 6 15 17 23 27 29 31 35 45 s
26 9 12 14 21 22 24 27 32 42 44 45 s
27 1 2 3 16 21 25 26 30 38 39 s
28 1 9 10 13 21 23 39 41 s
29 2 3 10 13 21 23 25 33 35 s
30 1 4 5 8 12 21 27 32 33 38 39 43 s
31 2 8 9 11 20 21 23 25 32 34 36 s
32 2 5 6 9 10 12 18 22 23 26 30 31 36 37 s
33 2 5 7 15 16 22 24 29 30 41 45 s
34 1 17 18 20 24 31 42 s
35 1 7 8 18 21 23 25 29 38 s
36 1 7 8 10 12 16 17 22 31 32 38 43 44 s
37 2 3 5 8 12 20 32 39 43 44 s
38 1 3 5 6 19 27 30 35 36 42 s
39 5 6 8 14 16 17 18 23 27 28 30 37 44 45 s
40 3 4 6 7 8 9 17 24 44 45 s
41 1 5 10 13 15 18 24 28 33 44 s
42 3 6 13 14 15 21 26 34 38 44 s
43 2 6 8 12 24 30 36 37 s
44 1 4 12 13 16 18 22 26 36 37 39 40 41 42 45 s
45 8 11 14 15 17 18 22 25 26 33 39 40 44 s
