1 6 7 8 10 11 12 14 15 16 22 23 24 26 29 30 31 35 39 40 43 s
2 3 4 5 6 7 8 11 12 13 15 20 23 25 26 27 28 31 32 33 34 35 36 38 39 42 43 44 s
3 2 4 5 8 10 13 18 21 22 24 25 26 27 28 33 35 38 41 44 45 s
4 2 3 6 10 13 14 16 17 18 19 21 22 23 25 28 32 33 35 36 38 40 42 43 s
5 2 3 6 7 8 10 11 14 15 17 19 20 21 26 27 28 29 30 31 32 34 35 37 38 40 41 42 43 44 45 s
6 1 2 4 5 9 11 12 13 14 19 22 23 24 25 27 28 31 33 35 38 40 42 s
7 1 2 5 8 9 10 12 13 15 16 17 20 21 22 23 24 25 28 30 32 33 36 37 38 39 40 41 42 s
8 1 2 3 5 7 9 11 14 16 18 19 20 21 23 25 28 30 31 32 35 37 40 41 43 44 45 s
9 6 7 8 11 15 16 17 18 22 23 25 28 29 33 34 37 40 42 43 44 45 s
10 1 3 4 5 7 13 14 15 16 17 19 20 21 22 23 24 25 26 28 31 32 33 36 37 38 40 43 s
11 1 2 5 6 8 9 12 13 14 17 18 19 20 21 25 26 27 29 30 32 35 36 37 41 44 s
12 1 2 6 7 11 14 19 20 21 23 30 33 34 37 40 42 43 45 s
13 2 3 4 6 7 10 11 20 21 22 25 28 29 35 39 41 42 43 44 45 s
14 1 4 5 6 8 10 11 12 15 16 18 19 20 21 23 26 27 28 29 31 34 35 36 37 39 42 44 s
15 1 2 5 7 9 10 14 16 19 22 24 27 29 31 32 36 37 38 39 40 43 44 45 s
16 1 4 7 8 9 10 14 15 20 22 23 25 29 30 31 32 38 40 41 43 44 45 s
17 4 5 7 9 10 11 18 19 24 25 28 31 33 38 41 42 43 44 45 s
18 3 4 8 9 11 14 17 20 21 22 27 28 30 33 40 41 42 43 s
19 4 5 6 8 10 11 12 14 15 17 20 23 30 32 34 35 39 43 45 s
20 2 5 7 8 10 11 12 13 14 16 18 19 23 24 25 27 29 30 32 33 35 36 39 40 42 43 s
21 3 4 5 7 8 10 11 12 13 14 18 23 24 26 28 29 31 33 34 35 36 40 41 42 s
22 1 3 4 6 7 9 10 13 15 16 18 23 25 26 27 28 29 30 32 33 34 39 44 s
23 1 2 4 6 7 8 9 10 12 14 16 19 20 21 22 24 25 26 28 29 30 31 33 34 36 37 39 41 44 s
24 1 3 6 7 10 15 17 20 21 23 25 30 32 34 35 36 37 38 39 40 42 43 45 s
25 2 3 4 6 7 8 9 10 11 13 16 17 20 22 23 24 27 28 29 32 35 38 40 43 44 45 s
26 1 2 3 5 10 11 14 21 22 23 28 29 30 31 33 34 35 36 40 41 s
27 2 3 5 6 11 14 15 18 20 22 25 28 32 36 40 43 44 45 s
28 2 3 4 5 6 7 8 9 10 13 14 17 18 21 22 23 25 26 27 29 30 34 35 36 37 38 40 41 42 45 s
29 1 5 9 11 13 14 15 16 20 21 22 23 25 26 28 32 33 34 35 36 39 40 41 45 s
30 1 5 7 8 11 12 16 18 19 20 22 23 24 26 28 32 36 37 42 s
31 1 2 5 6 8 10 14 15 16 17 21 23 26 32 33 34 35 38 39 40 41 42 43 44 s
32 2 4 5 7 8 10 11 15 16 19 20 22 24 25 27 29 30 31 35 40 42 44 s
33 2 3 4 6 7 9 10 12 17 18 20 21 22 23 26 29 31 34 36 39 42 43 44 45 s
34 2 5 9 12 14 19 21 22 23 24 26 28 29 31 33 35 37 40 41 43 45 s
35 1 2 3 4 5 6 8 11 13 14 19 20 21 24 25 26 28 29 31 32 34 36 38 39 40 41 42 43 s
36 2 4 7 10 11 14 15 20 21 23 24 26 27 28 29 30 33 35 37 42 44 s
37 5 7 8 9 10 11 12 14 15 23 24 28 30 34 36 38 40 43 45 s
38 2 3 4 5 6 7 10 15 16 17 24 25 28 31 35 37 44 s
39 1 2 7 13 14 15 19 20 22 23 24 29 31 33 35 41 42 43 44 45 s
40 1 4 5 6 7 8 9 10 12 15 16 18 20 21 24 25 26 27 28 29 31 32 34 35 37 41 42 43 44 45 s
41 3 5 7 8 11 13 16 17 18 21 23 26 28 29 31 34 35 39 40 42 43 44 45 s
42 2 4 5 6 7 9 12 13 14 17 18 20 21 24 28 30 31 32 33 35 36 39 40 41 44 s
43 1 2 4 5 8 9 10 12 13 15 16 17 18 19 20 24 25 27 31 33 34 35 37 39 40 41 s
44 2 3 5 8 9 11 13 14 15 16 17 22 23 25 27 31 32 33 36 38 39 40 41 42 s
45 3 5 8 9 12 13 15 16 17 19 24 25 27 28 29 33 34 37 39 40 41 s
