1 2 3 4 7 13 14 18 19 20 22 26 27 32 33 34 36 37 38 39 41 42 44 s
2 1 7 9 10 11 13 16 17 18 19 21 22 23 25 27 28 29 30 31 32 33 34 38 40 43 44 s
3 1 6 9 11 12 13 14 18 20 22 25 29 31 34 35 36 38 41 42 44 45 s
4 1 5 8 9 11 14 15 16 17 19 20 22 23 27 29 31 33 35 36 37 39 41 42 44 s
5 4 10 12 15 16 17 21 22 25 27 28 30 31 35 37 40 s
6 3 7 9 10 11 17 18 19 21 22 23 24 25 26 27 28 32 33 34 36 37 38 39 42 44 s
7 1 2 6 8 11 13 15 18 20 24 25 31 32 35 36 38 39 40 44 s
8 4 7 10 11 18 21 22 24 25 26 27 28 29 31 33 35 36 41 43 45 s
9 2 3 4 6 12 14 15 16 18 22 23 24 26 28 29 31 32 33 34 36 38 39 40 41 44 45 s
10 2 5 6 8 11 14 15 20 26 28 29 30 31 33 36 37 38 40 41 42 44 s
11 2 3 4 6 7 8 10 12 13 16 18 24 26 27 28 30 34 36 37 40 s
12 3 5 9 11 13 14 16 17 18 19 21 22 24 25 27 29 30 33 34 35 36 38 39 41 42 43 s
13 1 2 3 7 11 12 16 17 18 20 21 22 26 27 32 34 36 37 38 40 41 43 s
14 1 3 4 9 10 12 16 18 19 20 22 29 30 31 35 36 41 42 43 45 s
15 4 5 7 9 10 17 19 20 22 24 27 28 31 34 35 42 s
16 2 4 5 9 11 12 13 14 18 25 26 27 29 31 32 36 39 40 44 45 s
17 2 4 5 6 12 13 15 18 19 21 22 23 24 25 26 29 30 33 34 36 39 40 41 s
18 1 2 3 6 7 8 9 11 12 13 14 16 17 19 20 22 24 26 28 31 32 33 34 35 36 38 40 41 44 s
19 1 2 4 6 12 14 15 17 18 20 21 24 25 26 31 33 36 37 38 39 40 42 44 45 s
20 1 3 4 7 10 13 14 15 18 19 21 22 23 26 31 32 34 36 38 39 41 s
21 2 5 6 8 12 13 17 19 20 24 25 27 28 30 37 38 39 41 43 45 s
22 1 2 3 4 5 6 8 9 12 13 14 15 17 18 20 25 27 29 31 32 33 36 37 38 44 45 s
23 2 4 6 9 17 20 26 27 32 35 36 39 41 43 45 s
24 6 7 8 9 11 12 15 17 18 19 21 26 27 29 30 33 34 38 39 43 44 s
25 2 3 5 6 7 8 12 16 17 19 21 22 29 31 34 38 42 43 44 s
26 1 6 8 9 10 11 13 16 17 18 19 20 23 24 28 29 30 31 34 35 36 41 42 43 44 s
27 1 2 4 5 6 8 11 12 13 15 16 21 22 23 24 35 39 42 43 45 s
28 2 5 6 8 9 10 11 15 18 21 26 29 32 34 35 38 39 41 42 44 s
29 2 3 4 8 9 10 12 14 16 17 22 24 25 26 28 31 32 33 35 36 42 44 45 s
30 2 5 10 11 12 14 17 21 24 26 31 33 34 35 37 38 43 45 s
31 2 3 4 5 7 8 9 10 14 15 16 18 19 20 22 25 26 29 30 33 36 39 43 45 s
32 1 2 6 7 9 13 16 18 20 22 23 28 29 33 36 37 38 43 s
33 1 2 4 6 8 9 10 12 17 18 19 22 24 29 30 31 32 34 37 41 42 43 s
34 1 2 3 6 9 11 12 13 15 17 18 20 24 25 26 28 30 33 37 40 42 44 s
35 3 4 5 7 8 12 14 15 18 23 26 27 28 29 30 37 38 39 43 44 s
36 1 3 4 6 7 8 9 10 11 12 13 14 16 17 18 19 20 22 23 26 29 31 32 37 38 45 s
37 1 4 5 6 10 11 13 19 21 22 30 32 33 34 35 36 38 39 42 44 s
38 1 2 3 6 7 9 10 12 13 18 19 20 21 22 24 25 28 30 32 35 36 37 41 s
39 1 4 6 7 9 12 16 17 19 20 21 23 24 27 28 31 35 37 41 42 45 s
40 2 5 7 9 10 11 13 16 17 18 19 34 s
41 1 3 4 8 9 10 12 13 14 17 18 20 21 23 26 28 33 38 39 42 43 44 s
42 1 3 4 6 10 12 14 15 19 25 26 27 28 29 33 34 37 39 41 43 s
43 2 8 12 13 14 21 23 24 25 26 27 30 31 32 33 35 41 42 45 s
44 1 2 3 4 6 7 9 10 16 18 19 22 24 25 26 28 29 34 35 37 41 s
45 3 8 9 14 16 19 21 22 23 27 29 30 31 36 39 43 s
