1 2 4 5 8 12 14 15 16 21 23 24 29 34 35 36 37 38 39 40 41 45 s
2 1 4 6 7 8 12 17 18 19 20 26 27 28 29 32 33 34 35 38 41 42 44 45 s
3 4 5 7 8 12 13 15 17 18 19 21 22 23 27 28 29 30 31 32 33 37 38 39 40 41 42 43 s
4 1 2 3 6 9 10 13 14 16 17 19 21 22 23 24 26 28 30 31 32 34 39 40 42 43 s
5 1 3 7 8 9 11 14 17 18 24 26 29 30 31 32 38 42 s
6 2 4 9 11 14 15 16 19 20 21 25 26 28 29 34 35 37 38 39 40 45 s
7 2 3 5 8 9 10 12 13 14 16 17 18 19 21 22 24 26 27 29 30 31 33 34 35 38 41 44 45 s
8 1 2 3 5 7 11 12 13 14 15 16 17 20 21 26 29 30 32 38 39 42 43 44 s
9 4 5 6 7 10 11 13 14 21 23 26 29 30 34 35 36 37 38 43 44 s
10 4 7 9 12 13 15 16 19 21 23 24 25 26 27 29 30 31 37 39 41 42 43 45 s
11 5 6 8 9 13 14 17 21 22 23 26 28 29 31 32 34 36 41 42 43 45 s
12 1 2 3 7 8 10 13 14 17 19 20 25 26 27 28 31 33 35 37 38 41 42 44 s
13 3 4 7 8 9 10 11 12 14 16 17 18 20 22 23 24 28 29 30 31 34 35 38 39 43 s
14 1 4 5 6 7 8 9 11 12 13 15 17 19 22 24 26 28 29 30 33 36 44 45 s
15 1 3 6 8 10 14 16 17 18 20 21 26 28 30 31 33 35 37 38 40 42 44 45 s
16 1 4 6 7 8 10 13 15 19 21 22 33 36 39 40 41 42 43 44 45 s
17 2 3 4 5 7 8 11 12 13 14 15 18 21 22 23 25 26 34 35 39 41 44 45 s
18 2 3 5 7 13 15 17 19 22 23 25 27 28 29 31 32 33 35 36 37 39 40 41 45 s
19 2 3 4 6 7 10 12 14 16 18 24 25 26 29 30 33 39 42 43 44 45 s
20 2 6 8 12 13 15 21 23 30 32 33 35 36 42 44 45 s
21 1 3 4 6 7 8 9 10 11 15 16 17 20 22 24 25 27 30 32 33 38 40 43 44 s
22 3 4 7 11 13 14 16 17 18 21 23 24 27 28 30 31 32 33 34 35 37 38 39 40 42 43 45 s
23 1 3 4 9 10 11 13 17 18 20 22 24 25 26 30 32 34 36 38 39 42 43 s
24 1 4 5 7 10 13 14 19 21 22 23 25 26 27 28 30 32 34 35 36 38 39 40 45 s
25 6 10 12 17 18 19 21 23 24 26 27 28 30 31 35 36 38 s
26 2 4 5 6 7 8 9 10 11 12 14 15 17 19 23 24 25 27 29 31 32 33 34 36 38 43 44 s
27 2 3 7 10 12 18 21 22 24 25 26 29 30 32 34 36 37 39 40 42 45 s
28 2 3 4 6 11 12 13 14 15 18 22 24 25 29 30 32 33 34 35 37 41 42 45 s
29 1 2 3 5 6 7 8 9 10 11 13 14 18 19 26 27 28 35 36 38 40 41 43 44 45 s
30 3 4 5 7 8 9 10 13 14 15 19 20 21 22 23 24 25 27 28 32 33 34 36 38 42 43 44 s
31 3 4 5 7 10 11 12 13 15 18 22 25 26 32 34 35 36 38 39 40 41 43 44 s
32 2 3 4 5 8 11 18 20 21 22 23 24 26 27 28 30 31 37 39 40 42 43 44 45 s
33 2 3 7 12 14 15 16 18 19 20 21 22 26 28 30 35 38 40 45 s
34 1 2 4 6 7 9 11 13 17 22 23 24 26 27 28 30 31 37 40 41 43 s
35 1 2 6 7 9 12 13 15 17 18 20 22 24 25 28 29 31 33 36 37 38 39 41 42 s
36 1 9 11 14 16 18 20 23 24 25 26 27 29 30 31 35 37 39 40 41 42 43 44 45 s
37 1 3 6 9 10 12 15 18 22 27 28 32 34 35 36 39 41 44 45 s
38 1 2 3 5 6 7 8 9 12 13 15 21 22 23 24 25 26 29 30 31 33 35 39 40 41 42 43 45 s
39 1 3 4 6 8 10 13 16 17 18 19 22 23 24 27 31 32 35 36 37 38 40 43 44 s
40 1 3 4 6 15 16 18 21 22 24 27 29 31 32 33 34 36 38 39 41 42 43 45 s
41 1 2 3 7 10 11 12 16 17 18 28 29 31 34 35 36 37 38 40 43 s
42 2 3 4 5 8 10 11 12 15 16 19 20 22 23 27 28 30 32 35 36 38 40 43 45 s
43 3 4 8 9 10 11 13 16 19 21 22 23 26 29 30 31 32 34 36 38 39 40 41 42 s
44 2 7 8 9 12 14 15 16 17 19 20 21 26 29 30 31 32 36 37 39 s
45 1 2 6 7 10 11 14 15 16 17 18 19 20 22 24 27 28 29 32 33 36 37 38 40 42 s
