1 2 3 4 7 10 11 12 13 14 15 18 19 20 21 25 27 28 29 31 32 37 38 40 41 43 44 45 s
2 1 5 6 7 9 10 14 16 19 20 22 24 25 27 28 33 34 35 36 37 38 41 42 43 45 s
3 1 4 5 6 7 9 15 16 17 18 19 21 22 24 25 28 29 30 34 38 39 40 41 43 44 s
4 1 3 5 7 8 10 11 12 14 17 18 19 21 26 28 29 30 31 32 33 34 41 42 s
5 2 3 4 8 9 10 11 13 14 15 17 18 22 23 24 26 29 31 33 38 43 44 45 s
6 2 3 8 9 11 12 14 15 17 19 20 22 23 28 29 34 36 37 40 42 43 44 45 s
7 1 2 3 4 8 9 10 11 12 13 14 16 19 21 22 23 24 26 27 29 31 32 34 36 37 38 42 43 44 s
8 4 5 6 7 9 13 14 15 16 17 21 26 27 28 29 30 31 32 33 34 37 38 42 44 45 s
9 2 3 5 6 7 8 10 13 21 24 25 27 28 29 30 33 34 36 37 38 40 41 42 s
10 1 2 4 5 7 9 11 12 13 19 22 23 24 25 27 30 31 34 35 36 41 42 45 s
11 1 4 5 6 7 10 12 14 15 20 24 27 28 31 32 34 35 38 41 42 45 s
12 1 4 6 7 10 11 14 17 18 20 21 22 23 25 27 28 29 30 32 35 36 37 42 44 s
13 1 5 7 8 9 10 14 16 17 23 25 26 29 34 38 39 40 42 43 s
14 1 2 4 5 6 7 8 11 12 13 16 17 18 19 21 22 23 24 25 27 29 30 31 33 35 36 39 40 41 42 43 44 45 s
15 1 3 5 6 8 11 16 18 20 24 28 30 33 35 37 38 40 41 42 43 44 s
16 2 3 7 8 13 14 15 17 19 21 22 23 24 27 29 31 32 33 34 35 37 38 41 42 44 s
17 3 4 5 6 8 12 13 14 16 18 20 21 22 26 27 32 35 37 41 43 44 s
18 1 3 4 5 12 14 15 17 19 20 21 24 25 28 33 35 38 39 44 45 s
19 1 2 3 4 6 7 10 14 16 18 21 22 23 25 26 29 30 31 32 33 36 40 43 44 s
20 1 2 6 11 12 15 17 18 21 23 26 28 30 33 35 38 42 43 45 s
21 1 3 4 7 8 9 12 14 16 17 18 19 20 22 24 25 26 27 28 30 31 32 33 35 40 41 43 45 s
22 2 3 5 6 7 10 12 14 16 17 19 21 23 24 27 28 30 32 34 36 38 39 45 s
23 5 6 7 10 12 13 14 16 19 20 22 25 26 31 33 34 35 36 40 41 42 43 45 s
24 2 3 5 7 9 10 11 14 15 16 18 21 22 25 28 29 31 33 35 38 39 42 44 45 s
25 1 2 3 9 10 12 13 14 18 19 21 23 24 28 29 30 31 34 35 36 37 39 40 43 45 s
26 4 5 7 8 13 17 19 20 21 23 27 29 33 36 38 41 42 43 45 s
27 1 2 7 8 9 10 11 12 14 16 17 21 22 26 29 30 31 33 34 35 36 38 40 42 s
28 1 2 3 4 6 8 9 11 12 15 18 20 21 22 24 25 29 30 31 36 38 39 40 41 44 45 s
29 1 3 4 5 6 7 8 9 12 13 14 16 19 24 25 26 27 28 30 31 32 34 36 38 41 43 44 45 s
30 3 4 8 9 10 12 14 15 19 20 21 22 25 27 28 29 33 34 36 37 38 39 41 42 43 44 s
31 1 4 5 7 8 10 11 14 16 19 21 23 24 25 27 28 29 32 33 34 36 37 38 41 42 s
32 1 4 7 8 11 12 16 17 19 21 22 29 31 33 34 35 36 37 39 40 41 45 s
33 2 4 5 8 9 14 15 16 18 19 20 21 23 24 26 27 30 31 32 35 37 38 39 40 43 44 s
34 2 3 4 6 7 8 9 10 11 13 16 22 23 25 27 29 30 31 32 35 36 38 40 41 42 44 45 s
35 2 10 11 12 14 15 16 17 18 20 21 23 24 25 27 32 33 34 36 37 39 41 42 44 45 s
36 2 6 7 9 10 12 14 19 22 23 25 26 27 28 29 30 31 32 34 35 37 40 41 42 44 s
37 1 2 6 7 8 9 12 15 16 17 25 30 31 32 33 35 36 40 41 44 s
38 1 2 3 5 7 8 9 11 13 15 16 18 20 22 24 26 27 28 29 30 31 33 34 41 42 s
39 3 13 14 18 22 24 25 28 30 32 33 35 40 41 42 44 45 s
40 1 3 6 9 13 14 15 19 21 23 25 27 28 32 33 34 36 37 39 42 45 s
41 1 2 3 4 9 10 11 14 15 16 17 21 23 26 28 29 30 31 32 34 35 36 37 38 39 42 43 s
42 2 4 6 7 8 9 10 11 12 13 14 15 16 20 23 24 26 27 30 31 34 35 36 38 39 40 41 43 44 s
43 1 2 3 5 6 7 13 14 15 17 19 20 21 23 25 26 29 30 33 41 42 44 s
44 1 3 5 6 7 8 12 14 15 16 17 18 19 24 28 29 30 33 34 35 36 37 39 42 43 s
45 1 2 5 6 8 10 11 14 18 20 21 22 23 24 25 26 28 29 32 34 35 39 40 s
