1 3 4 11 15 16 17 18 19 20 22 26 30 31 32 33 34 38 42 43 45 s
2 8 9 10 11 13 15 16 17 19 21 23 24 26 27 29 30 33 34 35 37 38 39 40 42 43 44 s
3 1 5 6 10 11 14 15 16 18 19 20 22 26 28 29 34 36 37 38 40 41 42 45 s
4 1 5 8 12 13 15 17 19 20 21 22 23 25 27 28 30 32 37 38 40 42 45 s
5 3 4 6 9 12 13 14 16 20 24 27 29 31 32 33 35 36 37 38 40 41 42 43 s
6 3 5 7 8 9 10 11 13 14 17 18 19 20 21 23 27 28 29 30 32 34 35 36 37 38 39 40 41 42 44 s
7 6 10 11 12 13 16 17 18 19 24 25 26 27 29 30 32 34 35 36 39 41 44 s
8 2 4 6 10 11 14 15 16 19 20 21 24 25 27 28 30 31 33 34 36 39 40 41 42 45 s
9 2 5 6 12 14 15 17 18 19 20 21 23 24 26 28 31 32 34 37 40 42 43 45 s
10 2 3 6 7 8 12 16 18 19 20 21 24 25 29 32 34 35 36 39 40 41 42 44 45 s
11 1 2 3 6 7 8 13 15 17 19 22 24 26 28 29 33 34 35 37 38 40 41 44 45 s
12 4 5 7 9 10 14 15 16 17 18 19 20 21 22 24 26 28 30 31 32 35 37 38 39 40 41 43 44 s
13 2 4 5 6 7 11 14 17 18 19 21 22 23 24 25 26 29 30 32 34 35 36 37 38 39 41 42 43 44 45 s
14 3 5 6 8 9 12 13 15 16 17 18 22 24 25 27 30 31 34 37 38 39 40 43 45 s
15 1 2 3 4 8 9 11 12 14 16 17 24 25 26 27 28 29 30 32 33 34 37 38 39 40 42 44 45 s
16 1 2 3 5 7 8 10 12 14 15 17 18 20 21 24 25 26 30 31 33 35 37 38 41 42 43 44 s
17 1 2 4 6 7 9 11 12 13 14 15 16 18 19 20 22 25 26 27 28 29 30 33 37 39 40 41 43 44 45 s
18 1 3 6 7 9 10 12 13 14 16 17 20 21 23 25 26 31 35 39 43 44 s
19 1 2 3 4 6 7 8 9 10 11 12 13 17 21 22 24 25 26 28 30 31 32 35 38 39 41 s
20 1 3 4 5 6 8 9 10 12 16 17 18 21 22 23 24 28 30 31 33 34 39 40 41 42 43 44 s
21 2 4 6 8 9 10 12 13 16 18 19 20 26 29 30 32 33 40 41 43 44 s
22 1 3 4 11 12 13 14 17 19 20 23 24 26 30 32 34 35 36 39 40 42 43 s
23 2 4 6 9 13 18 20 22 24 25 26 27 28 30 32 33 34 35 36 37 39 41 43 44 45 s
24 2 5 7 8 9 10 11 12 13 14 15 16 19 20 22 23 25 28 29 32 33 34 35 41 43 45 s
25 4 7 8 10 13 14 15 16 17 18 19 23 24 26 27 32 37 39 41 42 43 s
26 1 2 3 7 9 11 12 13 15 16 17 18 19 21 22 23 25 27 30 31 33 34 37 41 44 s
27 2 4 5 6 7 8 14 15 17 23 25 26 31 34 38 40 41 s
28 3 4 6 8 9 11 12 15 17 19 20 23 24 30 33 34 35 37 38 41 44 s
29 2 3 5 6 7 10 11 13 15 17 21 24 30 31 35 38 39 40 42 43 44 45 s
30 1 2 4 6 7 8 12 13 14 15 16 17 19 20 21 22 23 26 28 29 34 35 36 37 38 40 41 43 44 45 s
31 1 5 8 9 12 14 16 18 19 20 26 27 29 33 35 36 39 40 41 42 43 44 45 s
32 1 4 5 6 7 9 10 12 13 15 19 21 22 23 24 25 36 37 38 40 41 43 s
33 1 2 5 8 11 15 16 17 20 21 23 24 26 28 31 34 37 38 40 41 43 s
34 1 2 3 6 7 8 9 10 11 13 14 15 20 22 23 24 26 27 28 30 33 35 36 37 38 40 41 42 43 s
35 2 5 6 7 10 11 12 13 16 18 19 22 23 24 28 29 30 31 34 38 39 41 42 44 45 s
36 3 5 6 7 8 10 13 22 23 30 31 32 34 37 43 44 45 s
37 2 3 4 5 6 9 11 12 13 14 15 16 17 23 25 26 28 30 32 33 34 36 39 40 42 45 s
38 1 2 3 4 5 6 11 12 13 14 15 16 19 27 28 29 30 32 33 34 35 42 43 44 s
39 2 6 7 8 10 12 13 14 15 17 18 19 20 22 23 25 29 31 35 37 41 43 45 s
40 2 3 4 5 6 8 9 10 11 12 14 15 17 20 21 22 27 29 30 31 32 33 34 37 43 44 s
41 3 5 6 7 8 10 11 12 13 16 17 19 20 21 23 24 25 26 27 28 30 31 32 33 34 35 39 43 44 s
42 1 2 3 4 5 6 8 9 10 13 15 16 20 22 25 29 31 34 35 37 38 43 s
43 1 2 5 9 12 13 14 16 17 18 20 21 22 23 24 25 29 30 31 32 33 34 36 38 39 40 41 42 s
44 2 6 7 10 11 12 13 15 16 17 18 20 21 23 26 28 29 30 31 35 36 38 40 41 45 s
45 1 3 4 8 9 10 11 13 14 15 17 23 24 29 30 31 35 36 37 39 44 s
