1 7 12 15 23 25 30 38 42 44 s
2 6 15 19 21 22 27 32 37 38 39 44 49 s
3 4 5 10 14 17 18 26 29 33 37 38 43 48 49 s
4 3 11 16 19 22 26 35 36 39 45 47 50 s
5 3 6 25 28 36 39 40 47 49 s
6 2 5 7 9 13 19 24 26 30 41 47 s
7 1 6 14 20 21 26 27 31 33 35 37 41 49 s
8 11 13 18 25 26 s
9 6 11 16 20 21 33 36 37 38 42 43 48 50 s
10 3 14 18 20 29 31 45 47 s
11 4 8 9 19 21 23 27 31 33 47 49 s
12 1 13 15 27 36 38 41 46 49 s
13 6 8 12 14 15 16 19 28 32 38 46 48 49 s
14 3 7 10 13 26 27 34 41 42 44 s
15 1 2 12 13 19 25 30 35 43 48 49 s
16 4 9 13 26 27 29 32 34 37 39 44 45 48 s
17 3 28 29 31 32 34 38 43 45 s
18 3 8 10 19 21 24 25 27 31 40 41 44 45 47 s
19 2 4 6 11 13 15 18 24 26 33 34 41 42 48 50 s
20 7 9 10 31 36 42 43 44 46 48 s
21 2 7 9 11 18 25 27 28 35 38 40 44 47 50 s
22 2 4 28 32 36 40 42 48 s
23 1 11 24 26 27 29 35 39 40 48 s
24 6 18 19 23 26 30 31 32 33 35 37 38 40 44 46 50 s
25 1 5 8 15 18 21 38 42 48 s
26 3 4 6 7 8 14 16 19 23 24 29 41 47 s
27 2 7 11 12 14 16 18 21 23 30 34 37 47 48 s
28 5 13 17 21 22 30 31 33 37 40 46 s
29 3 10 16 17 23 26 30 32 34 36 37 39 41 43 44 45 48 s
30 1 6 15 24 27 28 29 32 34 35 40 44 46 s
31 7 10 11 17 18 20 24 28 32 44 48 50 s
32 2 13 16 17 22 24 29 30 31 33 35 40 46 s
33 3 7 9 11 19 24 28 32 34 37 40 41 44 45 s
34 14 16 17 19 27 29 30 33 36 40 43 47 s
35 4 7 15 21 23 24 30 32 37 39 s
36 4 5 9 12 20 22 29 34 37 41 43 45 s
37 2 3 7 9 16 24 27 28 29 33 35 36 45 46 50 s
38 1 2 3 9 12 13 17 21 24 25 39 s
39 2 4 5 16 23 29 35 38 44 47 50 s
40 5 18 21 22 23 24 28 30 32 33 34 50 s
41 6 7 12 14 18 19 26 29 33 36 43 45 48 s
42 1 9 14 19 20 22 25 43 46 s
43 3 9 15 17 20 29 34 36 41 42 48 49 s
44 1 2 14 16 18 20 21 24 29 30 31 33 39 45 s
45 4 10 16 17 18 29 33 36 37 41 44 49 s
46 12 13 20 24 28 30 32 37 42 s
47 4 5 6 10 11 18 21 26 27 34 39 s
48 3 9 13 15 16 19 20 22 23 25 27 29 31 41 43 s
49 2 3 5 7 11 12 13 15 43 45 s
50 4 9 19 21 24 31 37 39 40 s
