1 3 4 6 15 17 20 32 37 44 46 49 50 s
2 3 10 16 22 23 25 33 35 44 47 s
3 1 2 5 19 21 22 25 33 35 39 40 44 45 50 s
4 1 5 8 11 22 29 30 31 33 35 37 40 43 44 49 s
5 3 4 10 14 15 17 21 24 27 28 29 30 31 32 38 45 s
6 1 11 20 22 25 29 31 34 38 42 44 45 47 49 50 s
7 9 10 11 13 15 20 22 26 28 34 36 42 50 s
8 4 11 15 20 22 32 33 38 46 49 s
9 7 11 13 15 17 25 27 28 29 30 48 49 s
10 2 5 7 12 14 15 16 19 26 27 29 30 31 35 39 44 48 s
11 4 6 7 8 9 12 14 16 19 24 29 35 40 41 44 45 46 s
12 10 11 17 19 21 22 25 29 31 36 37 40 41 43 s
13 7 9 14 20 26 30 35 46 s
14 5 10 11 13 17 18 21 25 28 34 47 48 49 s
15 1 5 7 8 9 10 18 20 26 32 33 35 37 s
16 2 10 11 19 23 27 30 42 46 48 50 s
17 1 5 9 12 14 28 46 s
18 14 15 24 33 37 41 50 s
19 3 10 11 12 16 40 42 s
20 1 6 7 8 13 15 22 24 38 39 40 44 45 47 50 s
21 3 5 12 14 25 32 38 48 50 s
22 2 3 4 6 7 8 12 20 23 27 31 33 37 40 49 s
23 2 16 22 26 32 34 43 45 50 s
24 5 11 18 20 28 29 32 37 42 43 50 s
25 2 3 6 9 12 14 21 32 36 40 42 46 48 s
26 7 10 13 15 23 28 29 30 34 38 40 50 s
27 5 9 10 16 22 33 36 37 45 46 49 s
28 5 7 9 14 17 24 26 36 38 47 s
29 4 5 6 9 10 11 12 24 26 36 39 40 45 s
30 4 5 9 10 13 16 26 34 35 40 41 43 46 47 s
31 4 5 6 10 12 22 33 36 39 43 44 45 s
32 1 5 8 15 21 23 24 25 41 48 49 s
33 2 3 4 8 15 18 22 27 31 35 37 42 45 46 47 s
34 6 7 14 23 26 30 42 44 47 50 s
35 2 3 4 10 11 13 15 30 33 39 48 49 s
36 7 12 25 27 28 29 31 39 s
37 1 4 12 15 18 22 24 27 33 38 42 44 47 s
38 5 6 8 20 21 26 28 37 43 44 47 48 s
39 3 10 20 29 31 35 36 42 44 49 50 s
40 3 4 11 12 19 20 22 25 26 29 30 41 42 46 47 s
41 11 12 18 30 32 40 44 47 50 s
42 6 7 16 19 24 25 33 34 37 39 40 46 47 49 50 s
43 4 12 23 24 30 31 38 45 47 s
44 1 2 3 4 6 10 11 20 31 34 37 38 39 41 50 s
45 3 5 6 11 20 23 27 29 31 33 43 47 49 s
46 1 8 11 13 16 17 25 27 30 33 40 42 47 48 49 s
47 2 6 14 20 28 30 33 34 37 38 40 41 42 43 45 46 49 50 s
48 9 10 14 16 21 25 32 35 38 46 s
49 1 4 6 8 9 14 22 27 32 35 39 42 45 46 47 s
50 1 3 6 7 16 18 20 21 23 24 26 34 39 41 42 44 47 s
