1 3 14 18 24 30 40 43 49 s
2 7 9 12 15 20 32 38 40 44 46 47 49 s
3 1 6 8 10 21 23 27 33 35 36 38 40 41 42 43 s
4 6 10 16 19 20 22 23 27 30 32 38 43 46 47 48 49 s
5 6 8 16 21 24 31 34 38 39 42 49 s
6 3 4 5 18 19 20 21 27 31 32 35 36 37 38 42 43 44 48 49 s
7 2 9 14 15 18 19 22 27 28 30 31 35 36 37 38 39 42 49 50 s
8 3 5 10 11 15 16 19 23 24 27 33 34 36 37 41 47 48 49 s
9 2 7 11 12 14 18 19 21 24 28 32 42 46 50 s
10 3 4 8 12 17 19 21 26 33 34 35 42 45 s
11 8 9 14 17 24 30 33 34 39 43 47 48 s
12 2 9 10 16 18 19 21 22 24 32 35 39 41 44 47 s
13 15 17 20 21 25 32 33 36 37 40 43 46 48 49 s
14 1 7 9 11 15 18 19 21 25 27 28 30 31 32 34 40 43 46 s
15 2 7 8 13 14 22 28 29 30 34 45 46 50 s
16 4 5 8 12 17 18 24 26 28 31 32 33 35 39 41 47 50 s
17 10 11 13 16 20 22 28 30 35 37 42 43 45 47 s
18 1 6 7 9 12 14 16 21 23 25 26 27 41 42 44 45 50 s
19 4 6 7 8 9 10 12 14 23 27 29 35 41 42 45 47 s
20 2 4 6 13 17 21 26 28 40 41 45 46 47 s
21 3 5 6 9 10 12 13 14 18 20 23 29 31 34 36 38 39 41 43 48 s
22 4 7 12 15 17 24 31 36 43 44 49 s
23 3 4 8 18 19 21 25 26 28 30 35 37 40 41 46 47 s
24 1 5 8 9 11 12 16 22 26 31 33 41 42 47 s
25 13 14 18 23 27 29 30 32 36 41 s
26 10 16 18 20 23 24 28 35 38 39 46 s
27 3 4 6 7 8 14 18 19 25 28 29 30 31 34 46 49 s
28 7 9 14 15 16 17 20 23 26 27 36 40 43 44 48 50 s
29 15 19 21 25 27 30 31 32 36 39 44 47 48 s
30 1 4 7 11 14 15 17 23 25 27 29 31 37 44 s
31 5 6 7 14 16 21 22 24 27 29 30 33 39 43 45 47 48 49 s
32 2 4 6 9 12 13 14 16 25 29 35 41 42 43 s
33 3 8 10 11 13 16 24 31 34 35 39 40 41 49 s
34 5 8 10 11 14 15 21 27 33 36 38 41 42 46 s
35 3 6 7 10 12 16 17 19 23 26 32 33 40 43 44 45 46 47 s
36 3 6 7 8 13 21 22 25 28 29 34 46 47 50 s
37 6 7 8 13 17 23 30 38 41 48 s
38 2 3 4 5 6 7 21 26 34 37 39 44 s
39 5 7 11 12 16 21 26 29 31 33 38 40 41 44 49 s
40 1 2 3 13 14 20 23 28 33 35 39 45 46 50 s
41 3 8 12 16 18 19 20 21 23 24 25 32 33 34 37 39 44 50 s
42 3 5 6 7 9 10 17 18 19 24 32 34 s
43 1 3 4 6 11 13 14 17 21 22 28 31 32 35 45 47 s
44 2 6 12 18 22 28 29 30 35 38 39 41 48 49 s
45 10 15 17 18 19 20 31 35 40 43 s
46 2 4 9 13 14 15 20 23 26 27 34 35 36 40 49 50 s
47 2 4 8 11 12 16 17 19 20 23 24 29 31 35 36 43 49 s
48 4 6 8 11 13 21 28 29 31 37 44 s
49 1 2 4 5 6 7 8 13 22 27 31 33 39 44 46 47 s
50 7 9 15 16 18 28 36 40 41 46 s
