1 3 5 6 7 15 29 34 35 36 s
2 3 17 18 26 27 33 37 38 39 40 41 43 45 48 49 s
3 1 2 5 12 18 21 22 23 26 30 31 32 38 39 44 46 47 48 s
4 9 13 19 20 24 29 32 33 36 37 39 43 s
5 1 3 7 16 18 23 33 34 42 44 s
6 1 9 11 13 15 16 19 22 23 24 26 33 35 45 50 s
7 1 5 9 11 14 30 31 33 39 45 s
8 10 12 16 18 29 34 37 38 50 s
9 4 6 7 10 13 16 19 22 30 33 35 39 48 50 s
10 8 9 17 21 22 26 27 29 30 34 37 40 42 45 47 s
11 6 7 12 15 17 18 20 21 23 25 26 27 33 42 43 48 s
12 3 8 11 13 25 29 35 36 39 44 s
13 4 6 9 12 17 20 21 22 27 34 36 38 43 46 50 s
14 7 15 30 33 46 48 s
15 1 6 11 14 18 19 20 21 23 25 28 30 38 41 43 s
16 5 6 8 9 17 19 25 27 32 33 42 s
17 2 10 11 13 16 20 25 26 29 34 35 40 43 46 48 49 50 s
18 2 3 5 8 11 15 24 25 26 29 42 45 49 50 s
19 4 6 9 15 16 26 30 31 39 40 44 s
20 4 11 13 15 17 21 29 31 34 38 39 41 42 45 49 s
21 3 10 11 13 15 20 22 32 36 37 40 42 49 s
22 3 6 9 10 13 21 24 29 31 33 37 38 39 s
23 3 5 6 11 15 26 28 34 35 39 45 47 50 s
24 4 6 18 22 28 29 34 35 37 39 45 50 s
25 11 12 15 16 17 18 26 34 36 46 47 48 50 s
26 2 3 6 10 11 17 18 19 23 25 30 33 36 48 49 50 s
27 2 10 11 13 16 28 29 30 33 40 46 48 s
28 15 23 24 27 30 31 32 35 45 47 48 50 s
29 1 4 8 10 12 17 18 20 22 24 27 31 35 38 43 50 s
30 3 7 9 10 14 15 19 26 27 28 36 40 42 47 49 s
31 3 7 19 20 22 28 29 36 40 42 44 45 50 s
32 3 4 16 21 28 37 39 40 42 43 s
33 2 4 5 6 7 9 11 14 16 22 26 27 34 38 41 42 45 46 47 s
34 1 5 8 10 13 17 20 23 24 25 33 40 41 43 46 s
35 1 6 9 12 17 23 24 28 29 36 37 40 42 43 46 47 49 s
36 1 4 12 13 21 25 26 30 31 35 39 s
37 2 4 8 10 21 22 24 32 35 40 44 s
38 2 3 8 13 15 20 22 29 33 40 42 48 50 s
39 2 3 4 7 9 12 19 20 22 23 24 32 36 41 42 50 s
40 2 10 17 19 21 27 30 31 32 34 35 37 38 46 50 s
41 2 15 20 33 34 39 s
42 5 10 11 16 18 20 21 30 31 32 33 35 38 39 44 48 s
43 2 4 11 13 15 17 29 32 34 35 47 48 s
44 3 5 12 19 31 37 42 47 50 s
45 2 6 7 10 18 20 23 24 28 31 33 48 49 s
46 3 13 14 17 25 27 33 34 35 40 48 49 s
47 3 10 23 25 28 30 33 35 43 44 s
48 2 3 9 11 14 17 25 26 27 28 38 42 43 45 46 s
49 2 17 18 20 21 26 30 35 45 46 s
50 6 8 9 13 17 18 23 24 25 26 28 29 31 38 39 40 44 s
