1 3 4 5 7 8 9 10 12 13 15 16 17 18 19 20 24 25 26 27 31 32 34 35 36 37 38 39 40 41 43 44 46 47 49 50 s
2 4 5 6 8 9 10 12 13 16 17 18 19 20 22 23 25 26 28 30 32 35 36 38 39 41 42 44 47 49 s
3 1 4 5 6 8 9 12 13 17 19 20 23 24 26 28 29 31 33 36 37 40 44 45 s
4 1 2 3 5 6 8 9 10 11 13 14 15 16 18 19 21 22 27 28 29 30 32 33 35 39 40 41 42 44 45 46 48 50 s
5 1 2 3 4 7 8 10 12 13 14 17 24 26 27 28 32 33 34 36 37 38 40 41 44 45 47 48 50 s
6 2 3 4 10 12 13 14 18 20 22 26 28 30 32 33 36 37 38 39 40 41 44 48 s
7 1 5 8 10 11 12 13 14 16 17 19 20 22 23 24 27 29 33 37 40 41 46 47 48 49 s
8 1 2 3 4 5 7 9 11 14 15 16 20 21 22 23 24 25 27 29 30 31 32 33 34 35 36 37 39 42 44 50 s
9 1 2 3 4 8 11 12 15 17 19 20 21 22 24 25 26 32 33 36 37 38 39 41 43 44 45 49 50 s
10 1 2 4 5 6 7 12 13 14 16 17 18 19 20 22 24 25 28 38 40 42 43 44 45 46 48 50 s
11 4 7 8 9 12 13 14 15 16 17 18 20 21 24 26 27 29 31 32 33 34 35 36 40 41 43 44 48 s
12 1 2 3 5 6 7 9 10 11 13 14 15 16 18 19 20 22 24 26 27 28 29 31 33 35 38 39 40 41 44 45 46 47 48 s
13 1 2 3 4 5 6 7 10 11 12 18 19 22 24 27 28 29 34 35 36 43 44 45 46 50 s
14 4 5 6 7 8 10 11 12 20 23 24 26 29 30 37 40 41 44 45 46 48 49 s
15 1 4 8 9 11 12 16 17 19 23 27 28 30 32 35 36 37 38 39 41 42 43 49 50 s
16 1 2 4 7 8 10 11 12 15 17 18 21 22 25 30 31 32 33 34 35 36 37 40 41 42 47 s
17 1 2 3 5 7 9 10 11 15 16 22 26 31 32 33 34 37 41 45 46 48 49 50 s
18 1 2 4 6 10 11 12 13 16 19 22 25 26 27 29 30 31 32 35 36 37 39 44 45 46 47 50 s
19 1 2 3 4 7 9 10 12 13 15 18 20 23 24 25 29 30 38 40 41 42 44 46 47 49 50 s
20 1 2 3 6 7 8 9 10 11 12 14 19 21 22 23 24 25 27 28 31 32 38 42 43 45 47 49 s
21 4 8 9 11 16 20 23 25 29 30 31 32 33 35 38 39 40 41 43 46 49 s
22 2 4 6 7 8 9 10 12 13 16 17 18 20 24 26 28 29 33 35 36 38 41 43 45 46 47 49 s
23 2 3 7 8 14 15 19 20 21 24 26 27 28 29 33 34 36 38 41 42 44 48 49 50 s
24 1 3 5 7 8 9 10 11 12 13 14 19 20 22 23 27 28 31 33 34 35 37 41 46 48 49 50 s
25 1 2 8 9 10 16 18 19 20 21 26 30 31 33 34 36 38 41 43 45 46 48 49 s
26 1 2 3 5 6 9 11 12 14 17 18 22 23 25 27 31 40 42 43 46 47 49 50 s
27 1 4 5 7 8 11 12 13 15 18 20 23 24 26 30 31 33 37 38 41 42 43 45 46 47 50 s
28 2 3 4 5 6 10 12 13 15 20 22 23 24 30 32 34 35 39 40 42 47 48 s
29 3 4 7 8 11 12 13 14 18 19 21 22 23 30 31 33 34 44 45 47 50 s
30 2 4 6 8 14 15 16 18 19 21 25 27 28 29 31 33 37 38 40 41 44 45 47 48 49 50 s
31 1 3 8 11 12 16 17 18 20 21 24 25 26 27 29 30 32 33 35 36 37 39 42 44 45 46 47 48 s
32 1 2 4 5 6 8 9 11 15 16 17 18 20 21 28 31 35 36 42 43 44 45 48 49 50 s
33 3 4 5 6 7 8 9 11 12 16 17 21 22 23 24 25 27 29 30 31 35 37 38 39 40 41 43 44 45 49 50 s
34 1 5 8 11 13 16 17 23 24 25 28 29 35 36 37 41 43 44 46 49 s
35 1 2 4 8 11 12 13 15 16 18 21 22 24 28 31 32 33 34 37 38 39 41 42 45 46 48 49 50 s
36 1 2 3 5 6 8 9 11 13 15 16 18 22 23 25 31 32 34 38 40 45 47 48 s
37 1 3 5 6 7 8 9 14 15 16 17 18 24 27 30 31 33 34 35 38 40 42 43 45 46 48 49 s
38 1 2 5 6 9 10 12 15 19 20 21 22 23 25 27 30 33 35 36 37 44 45 46 48 49 s
39 1 2 4 6 8 9 12 15 18 21 28 31 33 35 40 41 44 45 46 49 s
40 1 3 4 5 6 7 10 11 12 14 16 19 21 26 28 30 33 36 37 39 41 42 47 48 49 50 s
41 1 2 4 5 6 7 9 11 12 14 15 16 17 19 21 22 23 24 25 27 30 33 34 35 39 40 42 49 50 s
42 2 4 8 10 15 16 19 20 23 26 27 28 31 32 35 37 40 41 43 44 45 46 50 s
43 1 9 10 11 13 15 20 21 22 25 26 27 32 33 34 37 42 48 s
44 1 2 3 4 5 6 8 9 10 11 12 13 14 18 19 23 29 30 31 32 33 34 38 39 42 47 48 49 50 s
45 3 4 5 9 10 12 13 14 17 18 20 22 25 27 29 30 31 32 33 35 36 37 38 39 42 47 48 s
46 1 4 7 10 12 13 14 17 18 19 21 22 24 25 26 27 31 34 35 37 38 39 42 s
47 1 2 5 7 12 16 18 19 20 22 26 27 28 29 30 31 36 40 44 45 50 s
48 4 5 6 7 10 11 12 14 17 23 24 25 28 30 31 32 35 36 37 38 40 43 44 45 50 s
49 1 2 7 9 14 15 17 19 20 21 22 23 24 25 26 30 32 33 34 35 37 38 39 40 41 44 50 s
50 1 4 5 8 9 10 13 15 17 18 19 23 24 26 27 29 30 32 33 35 40 41 42 44 47 48 49 s
