1 4 6 7 8 9 11 13 17 20 23 24 29 30 31 33 35 36 37 38 39 40 41 42 43 45 48 49 s
2 3 4 10 12 15 18 19 20 21 24 27 28 32 34 35 37 39 42 44 46 s
3 2 8 10 11 12 13 14 15 16 18 19 23 26 28 31 34 35 36 37 38 40 41 43 48 s
4 1 2 5 6 9 10 12 14 16 17 21 22 23 26 27 28 30 36 38 39 45 48 s
5 4 6 7 8 9 14 19 21 22 23 24 26 31 33 36 37 38 41 43 45 46 48 50 s
6 1 4 5 7 8 9 13 14 17 18 19 20 24 26 27 29 30 31 32 33 34 36 38 39 40 44 45 46 47 48 49 50 s
7 1 5 6 8 10 12 15 16 19 22 31 33 39 40 41 42 43 47 48 50 s
8 1 3 5 6 7 11 13 14 15 18 19 24 26 27 30 33 34 35 36 37 39 40 42 43 44 47 49 s
9 1 4 5 6 12 16 18 20 22 23 24 25 26 27 30 31 32 34 37 41 42 43 44 45 46 s
10 2 3 4 7 11 12 13 18 19 23 24 25 26 27 28 30 32 34 35 38 39 42 46 47 48 49 s
11 1 3 8 10 14 15 17 18 21 22 24 25 31 32 36 39 41 42 43 44 46 47 48 49 50 s
12 2 3 4 7 9 10 13 15 16 17 18 19 20 22 23 24 25 26 28 31 33 35 37 39 40 42 43 44 45 46 47 48 50 s
13 1 3 6 8 10 12 16 17 18 20 21 24 25 26 28 29 30 31 33 35 36 37 39 40 41 42 47 48 49 s
14 3 4 5 6 8 11 20 21 24 25 26 27 28 30 31 32 33 35 36 39 40 41 45 46 48 50 s
15 2 3 7 8 11 12 16 17 18 19 20 23 25 26 27 28 32 36 37 40 41 42 43 45 47 s
16 3 4 7 9 12 13 15 17 18 20 21 22 28 30 31 32 33 34 35 36 38 39 40 41 42 46 47 48 s
17 1 4 6 11 12 13 15 16 18 20 21 23 25 31 32 33 34 35 36 37 39 42 43 45 47 49 s
18 2 3 6 8 9 10 11 12 13 15 16 17 21 22 23 26 27 28 30 32 33 34 35 37 38 42 46 48 49 s
19 2 3 5 6 7 8 10 12 15 20 21 31 32 33 36 37 39 40 41 44 45 47 49 50 s
20 1 2 6 9 12 13 14 15 16 17 19 21 23 24 26 27 28 29 30 32 35 37 38 39 41 46 47 49 s
21 2 4 5 11 13 14 16 17 18 19 20 22 24 26 30 31 32 33 34 36 42 45 47 49 50 s
22 4 5 7 9 11 12 16 18 21 23 24 25 27 33 37 38 39 44 45 50 s
23 1 3 4 5 9 10 12 15 17 18 20 22 24 25 27 28 29 31 32 35 36 37 40 45 46 48 49 50 s
24 1 2 5 6 8 9 10 11 12 13 14 20 21 22 23 25 26 28 29 31 32 36 41 46 47 48 50 s
25 9 10 11 12 13 14 15 17 22 23 24 27 28 31 38 42 44 46 47 48 49 s
26 3 4 5 6 8 9 10 12 13 14 15 18 20 21 24 29 30 31 33 34 41 43 44 48 s
27 2 4 6 8 9 10 14 15 18 20 22 23 25 28 31 32 33 35 36 41 42 43 44 45 46 49 s
28 2 3 4 10 12 13 14 15 16 18 20 23 24 25 27 34 35 44 49 50 s
29 1 6 13 20 23 24 26 33 37 40 41 42 44 45 47 48 50 s
30 1 4 6 8 9 10 13 14 16 18 20 21 26 33 34 35 40 43 46 49 s
31 1 3 5 6 7 9 11 12 13 14 16 17 19 21 23 24 25 26 27 34 35 40 41 42 49 s
32 2 6 9 10 11 14 15 16 17 18 19 20 21 23 24 27 34 36 38 39 43 44 47 48 s
33 1 5 6 7 8 12 13 14 16 17 18 19 21 22 26 27 29 30 34 36 37 38 42 44 45 46 47 49 50 s
34 2 3 6 8 9 10 16 17 18 21 26 28 30 31 32 33 40 42 49 s
35 1 2 3 8 10 12 13 14 16 17 18 20 23 27 28 30 31 37 39 40 42 46 47 49 50 s
36 1 3 4 5 6 8 11 13 14 15 16 17 19 21 23 24 27 32 33 38 39 42 45 46 47 48 49 50 s
37 1 2 3 5 8 9 12 13 15 17 18 19 20 22 23 29 33 35 43 44 45 46 48 49 50 s
38 1 3 4 5 6 10 16 18 20 22 25 32 33 36 39 40 43 44 45 46 48 49 s
39 1 2 4 6 7 8 10 11 12 13 14 16 17 19 20 22 32 35 36 38 40 41 42 45 46 47 s
40 1 3 6 7 8 12 13 14 15 16 19 23 29 30 31 34 35 38 39 41 43 44 45 46 47 s
41 1 3 5 7 9 11 13 14 15 16 19 20 24 26 27 29 31 39 40 44 47 50 s
42 1 2 7 8 9 10 11 12 13 15 16 17 18 21 25 27 29 31 33 34 35 36 39 43 45 46 47 48 50 s
43 1 3 5 7 8 9 11 12 15 17 26 27 30 32 37 38 40 42 48 49 50 s
44 2 6 8 9 11 12 19 22 25 26 27 28 29 32 33 37 38 40 41 45 47 50 s
45 1 4 5 6 9 12 14 15 17 19 21 22 23 27 29 33 36 37 38 39 40 42 44 47 48 49 s
46 2 5 6 9 10 11 12 14 16 18 20 23 24 25 27 30 33 35 36 37 38 39 40 42 s
47 6 7 8 10 11 12 13 15 16 17 19 20 21 24 25 29 32 33 35 36 39 40 41 42 44 45 50 s
48 1 3 4 5 6 7 10 11 12 13 14 16 18 23 24 25 26 29 32 36 37 38 42 43 45 49 s
49 1 6 8 10 11 13 17 18 19 20 21 23 25 27 28 30 31 33 34 35 36 37 38 43 45 48 s
50 5 6 7 11 12 14 19 21 22 23 24 28 29 33 35 36 37 41 42 43 44 47 s
