1 3 5 7 8 11 12 17 18 19 20 21 22 23 24 26 27 28 29 30 31 34 35 36 39 40 41 42 43 46 47 49 s
2 4 6 9 10 11 12 13 14 15 17 18 20 21 23 26 32 33 34 35 36 38 39 40 41 43 45 47 48 49 50 s
3 1 4 6 7 8 9 10 12 13 14 17 22 23 24 25 26 29 30 31 32 33 35 36 39 41 42 43 s
4 2 3 5 6 7 9 10 13 16 17 18 19 20 24 25 27 34 35 37 41 43 44 46 47 49 50 s
5 1 4 6 7 8 11 14 15 16 18 19 20 21 22 23 25 26 28 29 34 35 40 47 49 50 s
6 2 3 4 5 7 11 12 13 15 16 18 21 29 33 34 36 37 41 43 44 45 47 48 50 s
7 1 3 4 5 6 10 11 13 14 15 17 18 19 20 22 25 28 29 32 33 34 35 38 39 41 46 48 49 50 s
8 1 3 5 9 10 12 17 22 23 25 27 28 31 33 34 36 42 43 46 47 50 s
9 2 3 4 8 10 11 12 13 14 17 19 22 24 27 29 30 31 32 34 38 39 41 43 47 48 50 s
10 2 3 4 7 8 9 11 13 14 17 20 25 27 29 30 31 33 35 38 40 42 43 45 46 47 s
11 1 2 5 6 7 9 10 14 16 18 19 21 23 24 25 29 30 34 37 39 41 42 44 45 46 49 s
12 1 2 3 6 8 9 17 18 22 24 25 28 29 31 35 36 37 38 39 41 42 43 46 47 48 49 50 s
13 2 3 4 6 7 9 10 17 19 21 27 28 32 33 36 37 38 40 41 42 45 46 47 49 50 s
14 2 3 5 7 9 10 11 16 17 19 23 24 25 26 29 30 32 33 36 37 39 40 41 42 44 46 s
15 2 5 6 7 18 19 20 22 25 28 30 31 33 34 35 39 40 41 47 49 s
16 4 5 6 11 14 17 18 21 23 25 26 27 28 29 31 35 36 37 38 43 46 s
17 1 2 3 4 7 8 9 10 12 13 14 16 18 22 23 25 27 30 35 36 37 38 39 40 42 43 45 50 s
18 1 2 4 5 6 7 11 12 15 16 17 19 24 25 26 27 28 32 34 41 43 45 46 50 s
19 1 4 5 7 9 11 13 14 15 18 20 23 24 26 27 29 31 32 33 34 37 45 48 50 s
20 1 2 4 5 7 10 15 19 21 23 26 28 29 30 31 34 37 44 45 46 49 50 s
21 1 2 5 6 11 13 16 20 22 23 24 25 26 28 29 34 35 39 43 44 45 48 49 50 s
22 1 3 5 7 8 9 12 15 17 21 23 28 29 31 33 35 40 41 42 45 47 s
23 1 2 3 5 8 11 14 16 17 19 20 21 22 24 25 26 27 28 31 32 33 36 37 39 40 41 43 45 46 47 s
24 1 3 4 9 11 12 14 18 19 21 23 25 29 37 38 39 42 43 45 47 48 50 s
25 3 4 5 7 8 10 11 12 14 15 16 17 18 21 23 24 26 34 35 36 37 38 40 41 42 43 45 47 48 49 50 s
26 1 2 3 5 14 16 18 19 20 21 23 25 28 29 31 32 34 35 36 38 39 43 45 46 47 48 49 s
27 1 4 8 9 10 13 16 17 18 19 23 29 30 31 33 35 36 37 39 40 41 42 43 47 48 s
28 1 5 7 8 12 13 15 16 18 20 21 22 23 26 29 31 32 33 35 36 38 44 46 48 50 s
29 1 3 5 6 7 9 10 11 12 14 16 19 20 21 22 24 26 27 28 30 31 33 34 35 36 38 42 46 48 49 50 s
30 1 3 9 10 11 14 15 17 20 27 29 31 33 35 36 37 38 39 40 44 47 48 50 s
31 1 3 8 9 10 12 15 16 19 20 22 23 26 27 28 29 30 33 34 36 38 41 44 45 48 s
32 2 3 7 9 13 14 18 19 23 26 28 34 36 38 39 41 42 43 44 45 46 47 48 50 s
33 2 3 6 7 8 10 13 14 15 19 22 23 27 28 29 30 31 34 38 39 40 41 42 45 47 49 s
34 1 2 4 5 6 7 8 9 11 15 18 19 20 21 25 26 29 31 32 33 35 36 41 43 44 45 47 50 s
35 1 2 3 4 5 7 10 12 15 16 17 21 22 25 26 27 28 29 30 34 39 40 43 45 46 47 48 49 s
36 1 2 3 6 8 12 13 14 16 17 23 25 26 27 28 29 30 31 32 34 38 40 42 43 45 47 48 49 50 s
37 4 6 11 12 13 14 16 17 19 20 23 24 25 27 30 38 39 41 43 44 46 48 s
38 2 7 9 10 12 13 16 17 24 25 26 28 29 30 31 32 33 36 37 39 41 43 44 45 46 48 s
39 1 2 3 7 9 11 12 14 15 17 21 23 24 26 27 30 32 33 35 37 38 40 42 44 48 s
40 1 2 5 10 13 14 15 17 22 23 25 27 30 33 35 36 39 41 42 45 46 47 50 s
41 1 2 3 4 6 7 9 11 12 13 14 15 18 22 23 25 27 31 32 33 34 37 38 40 42 44 45 46 49 s
42 1 3 8 10 11 12 13 14 17 22 24 25 27 29 32 33 36 39 40 41 43 44 48 50 s
43 1 2 3 4 6 8 9 10 12 16 17 18 21 23 24 25 26 27 32 34 35 36 37 38 42 47 48 49 s
44 4 6 11 14 20 21 28 30 31 32 34 37 38 39 41 42 46 47 48 49 s
45 2 6 10 11 13 17 18 19 20 21 22 23 24 25 26 31 32 33 34 35 36 38 40 41 46 47 49 50 s
46 1 4 7 8 10 11 12 13 14 16 18 20 23 26 28 29 32 35 37 38 40 41 44 45 47 48 49 s
47 1 2 4 5 6 8 9 10 12 13 15 22 23 24 25 26 27 30 32 33 34 35 36 40 43 44 45 46 s
48 2 6 7 9 12 19 21 24 25 26 27 28 29 30 31 32 35 36 37 38 39 42 43 44 46 49 s
49 1 2 4 5 7 11 12 13 15 20 21 25 26 29 33 35 36 41 43 44 45 46 48 50 s
50 2 4 5 6 7 8 9 12 13 17 18 19 20 21 24 25 28 29 30 32 34 36 40 42 45 49 s
