1 3 6 8 10 12 14 15 17 18 19 20 21 22 24 25 27 28 30 31 34 36 39 40 41 42 44 46 47 48 50 s
2 3 4 5 6 7 9 10 11 12 14 15 17 18 20 21 22 23 24 25 27 29 31 33 37 40 42 43 44 s
3 1 2 4 5 6 7 8 9 10 12 13 14 16 18 19 22 28 33 35 36 39 40 41 42 43 45 46 47 48 49 s
4 2 3 5 6 7 9 10 11 12 20 21 22 26 27 30 35 36 37 39 40 41 45 46 49 s
5 2 3 4 6 8 10 11 16 21 24 25 27 28 31 32 33 34 36 37 39 42 45 46 48 49 50 s
6 1 2 3 4 5 7 8 9 11 14 18 20 21 23 24 26 27 30 33 35 37 38 40 47 50 s
7 2 3 4 6 11 12 15 17 18 20 21 23 26 28 30 34 35 37 38 43 45 47 49 s
8 1 3 5 6 10 11 13 15 18 20 23 26 30 31 32 39 40 41 44 45 46 47 48 50 s
9 2 3 4 6 11 12 13 14 15 16 17 18 19 20 22 25 27 29 34 35 40 41 42 45 46 47 50 s
10 1 2 3 4 5 8 12 14 16 17 18 21 23 24 25 29 30 31 32 33 34 36 40 41 43 44 45 46 47 48 49 s
11 2 4 5 6 7 8 9 13 15 18 19 22 29 30 31 32 33 34 37 40 42 44 45 47 s
12 1 2 3 4 7 9 10 13 15 19 20 25 26 30 31 32 40 41 43 47 49 50 s
13 3 8 9 11 12 14 15 16 17 19 23 24 26 28 29 31 35 39 40 42 44 45 50 s
14 1 2 3 6 9 10 13 15 17 19 26 27 33 35 37 39 41 42 43 44 46 50 s
15 1 2 7 8 9 11 12 13 14 16 17 20 21 22 24 25 27 29 30 31 32 33 34 35 38 39 40 41 43 45 48 49 s
16 3 5 9 10 13 15 20 22 23 24 25 30 37 41 44 45 46 48 49 50 s
17 1 2 7 9 10 13 14 15 18 20 22 23 30 33 34 38 39 40 42 46 47 48 49 s
18 1 2 3 6 7 8 9 10 11 17 20 21 23 25 29 31 39 40 41 42 43 44 45 46 47 48 s
19 1 3 9 11 12 13 14 23 25 27 30 31 33 34 35 38 40 41 42 43 48 s
20 1 2 4 6 7 8 9 12 15 16 17 18 22 23 24 26 30 31 34 35 36 38 40 42 43 44 46 47 49 50 s
21 1 2 4 5 6 7 10 15 18 22 25 26 28 29 31 33 34 35 36 37 38 39 40 41 43 45 46 49 50 s
22 1 2 3 4 9 11 15 16 17 20 21 26 28 29 32 33 35 36 40 43 44 45 49 s
23 2 6 7 8 10 13 16 17 18 19 20 25 27 28 31 32 33 34 35 36 39 40 41 42 45 48 49 s
24 1 2 5 6 10 13 15 16 20 25 30 32 33 34 35 36 37 38 41 43 46 48 49 50 s
25 1 2 5 9 10 12 15 16 18 19 21 23 24 26 27 28 29 32 35 37 40 41 42 43 48 49 s
26 4 6 7 8 12 13 14 20 21 22 25 27 28 37 41 44 45 46 47 49 50 s
27 1 2 4 5 6 9 14 15 19 23 25 26 28 29 30 32 33 35 39 43 45 48 49 s
28 1 3 5 7 13 21 22 23 25 26 27 30 31 32 34 35 38 42 44 45 48 49 50 s
29 2 9 10 11 13 15 18 21 22 25 27 31 32 33 36 39 41 44 49 50 s
30 1 4 6 7 8 10 11 12 15 16 17 19 20 24 27 28 33 34 35 38 39 40 42 44 46 49 s
31 1 2 5 8 10 11 12 13 15 18 19 20 21 23 28 29 34 36 37 38 39 43 44 45 47 49 50 s
32 5 8 10 11 12 15 22 23 24 25 27 28 29 34 36 42 43 44 46 s
33 2 3 5 6 10 11 14 15 17 19 21 22 23 24 27 29 30 38 39 40 41 42 45 46 47 48 49 50 s
34 1 5 7 9 10 11 15 17 19 20 21 23 24 28 30 31 32 35 37 38 40 42 44 45 48 50 s
35 3 4 6 7 9 13 14 15 19 20 21 22 23 24 25 27 28 30 34 36 40 41 42 43 44 46 49 s
36 1 3 4 5 10 20 21 22 23 24 29 31 32 35 37 41 44 46 48 49 50 s
37 2 4 5 6 7 11 14 16 21 24 25 26 31 34 36 39 40 41 44 45 47 48 50 s
38 6 7 15 17 19 20 21 24 28 30 31 33 34 41 44 45 46 47 48 s
39 1 3 4 5 8 13 14 15 17 18 21 23 27 29 30 31 33 37 40 43 47 48 50 s
40 1 2 3 4 6 8 9 10 11 12 13 15 17 18 19 20 21 22 23 25 30 33 34 35 37 39 45 46 47 49 50 s
41 1 3 4 8 9 10 12 14 15 16 18 19 21 23 24 25 26 29 33 35 36 37 38 42 45 47 s
42 1 2 3 5 9 11 13 14 17 18 19 20 23 25 28 30 32 33 34 35 41 45 47 50 s
43 2 3 7 10 12 14 15 18 19 20 21 22 24 25 27 31 32 35 39 46 48 49 s
44 1 2 8 10 11 13 14 16 18 20 22 26 28 29 30 31 32 34 35 36 37 38 46 49 50 s
45 3 4 5 7 8 9 10 11 13 15 16 18 21 22 23 26 27 28 31 33 34 37 38 40 41 42 46 47 49 50 s
46 1 3 4 5 8 9 10 14 16 17 18 20 21 24 26 30 32 33 35 36 38 40 43 44 45 48 49 50 s
47 1 3 6 7 8 9 10 11 12 17 18 20 26 31 33 37 38 39 40 41 42 45 48 s
48 1 3 5 8 10 15 16 17 18 19 23 24 25 27 28 33 34 36 37 38 39 43 46 47 s
49 3 4 5 7 10 12 15 16 17 20 21 22 23 24 25 26 27 28 29 30 31 33 35 36 40 43 44 45 46 50 s
50 1 5 6 8 9 12 13 14 16 20 21 24 26 28 29 31 33 34 36 37 39 40 42 44 45 46 49 s
