1 2 5 12 16 20 22 23 24 25 26 28 30 31 32 34 35 38 39 43 44 48 50 s
2 1 6 8 10 11 12 13 14 15 16 17 19 22 24 25 26 27 28 29 30 34 35 36 39 40 43 44 47 48 50 s
3 4 8 10 13 16 17 18 19 20 21 23 24 26 27 32 33 37 38 39 41 42 45 46 49 50 s
4 3 5 6 7 8 11 12 13 14 15 17 18 20 22 24 25 26 32 34 35 37 38 40 41 42 43 46 47 50 s
5 1 4 6 7 10 12 13 14 16 17 20 22 23 25 26 27 28 29 30 32 33 34 35 37 39 40 44 49 s
6 2 4 5 8 9 10 12 13 16 19 21 23 25 27 28 31 34 36 37 38 39 43 45 46 47 s
7 4 5 8 9 10 17 18 19 20 21 24 25 27 31 32 35 37 38 40 44 48 s
8 2 3 4 6 7 9 10 11 12 13 16 17 19 20 21 23 25 27 28 29 35 37 38 39 41 42 43 45 47 48 49 s
9 6 7 8 11 13 14 15 17 18 19 21 24 26 30 31 34 36 38 39 40 42 44 45 47 48 50 s
10 2 3 5 6 7 8 11 13 14 15 16 17 20 22 26 27 28 33 34 36 37 38 42 43 44 45 47 48 s
11 2 4 8 9 10 15 17 19 20 23 26 28 30 34 36 37 38 40 43 46 48 49 50 s
12 1 2 4 5 6 8 14 17 18 19 23 26 27 28 29 30 31 32 33 34 35 36 38 39 40 42 43 44 46 50 s
13 2 3 4 5 6 8 9 10 15 17 18 20 22 24 25 27 28 31 34 36 39 41 43 45 46 s
14 2 4 5 9 10 12 16 19 20 22 24 26 27 28 30 31 32 34 36 37 38 41 43 45 47 48 49 s
15 2 4 9 10 11 13 17 18 22 24 27 28 30 32 38 39 40 42 43 46 48 49 50 s
16 1 2 3 5 6 8 10 14 19 21 24 27 28 29 30 31 32 33 38 40 41 42 43 45 48 50 s
17 2 3 4 5 7 8 9 10 11 12 13 15 18 19 20 21 22 23 24 26 28 29 38 39 41 44 46 50 s
18 3 4 7 9 12 13 15 17 19 20 21 22 24 25 26 27 28 29 31 35 36 39 40 43 44 46 50 s
19 2 3 6 7 8 9 11 12 14 16 17 18 20 22 24 28 30 32 34 38 39 41 43 44 45 48 49 50 s
20 1 3 4 5 7 8 10 11 13 14 17 18 19 21 22 24 29 30 32 36 37 39 40 41 42 45 47 48 s
21 3 6 7 8 9 16 17 18 20 24 27 29 30 32 33 35 37 39 40 45 47 48 49 50 s
22 1 2 4 5 10 13 14 15 17 18 19 20 23 24 25 29 31 33 34 36 37 38 39 43 45 47 s
23 1 3 5 6 8 11 12 17 22 24 26 30 33 34 36 37 39 43 45 46 47 48 s
24 1 2 3 4 7 9 13 14 15 16 17 18 19 20 21 22 23 25 27 28 30 32 33 35 38 40 42 45 46 48 49 50 s
25 1 2 4 5 6 7 8 13 18 22 24 29 30 31 32 34 35 36 38 42 45 47 48 50 s
26 1 2 3 4 5 9 10 11 12 14 17 18 23 27 29 30 32 33 34 38 39 41 42 44 49 s
27 2 3 5 6 7 8 10 12 13 14 15 16 18 21 24 26 29 31 34 35 39 40 41 42 44 46 48 s
28 1 2 5 6 8 10 11 12 13 14 15 16 17 18 19 24 30 32 34 36 39 42 44 46 47 48 s
29 2 5 8 12 16 17 18 20 21 22 25 26 27 30 32 33 35 36 39 42 43 46 47 48 49 s
30 1 2 5 9 11 12 14 15 16 19 20 21 23 24 25 26 28 29 31 32 33 34 35 36 37 38 40 46 47 49 50 s
31 1 6 7 9 12 13 14 16 18 22 25 27 30 35 37 38 39 42 45 46 47 s
32 1 3 4 5 7 12 14 15 16 19 20 21 24 25 26 28 29 30 36 41 42 43 46 47 48 49 50 s
33 3 5 10 12 16 21 22 23 24 26 29 30 34 36 37 38 39 46 48 49 s
34 1 2 4 5 6 9 10 11 12 13 14 19 22 23 25 26 27 28 30 33 39 41 43 48 s
35 1 2 4 5 7 8 12 18 21 24 25 27 29 30 31 37 41 42 43 44 46 47 49 50 s
36 2 6 9 10 11 12 13 14 18 20 22 23 25 28 29 30 32 33 41 42 43 44 47 48 s
37 3 4 5 6 7 8 10 11 14 20 21 22 23 30 31 33 35 38 41 42 43 45 s
38 1 3 4 6 7 8 9 10 11 12 14 15 16 17 19 22 24 25 26 30 31 33 37 43 44 46 50 s
39 1 2 3 5 6 8 9 12 13 15 17 18 19 20 21 22 23 26 27 28 29 31 33 34 41 43 46 47 49 50 s
40 2 4 5 7 9 11 12 15 16 18 20 21 24 27 30 41 43 46 47 48 50 s
41 3 4 8 13 14 16 17 19 20 26 27 32 34 35 36 37 39 40 44 45 46 47 48 49 50 s
42 3 4 8 9 10 12 15 16 20 24 25 26 27 28 29 31 32 35 36 37 43 45 47 48 49 s
43 1 2 4 6 8 10 11 12 13 14 15 16 18 19 22 23 29 32 34 35 36 37 38 39 40 42 44 47 49 s
44 1 2 5 7 9 10 12 17 18 19 26 27 28 35 36 38 41 43 46 47 48 49 s
45 3 6 8 9 10 13 14 16 19 20 21 22 23 24 25 31 37 41 42 48 49 s
46 3 4 6 11 12 13 15 17 18 23 24 27 28 29 30 31 32 33 35 38 39 40 41 44 50 s
47 2 4 6 8 9 10 14 20 21 22 23 25 28 29 30 31 32 35 36 39 40 41 42 43 44 48 50 s
48 1 2 7 8 9 10 11 14 15 16 19 20 21 23 24 25 27 28 29 32 33 34 36 40 41 42 44 45 47 s
49 3 5 8 11 14 15 19 21 24 26 29 30 32 33 35 39 41 42 43 44 45 50 s
50 1 2 3 4 9 11 12 15 16 17 18 19 21 24 25 30 32 35 38 39 40 41 46 47 49 s
