1 7 8 24 26 29 33 40 45 49 53 54 55 s
2 4 12 13 20 27 30 32 33 45 46 48 49 s
3 8 11 15 18 20 22 23 27 30 32 43 44 48 49 s
4 2 6 10 15 16 23 24 33 36 37 38 41 43 s
5 8 9 11 12 18 19 23 26 35 45 53 s
6 4 9 10 11 15 16 22 24 29 33 37 38 50 s
7 1 14 19 21 23 25 39 40 50 53 s
8 1 3 5 12 18 19 35 41 51 s
9 5 6 10 16 19 22 25 29 37 41 s
10 4 6 9 13 28 30 34 35 39 46 47 52 s
11 3 5 6 12 18 19 s
12 2 5 8 11 19 25 34 37 47 s
13 2 10 21 30 31 38 39 40 41 42 49 51 52 s
14 7 20 25 39 43 46 49 52 54 s
15 3 4 6 20 26 29 45 46 49 55 s
16 4 6 9 s
17 20 23 24 35 37 39 46 50 51 s
18 3 5 8 11 29 42 44 47 54 55 s
19 5 7 8 9 11 12 26 27 33 35 39 40 43 44 48 50 s
20 2 3 14 15 17 23 26 31 38 43 55 s
21 7 13 26 33 35 36 37 41 45 46 52 s
22 3 6 9 29 33 36 37 38 44 45 49 50 54 55 s
23 3 4 5 7 17 20 27 28 29 30 34 35 42 49 50 55 s
24 1 4 6 17 33 38 41 50 53 55 s
25 7 9 12 14 27 33 34 38 39 41 44 45 46 48 52 55 s
26 1 5 15 19 20 21 28 39 42 47 50 s
27 2 3 19 23 25 28 35 36 44 s
28 10 23 26 27 39 43 46 49 s
29 1 6 9 15 18 22 23 32 33 36 40 42 s
30 2 3 10 13 23 31 33 40 44 50 55 s
31 13 20 30 35 37 39 42 51 52 s
32 2 3 29 46 47 48 49 54 s
33 1 2 4 6 19 21 22 24 25 29 30 36 37 38 40 47 50 51 52 53 s
34 10 12 23 25 37 40 53 s
35 5 8 10 17 19 21 23 27 31 46 48 49 50 s
36 4 21 22 27 29 33 41 43 46 48 50 53 55 s
37 4 6 9 12 17 21 22 31 33 34 39 40 41 42 48 54 55 s
38 4 6 13 20 22 24 25 33 40 41 43 s
39 7 10 13 14 17 19 25 26 28 31 37 44 49 52 s
40 1 7 13 19 29 30 33 34 37 38 42 45 s
41 4 8 9 13 21 24 25 36 37 38 42 44 48 50 51 53 s
42 13 18 23 26 29 31 37 40 41 47 48 49 50 55 s
43 3 4 14 19 20 28 36 38 46 53 s
44 3 18 19 22 25 27 30 39 41 45 54 s
45 1 2 5 15 21 22 25 40 44 47 51 52 s
46 2 10 14 15 17 21 25 28 32 35 36 43 48 53 54 s
47 10 12 18 26 32 33 42 45 48 49 50 52 55 s
48 2 3 19 25 32 35 36 37 41 42 46 47 49 51 55 s
49 1 2 3 13 14 15 22 23 28 32 35 39 42 47 48 51 52 55 s
50 6 7 17 19 22 23 24 26 30 33 35 36 41 42 47 53 55 s
51 8 13 17 31 33 41 45 48 49 54 55 s
52 10 13 14 21 25 31 33 39 45 47 49 s
53 1 5 7 24 33 34 36 41 43 46 50 54 s
54 1 14 18 22 32 37 44 46 51 53 55 s
55 1 15 18 20 22 23 24 25 30 36 37 42 47 48 49 50 51 54 s
