1 2 12 15 16 17 19 20 21 29 32 33 35 38 41 42 45 46 54 s
2 1 6 8 10 16 19 21 23 27 28 35 38 40 44 48 53 s
3 4 5 7 11 14 15 18 21 23 32 46 s
4 3 5 8 14 19 20 22 24 28 43 44 48 49 52 54 55 s
5 3 4 7 9 14 16 19 41 43 44 45 50 52 s
6 2 7 9 16 23 29 32 36 37 49 52 s
7 3 5 6 8 9 10 16 22 26 28 32 34 42 53 s
8 2 4 7 10 11 12 14 22 24 26 27 28 39 43 46 51 52 53 s
9 5 6 7 24 25 31 41 46 49 s
10 2 7 8 22 25 26 34 38 39 46 48 53 54 55 s
11 3 8 14 16 19 20 23 31 41 44 46 47 48 50 52 53 55 s
12 1 8 16 18 26 29 31 34 38 40 44 45 50 s
13 14 16 19 20 23 24 30 32 34 39 41 44 47 50 54 s
14 3 4 5 8 11 13 16 17 21 32 47 49 53 55 s
15 1 3 26 29 32 35 36 38 40 43 52 55 s
16 1 2 5 6 7 11 12 13 14 23 26 28 30 33 34 44 49 51 53 55 s
17 1 14 20 24 26 32 37 40 41 48 53 54 55 s
18 3 12 23 29 30 31 39 49 51 54 55 s
19 1 2 4 5 11 13 20 21 23 24 25 27 30 37 42 47 s
20 1 4 11 13 17 19 23 24 27 30 34 37 39 42 44 s
21 1 2 3 14 19 25 38 40 42 44 46 47 48 49 52 54 s
22 4 7 8 10 23 24 25 26 32 35 37 40 42 45 46 48 s
23 2 3 6 11 13 16 18 19 20 22 35 42 44 s
24 4 8 9 13 17 19 20 22 25 34 35 42 44 53 s
25 9 10 19 21 22 24 26 29 33 35 43 53 54 s
26 7 8 10 12 15 16 17 22 25 27 30 42 51 55 s
27 2 8 19 20 26 31 34 36 37 39 42 43 50 s
28 2 4 7 8 16 30 31 32 33 36 39 41 43 45 50 51 55 s
29 1 6 12 15 18 25 33 38 42 45 s
30 13 16 18 19 20 26 28 33 37 38 41 42 45 47 s
31 9 11 12 18 27 28 32 39 42 43 45 s
32 1 3 6 7 13 14 15 17 22 28 31 33 49 55 s
33 1 16 25 28 29 30 32 41 53 s
34 7 10 12 13 16 20 24 27 37 39 41 42 43 46 47 51 54 55 s
35 1 2 15 22 23 24 25 36 40 41 44 46 48 50 52 s
36 6 15 27 28 35 37 49 51 52 s
37 6 17 19 20 22 27 30 34 36 41 50 52 53 s
38 1 2 10 12 15 21 29 30 42 46 48 49 s
39 8 10 13 18 20 27 28 31 34 41 45 47 48 s
40 2 12 15 17 21 22 35 42 44 46 47 48 52 s
41 1 5 9 11 13 17 28 30 33 34 35 37 39 43 44 47 51 55 s
42 1 7 19 20 21 22 23 24 26 27 29 30 31 34 38 40 44 46 50 s
43 4 5 8 15 25 27 28 31 34 41 45 53 s
44 2 4 5 11 12 13 16 20 21 23 24 35 40 41 42 48 52 s
45 1 5 12 22 28 29 30 31 39 43 51 s
46 1 3 8 9 10 11 21 22 34 35 38 40 42 48 49 52 55 s
47 11 13 14 19 21 30 34 39 40 41 48 52 s
48 2 4 10 11 17 21 22 35 38 39 40 44 46 47 49 51 52 55 s
49 4 6 9 14 16 18 21 32 36 38 46 48 53 s
50 5 11 12 13 27 28 35 37 42 s
51 8 16 18 26 28 34 36 41 45 48 54 s
52 4 5 6 8 11 15 21 35 36 37 40 44 46 47 48 s
53 2 7 8 10 11 14 16 17 24 25 33 37 43 49 s
54 1 4 10 13 17 18 21 25 34 51 s
55 4 10 11 14 15 16 17 18 26 28 32 34 41 46 48 s
