1 3 4 7 8 9 14 18 22 24 25 28 29 32 37 43 46 50 51 52 s
2 4 7 9 11 12 14 16 23 25 26 29 32 33 35 42 43 46 47 s
3 1 6 8 17 22 27 28 35 44 46 52 53 s
4 1 2 6 7 8 13 16 21 23 29 33 35 37 38 39 50 51 52 53 54 55 s
5 10 14 21 25 28 35 40 43 44 49 52 s
6 3 4 11 14 22 23 26 33 34 36 38 47 48 49 50 s
7 1 2 4 10 11 12 15 20 22 25 26 32 34 35 40 42 51 53 55 s
8 1 3 4 19 25 26 27 28 32 34 35 36 38 41 45 46 49 52 54 s
9 1 2 22 23 24 32 40 45 47 48 54 s
10 5 7 14 20 22 26 28 30 34 36 37 42 52 s
11 2 6 7 12 14 18 20 22 35 37 41 42 43 52 53 54 s
12 2 7 11 13 17 18 19 24 25 30 35 36 43 53 55 s
13 4 12 14 16 17 20 26 32 40 41 44 46 47 49 53 s
14 1 2 5 6 10 11 13 16 17 20 21 28 29 30 33 41 43 49 s
15 7 20 24 27 28 35 44 46 48 53 s
16 2 4 13 14 17 18 19 23 26 27 29 45 52 54 55 s
17 3 12 13 14 16 19 20 21 25 35 38 40 41 s
18 1 11 12 16 20 24 27 29 33 37 40 43 46 48 49 50 s
19 8 12 16 17 25 31 34 37 s
20 7 10 11 13 14 15 17 18 21 26 31 33 34 36 44 45 46 53 s
21 4 5 14 17 20 22 25 31 42 43 51 54 s
22 1 3 6 7 9 10 11 21 26 27 30 39 40 43 46 49 53 s
23 2 4 6 9 16 26 27 30 35 36 40 41 43 44 51 52 s
24 1 9 12 15 18 30 31 36 s
25 1 2 5 7 8 12 17 19 21 36 39 43 50 54 s
26 2 6 7 8 10 13 16 20 22 23 32 33 41 45 46 53 s
27 3 8 15 16 18 22 23 29 32 42 45 50 53 s
28 1 3 5 8 10 14 15 32 37 40 46 47 49 52 53 s
29 1 2 4 14 16 18 27 32 33 34 40 44 46 50 52 55 s
30 10 12 14 22 23 24 37 39 45 48 51 55 s
31 19 20 21 24 35 36 41 42 45 54 55 s
32 1 2 7 8 9 13 26 27 28 29 35 41 44 45 46 54 s
33 2 4 6 14 18 20 26 29 42 46 49 50 s
34 6 7 8 10 19 20 29 41 45 49 50 51 55 s
35 2 3 4 5 7 8 11 12 15 17 23 31 32 38 45 46 49 53 s
36 6 8 10 12 20 23 24 25 31 37 40 41 47 48 s
37 1 4 10 11 18 19 28 30 36 41 49 53 s
38 4 6 8 17 35 39 43 51 s
39 4 22 25 30 38 45 s
40 5 7 9 13 17 18 22 23 28 29 36 48 49 51 53 55 s
41 8 11 13 14 17 23 26 31 32 34 36 37 42 43 44 45 46 47 54 s
42 2 7 10 11 21 27 31 33 41 46 47 49 52 54 55 s
43 1 2 5 11 12 14 18 21 22 23 25 38 41 50 51 54 55 s
44 3 5 13 15 20 23 29 32 41 48 49 50 52 55 s
45 8 9 16 20 26 27 30 31 32 34 35 39 41 49 52 53 54 s
46 1 2 3 8 13 15 18 20 22 26 28 29 32 33 35 41 42 s
47 2 6 9 13 28 36 41 42 49 52 s
48 6 9 15 18 30 36 40 44 55 s
49 5 6 8 13 14 18 22 28 33 34 35 37 40 42 44 45 47 50 51 53 55 s
50 1 4 6 18 25 27 29 33 34 43 44 49 52 s
51 1 4 7 21 23 30 34 38 40 43 49 s
52 1 3 4 5 8 10 11 16 23 28 29 42 44 45 47 50 53 54 s
53 3 4 7 11 12 13 15 20 22 26 27 28 35 37 40 45 49 52 55 s
54 4 8 9 11 16 21 25 31 32 41 42 43 45 52 s
55 4 7 12 16 29 30 31 34 40 42 43 44 48 49 53 s
