1 2 6 13 14 19 23 27 34 38 39 42 45 47 48 53 s
2 1 3 7 17 19 21 24 39 41 42 43 s
3 2 9 13 14 15 16 21 23 26 27 28 33 38 39 40 42 43 49 50 55 s
4 12 21 30 31 34 44 45 54 s
5 9 23 24 29 30 33 35 36 45 46 s
6 1 7 8 13 14 19 20 21 25 30 31 36 39 44 51 s
7 2 6 9 12 18 21 25 31 33 39 47 s
8 6 15 17 22 27 33 40 48 50 53 55 s
9 3 5 7 11 13 14 20 24 25 26 33 34 38 50 52 55 s
10 12 15 18 23 32 39 40 42 43 44 45 s
11 9 15 16 21 24 27 33 37 40 43 44 45 49 s
12 4 7 10 15 18 22 31 32 35 38 39 52 54 s
13 1 3 6 9 18 21 30 36 37 48 50 s
14 1 3 6 9 30 32 48 50 51 52 53 54 55 s
15 3 8 10 11 12 26 28 30 33 51 54 55 s
16 3 11 20 24 25 28 31 32 34 37 39 41 42 43 46 s
17 2 8 18 23 25 32 35 41 42 43 45 46 50 54 s
18 7 10 12 13 17 19 25 26 36 41 42 43 44 45 46 51 52 s
19 1 2 6 18 24 31 33 41 47 48 50 53 s
20 6 9 16 21 22 29 35 43 46 47 s
21 2 3 4 6 7 11 13 20 23 32 33 34 36 39 44 46 52 53 s
22 8 12 20 29 31 35 36 37 41 42 43 44 48 51 54 s
23 1 3 5 10 17 21 25 29 31 32 34 36 40 42 43 50 52 53 s
24 2 5 9 11 16 19 26 27 28 33 37 38 39 44 50 s
25 6 7 9 16 17 18 23 26 28 33 34 35 38 39 46 48 54 55 s
26 3 9 15 18 24 25 28 35 36 39 41 42 43 46 52 s
27 1 3 8 11 24 28 29 30 33 34 44 49 50 54 s
28 3 15 16 24 25 26 27 29 33 34 37 38 39 41 43 45 49 53 s
29 5 20 22 23 27 28 32 39 44 45 50 54 s
30 4 5 6 13 14 15 27 40 42 45 46 54 s
31 4 6 7 12 16 19 22 23 35 36 45 47 51 52 55 s
32 10 12 14 16 17 21 23 29 33 37 48 50 51 s
33 3 5 7 8 9 11 15 19 21 24 25 27 28 32 34 36 39 42 52 53 s
34 1 4 9 16 21 23 25 27 28 33 35 41 48 55 s
35 5 12 17 20 22 25 26 31 34 36 41 45 s
36 5 6 13 18 21 22 23 26 31 33 35 41 45 47 50 54 55 s
37 11 13 16 22 24 28 32 41 49 50 51 55 s
38 1 3 9 12 24 25 28 41 49 50 51 52 54 55 s
39 1 2 3 6 7 10 12 16 21 24 25 26 28 29 33 41 43 44 47 51 53 55 s
40 3 8 10 11 23 30 43 45 46 48 s
41 2 16 17 18 19 22 26 28 34 35 36 37 38 39 42 43 44 48 49 50 52 s
42 1 2 3 10 16 17 18 22 23 26 30 33 41 44 47 s
43 2 3 10 11 16 17 18 20 22 23 26 28 39 40 41 46 47 51 52 54 s
44 4 6 10 11 18 21 22 24 27 29 39 41 42 45 49 54 s
45 1 4 5 10 11 17 18 28 29 30 31 35 36 40 44 47 s
46 5 16 17 18 20 21 25 26 30 40 43 49 51 52 s
47 1 7 19 20 31 36 39 42 43 45 50 52 s
48 1 8 13 14 19 22 25 32 34 40 41 49 53 s
49 3 11 27 28 37 38 41 44 46 48 50 51 55 s
50 3 8 9 13 14 17 19 23 24 27 29 32 36 37 38 41 47 49 51 s
51 6 14 15 18 22 31 32 37 38 39 43 46 49 50 53 55 s
52 9 12 14 18 21 23 26 31 33 38 41 43 46 47 53 s
53 1 8 14 19 21 23 28 33 39 48 51 52 54 s
54 4 12 14 15 17 22 25 27 29 30 36 38 43 44 53 s
55 3 8 9 14 15 25 31 34 36 37 38 39 49 51 s
