1 2 3 4 11 13 18 19 20 21 22 27 31 32 34 39 40 43 45 46 49 55 s
2 1 9 10 11 16 17 20 23 28 32 33 37 43 46 s
3 1 6 7 9 13 15 22 27 29 31 35 38 39 41 45 46 48 50 51 s
4 1 5 8 10 14 16 23 28 29 32 34 35 36 40 46 47 50 51 53 s
5 4 8 9 11 19 21 27 28 29 30 32 37 38 39 40 49 s
6 3 11 19 23 24 25 34 42 49 50 s
7 3 8 13 15 16 20 26 29 31 35 36 38 40 42 43 44 49 50 51 s
8 4 5 7 14 16 17 18 20 23 25 31 35 37 40 44 48 54 s
9 2 3 5 13 15 16 17 28 43 47 48 50 51 52 53 s
10 2 4 14 15 16 19 20 28 29 30 32 35 38 41 42 45 47 48 49 50 52 54 s
11 1 2 5 6 26 28 32 37 41 48 53 54 s
12 17 21 25 31 32 35 36 39 40 43 44 45 46 47 49 53 s
13 1 3 7 9 14 15 17 22 23 31 35 36 38 40 45 46 47 s
14 4 8 10 13 18 19 20 21 22 25 30 35 38 42 45 46 47 48 50 53 54 s
15 3 7 9 10 13 20 25 28 29 30 32 36 38 39 42 45 46 51 54 s
16 2 4 7 8 9 10 20 22 24 27 29 30 33 41 42 55 s
17 2 8 9 12 13 21 25 27 44 45 46 53 55 s
18 1 8 14 24 25 26 30 33 35 42 44 45 46 s
19 1 5 6 10 14 20 26 28 30 35 39 42 45 52 53 s
20 1 2 7 8 10 14 15 16 19 21 24 25 26 27 29 31 35 41 42 44 54 s
21 1 5 12 14 17 20 28 30 32 33 36 38 39 40 41 43 47 55 s
22 1 3 13 14 16 24 27 34 36 40 48 s
23 2 4 6 8 13 24 26 28 30 34 36 37 41 45 50 51 54 s
24 6 16 18 20 22 23 28 33 35 44 45 s
25 6 8 12 14 15 17 18 20 27 28 46 51 54 s
26 7 11 18 19 20 23 35 38 45 52 s
27 1 3 5 16 17 20 22 25 28 30 33 40 46 50 51 54 55 s
28 2 4 5 9 10 11 15 19 21 23 24 25 27 30 40 44 48 49 55 s
29 3 4 5 7 10 15 16 20 36 37 38 39 43 46 48 52 s
30 5 10 14 15 16 18 19 21 23 27 28 31 36 39 45 46 47 49 50 51 54 s
31 1 3 7 8 12 13 20 30 32 40 53 54 s
32 1 2 4 5 10 11 12 15 21 31 33 35 42 43 53 55 s
33 2 16 18 21 24 27 32 35 37 39 45 46 47 48 51 54 s
34 1 4 6 22 23 40 44 45 47 50 51 53 s
35 3 4 7 8 10 12 13 14 18 19 20 24 26 32 33 41 42 44 46 47 49 s
36 4 7 12 13 15 21 22 23 29 30 37 38 44 45 50 54 55 s
37 2 5 8 11 23 29 33 36 41 44 45 s
38 3 5 7 10 13 14 15 21 26 29 36 41 50 51 52 s
39 1 3 5 12 15 19 21 29 30 33 42 43 45 47 53 s
40 1 4 5 7 8 12 13 21 22 27 28 31 34 44 45 46 48 50 54 55 s
41 3 10 11 16 20 21 23 35 37 38 42 44 47 49 54 s
42 6 7 10 14 15 16 18 19 20 32 35 39 41 48 54 55 s
43 1 2 7 9 12 21 29 32 39 46 47 51 s
44 7 8 12 17 18 20 24 28 34 35 36 37 40 41 45 49 50 51 55 s
45 1 3 10 12 13 14 15 17 18 19 23 24 26 30 33 34 36 37 39 40 44 46 48 51 53 55 s
46 1 2 3 4 12 13 14 15 17 18 25 27 29 30 33 35 40 43 45 54 55 s
47 4 9 10 12 13 14 21 30 33 34 35 39 41 43 52 s
48 3 8 9 10 11 14 22 28 29 33 40 42 45 51 s
49 1 5 6 7 10 12 28 30 35 41 44 50 55 s
50 3 4 6 7 9 10 14 23 27 30 34 36 38 40 44 49 s
51 3 4 7 9 15 23 25 27 30 33 34 38 43 44 45 48 54 s
52 9 10 19 26 29 38 47 53 s
53 4 9 11 12 14 17 19 31 32 34 39 45 52 s
54 8 10 11 14 15 20 23 25 27 30 31 33 36 40 41 42 46 51 s
55 1 16 17 21 27 28 32 36 40 42 44 45 46 49 s
