1 2 3 5 9 11 12 14 16 17 18 20 22 23 25 26 28 30 31 33 34 38 39 41 44 45 46 48 49 51 52 53 54 s
2 1 6 7 8 9 10 11 13 14 15 17 19 22 23 24 26 27 29 30 31 32 36 38 42 45 48 49 50 54 55 s
3 1 4 6 10 11 13 15 16 17 18 19 20 21 23 24 27 28 29 30 31 32 33 36 37 39 40 41 46 47 50 55 s
4 3 5 7 11 12 13 15 16 18 19 21 24 25 27 29 30 31 35 37 42 45 47 52 s
5 1 4 6 9 12 18 20 22 24 25 26 28 30 31 33 35 36 38 43 45 46 48 50 51 54 55 s
6 2 3 5 8 9 10 12 14 15 16 18 20 23 25 28 29 30 31 38 40 41 43 44 45 46 48 49 53 s
7 2 4 9 12 14 19 20 22 23 24 25 26 27 29 33 38 41 42 43 46 47 51 52 53 55 s
8 2 6 9 12 15 21 26 29 30 31 33 34 36 38 40 41 43 45 46 47 51 52 55 s
9 1 2 5 6 7 8 10 11 12 13 19 20 21 25 29 30 32 37 39 40 41 43 44 49 50 51 52 54 s
10 2 3 6 9 11 12 13 14 15 18 19 23 24 25 27 29 31 32 34 36 43 44 45 46 47 48 50 52 54 s
11 1 2 3 4 9 10 13 14 15 19 21 24 25 26 29 34 35 36 37 38 40 41 49 51 53 55 s
12 1 4 5 6 7 8 9 10 14 15 19 20 22 23 24 29 30 31 33 34 37 39 40 41 43 45 48 49 50 52 55 s
13 2 3 4 9 10 11 14 16 19 22 25 27 28 29 31 32 36 40 43 46 47 48 49 51 s
14 1 2 6 7 10 11 12 13 19 21 23 26 29 34 37 38 40 41 42 46 49 50 51 52 54 s
15 2 3 4 6 8 10 11 12 16 17 18 23 24 25 29 30 32 36 40 44 45 46 47 48 49 50 54 s
16 1 3 4 6 13 15 17 18 19 20 23 26 29 30 34 35 36 38 39 40 41 43 45 47 48 51 53 s
17 1 2 3 15 16 20 21 22 24 27 28 29 31 32 33 39 40 42 44 46 47 48 49 s
18 1 3 4 5 6 10 15 16 20 22 25 26 27 30 32 40 42 43 45 46 47 49 50 54 55 s
19 2 3 4 7 9 10 11 12 13 14 16 21 22 23 28 29 32 38 39 41 42 43 44 45 46 48 49 51 52 53 54 55 s
20 1 3 5 6 7 9 12 16 17 18 22 23 24 25 26 27 28 30 32 33 34 35 36 41 42 43 45 47 49 50 52 53 s
21 3 4 8 9 11 14 17 19 23 28 29 33 34 35 36 38 40 42 44 45 47 49 50 52 53 54 s
22 1 2 5 7 12 13 17 18 19 20 29 30 33 34 38 42 43 44 45 46 48 54 s
23 1 2 3 6 7 10 12 14 15 16 19 20 21 25 26 27 28 30 34 35 36 37 38 41 44 47 52 s
24 2 3 4 5 7 10 11 12 15 17 20 25 26 29 30 32 34 35 38 44 47 48 50 51 52 54 s
25 1 4 5 6 7 9 10 11 13 15 18 20 23 24 27 28 30 31 36 37 40 41 42 43 45 47 48 49 52 53 54 55 s
26 1 2 5 7 8 11 14 16 18 20 23 24 28 31 38 39 40 42 45 46 47 48 49 50 53 s
27 2 3 4 7 10 13 17 18 20 23 25 28 29 30 31 33 35 36 37 38 41 42 44 45 48 49 50 51 55 s
28 1 3 5 6 13 17 19 20 21 23 25 26 27 30 31 32 33 34 35 39 40 43 44 47 49 55 s
29 2 3 4 6 7 8 9 10 11 12 13 14 15 16 17 19 21 22 24 27 30 31 33 34 36 38 39 40 41 46 47 48 49 50 51 53 54 55 s
30 1 2 3 4 5 6 8 9 12 15 16 18 20 22 23 24 25 27 28 29 33 35 37 38 39 40 45 46 47 49 50 51 52 54 55 s
31 1 2 3 4 5 6 8 10 12 13 17 25 26 27 28 29 33 37 38 42 45 47 51 52 53 54 s
32 2 3 9 10 13 15 17 18 19 20 24 28 33 34 35 36 38 39 41 43 44 46 48 51 52 53 54 55 s
33 1 3 5 7 8 12 17 20 21 22 27 28 29 30 31 32 36 39 44 45 49 50 55 s
34 1 8 10 11 12 14 16 20 21 22 23 24 28 29 32 36 38 41 44 45 46 48 53 s
35 4 5 11 16 20 21 23 24 27 28 30 32 38 41 42 43 44 45 47 50 51 53 54 s
36 2 3 5 8 10 11 13 15 16 20 21 23 25 27 29 32 33 34 41 43 45 47 48 50 55 s
37 3 4 9 11 12 14 23 25 27 30 31 39 47 49 50 51 53 54 s
38 1 2 5 6 7 8 11 14 16 19 21 22 23 24 26 27 29 30 31 32 34 35 41 42 44 45 46 47 48 50 53 54 s
39 1 3 9 12 16 17 19 26 28 29 30 32 33 37 40 41 46 47 49 51 54 55 s
40 3 6 8 9 11 12 13 14 15 16 17 18 21 25 26 28 29 30 39 43 44 45 46 47 50 52 53 54 s
41 1 3 6 7 8 9 11 12 14 16 19 20 23 25 27 29 32 34 35 36 38 39 43 45 46 47 49 50 52 55 s
42 2 4 7 14 17 18 19 20 21 22 25 26 27 31 35 38 43 45 46 51 52 55 s
43 5 6 7 8 9 10 12 13 16 18 19 20 22 25 28 32 35 36 40 41 42 44 47 48 50 52 53 54 55 s
44 1 6 9 10 15 17 19 21 22 23 24 27 28 32 33 34 35 38 40 43 45 47 49 51 52 53 55 s
45 1 2 4 5 6 8 10 12 15 16 18 19 20 21 22 25 26 27 30 31 33 34 35 36 38 40 41 42 44 46 47 48 49 51 s
46 1 3 5 6 7 8 10 13 14 15 17 18 19 22 26 29 30 32 34 38 39 40 41 42 45 54 55 s
47 3 4 7 8 10 13 15 16 17 18 20 21 23 24 25 26 28 29 30 31 35 36 37 38 39 40 41 43 44 45 48 49 50 51 52 54 55 s
48 1 2 5 6 10 12 13 15 16 17 19 22 24 25 26 27 29 32 34 36 38 43 45 47 50 51 55 s
49 1 2 6 9 11 12 13 14 15 17 18 19 20 21 25 26 27 28 29 30 33 37 39 41 44 45 47 50 51 52 55 s
50 2 3 5 9 10 12 14 15 18 20 21 24 26 27 29 30 33 35 36 37 38 40 41 43 47 48 49 51 53 54 55 s
51 1 5 7 8 9 11 13 14 16 19 24 27 29 30 31 32 35 37 39 42 44 45 47 48 49 50 53 s
52 1 4 7 8 9 10 12 14 19 20 21 23 24 25 30 31 32 40 41 42 43 44 47 49 55 s
53 1 6 7 11 16 19 20 21 25 26 29 31 32 34 35 37 38 40 43 44 50 51 54 55 s
54 1 2 5 9 10 14 15 18 19 21 22 24 25 29 30 31 32 35 37 38 39 40 43 46 47 50 53 55 s
55 2 3 5 7 8 11 12 18 19 25 27 28 29 30 32 33 36 39 41 42 43 44 46 47 48 49 50 52 53 54 s
