1 4 5 8 10 13 17 18 19 20 21 23 24 25 27 28 29 30 31 38 40 41 42 45 48 49 54 s
2 4 5 9 10 12 14 15 19 20 21 24 27 29 31 32 34 36 37 41 42 43 44 45 46 51 52 54 s
3 6 7 8 9 10 14 15 16 18 21 23 24 28 29 30 33 34 35 36 40 44 45 46 48 49 50 51 52 54 55 s
4 1 2 5 6 7 10 12 16 17 18 21 22 23 26 27 28 29 30 32 33 34 36 39 40 44 45 46 48 49 50 51 54 55 s
5 1 2 4 6 8 9 17 18 21 24 25 27 29 30 32 33 34 35 36 37 38 40 41 42 44 46 47 50 51 52 55 s
6 3 4 5 7 8 9 12 14 15 17 18 20 22 23 24 25 26 27 29 30 32 34 35 36 38 39 42 43 46 47 48 51 54 55 s
7 3 4 6 9 11 12 15 16 17 19 21 22 23 25 28 30 36 37 39 40 41 44 45 47 48 53 55 s
8 1 3 5 6 9 11 13 14 15 16 17 18 20 22 23 24 25 27 29 35 36 37 38 40 41 42 43 47 49 51 52 54 55 s
9 2 3 5 6 7 8 10 11 12 15 16 17 18 20 24 26 28 32 34 35 36 38 41 43 46 48 49 54 55 s
10 1 2 3 4 9 12 15 16 17 18 19 20 21 22 23 25 26 28 32 33 34 38 39 43 44 50 51 52 53 s
11 7 8 9 12 13 14 15 16 19 20 22 25 28 29 30 31 33 35 37 40 41 43 44 45 49 54 55 s
12 2 4 6 7 9 10 11 13 15 16 17 18 19 21 23 24 27 28 29 31 34 36 37 38 42 43 51 52 s
13 1 8 11 12 17 18 20 21 23 29 30 31 32 34 35 40 42 43 45 46 47 48 50 51 53 54 55 s
14 2 3 6 8 11 15 18 20 22 24 28 31 32 36 37 38 39 41 45 48 49 50 51 52 54 s
15 2 3 6 7 8 9 10 11 12 14 17 21 22 23 25 26 33 34 37 38 39 42 45 47 48 49 51 s
16 3 4 7 8 9 10 11 12 18 19 20 21 26 27 28 29 31 32 37 38 39 40 42 43 45 46 47 48 50 51 52 s
17 1 4 5 6 7 8 9 10 12 13 15 18 20 23 24 25 26 29 30 36 38 39 40 41 42 43 44 45 47 48 51 53 54 55 s
18 1 3 4 5 6 8 9 10 12 13 14 16 17 19 23 24 27 28 29 33 34 35 38 39 40 42 44 49 51 53 55 s
19 1 2 7 10 11 12 16 18 20 24 28 29 30 31 32 33 34 36 38 40 44 45 46 48 49 50 51 52 54 55 s
20 1 2 6 8 9 10 11 13 14 16 17 19 22 25 26 32 34 35 36 38 40 42 43 47 50 51 52 s
21 1 2 3 4 5 7 10 12 13 15 16 23 24 26 29 30 31 32 34 35 36 37 39 40 41 42 44 47 49 50 51 52 54 55 s
22 4 6 7 8 10 11 14 15 20 27 33 34 36 38 42 43 45 47 49 53 54 s
23 1 3 4 6 7 8 10 12 13 15 17 18 21 26 31 32 33 38 41 43 47 49 50 52 s
24 1 2 3 5 6 8 9 12 14 17 18 19 21 26 28 29 30 31 32 33 34 35 37 38 41 48 51 52 53 54 55 s
25 1 5 6 7 8 10 11 15 17 20 26 27 28 31 32 38 39 40 41 42 45 46 50 51 52 53 s
26 4 6 9 10 15 16 17 20 21 23 24 25 27 28 29 32 38 39 40 42 45 46 48 50 52 54 55 s
27 1 2 4 5 6 8 12 16 18 22 25 26 28 33 34 37 38 39 41 42 44 47 48 51 52 54 55 s
28 1 3 4 7 9 10 11 12 14 16 18 19 24 25 26 27 29 30 31 33 37 39 43 44 46 47 48 50 51 55 s
29 1 2 3 4 5 6 8 11 12 13 16 17 18 19 21 24 26 28 31 34 36 40 41 42 44 46 47 53 s
30 1 3 4 5 6 7 11 13 17 19 21 24 28 31 33 34 35 37 38 39 44 47 49 50 51 52 53 54 55 s
31 1 2 11 12 13 14 16 19 21 23 24 25 28 29 30 33 35 36 37 40 41 43 45 47 49 51 52 55 s
32 2 4 5 6 9 10 13 14 16 19 20 21 23 24 25 26 36 37 38 39 40 41 42 46 47 51 52 55 s
33 3 4 5 10 11 15 18 19 22 23 24 27 28 30 31 35 36 37 38 39 40 42 43 45 46 48 50 51 52 53 55 s
34 2 3 4 5 6 9 10 12 13 15 18 19 20 21 22 24 27 29 30 35 36 37 41 42 43 44 45 46 48 49 s
35 3 5 6 8 9 11 13 18 20 21 24 30 31 33 34 37 39 40 42 44 45 47 48 49 51 52 53 s
36 2 3 4 5 6 7 8 9 12 14 17 19 20 21 22 29 31 32 33 34 39 41 43 44 45 47 50 52 53 54 55 s
37 2 5 7 8 11 12 14 15 16 21 24 27 28 30 31 32 33 34 35 40 42 43 44 45 47 49 52 53 54 s
38 1 5 6 8 9 10 12 14 15 16 17 18 19 20 22 23 24 25 26 27 30 32 33 40 41 42 45 47 48 49 s
39 4 6 7 10 14 15 16 17 18 21 25 26 27 28 30 32 33 35 36 40 42 43 44 45 46 48 49 50 52 54 55 s
40 1 3 4 5 7 8 11 13 16 17 18 19 20 21 25 26 29 31 32 33 35 37 38 39 42 44 45 47 53 54 55 s
41 1 2 5 7 8 9 11 14 17 21 23 24 25 27 29 31 32 34 36 38 42 43 49 50 51 53 54 s
42 1 2 5 6 8 12 13 15 16 17 18 20 21 22 25 26 27 29 32 33 34 35 37 38 39 40 41 43 44 46 47 50 s
43 2 6 8 9 10 11 12 13 16 17 20 22 23 28 31 33 34 36 37 39 41 42 44 45 46 49 54 55 s
44 2 3 4 5 7 10 11 17 18 19 21 27 28 29 30 34 35 36 37 39 40 42 43 45 47 48 49 50 51 52 53 54 s
45 1 2 3 4 7 11 13 14 15 16 17 19 22 25 26 31 33 34 35 36 37 38 39 40 43 44 48 49 51 s
46 2 3 4 5 6 9 13 16 19 25 26 28 29 32 33 34 39 42 43 49 50 54 s
47 5 6 7 8 13 15 16 17 20 21 22 23 27 28 29 30 31 32 35 36 37 38 40 42 44 48 49 50 51 52 s
48 1 3 4 6 7 9 13 14 15 16 17 19 24 26 27 28 33 34 35 38 39 44 45 47 52 55 s
49 1 3 4 8 9 11 14 15 18 19 21 22 23 30 31 34 35 37 38 39 41 43 44 45 46 47 50 51 53 s
50 3 4 5 10 13 14 16 19 20 21 23 25 26 28 30 33 36 39 41 42 44 46 47 49 51 52 54 55 s
51 2 3 4 5 6 8 10 12 13 14 15 16 17 18 19 20 21 24 25 27 28 30 31 32 33 35 41 44 45 47 49 50 55 s
52 2 3 5 8 10 12 14 16 19 20 21 23 24 25 26 27 30 31 32 33 35 36 37 39 44 47 48 50 53 55 s
53 7 10 13 17 18 22 24 25 29 30 33 35 36 37 40 41 44 49 52 54 55 s
54 1 2 3 4 6 8 9 11 13 14 17 19 21 22 24 26 27 30 36 37 39 40 41 43 44 46 50 53 s
55 3 4 5 6 7 8 9 11 13 17 18 19 21 24 26 27 28 30 31 32 33 36 39 40 43 48 50 51 52 53 s
