1 3 6 7 8 11 12 13 14 16 21 22 23 24 27 30 31 32 34 35 38 39 45 51 53 55 s
2 3 4 6 7 8 11 12 15 16 17 19 31 33 34 38 39 40 41 45 46 48 49 55 s
3 1 2 4 7 8 9 10 13 15 17 22 25 26 27 30 31 32 39 42 43 44 45 47 48 52 53 s
4 2 3 6 8 17 19 20 23 24 28 29 33 35 36 37 39 40 42 44 45 47 48 49 50 51 52 54 s
5 6 7 9 11 15 16 17 18 19 22 25 27 28 29 31 32 34 35 36 38 39 40 41 49 50 51 54 s
6 1 2 4 5 11 13 15 16 21 22 24 26 28 30 32 33 34 36 37 38 42 45 49 50 s
7 1 2 3 5 14 16 17 18 19 20 22 24 25 26 27 28 31 32 33 35 36 39 41 42 43 44 45 46 47 50 51 52 53 55 s
8 1 2 3 4 10 12 14 18 20 21 22 24 25 26 27 28 32 34 40 44 46 49 55 s
9 3 5 10 13 14 15 16 20 21 22 23 24 27 28 29 30 31 35 37 38 43 44 45 46 47 49 53 54 55 s
10 3 8 9 11 14 16 17 18 19 20 25 27 29 30 31 32 35 37 42 43 44 48 50 51 52 s
11 1 2 5 6 10 12 14 16 17 18 21 28 29 32 33 34 35 36 37 38 40 41 44 45 46 49 55 s
12 1 2 8 11 13 14 15 16 17 18 19 21 25 33 35 37 38 40 46 47 48 50 52 55 s
13 1 3 6 9 12 14 15 16 17 21 25 28 31 35 37 38 39 40 42 45 47 48 51 52 54 55 s
14 1 7 8 9 10 11 12 13 16 18 21 22 23 25 26 28 30 32 37 39 41 43 44 45 47 50 51 52 53 54 s
15 2 3 5 6 9 12 13 17 18 19 20 21 25 27 28 29 31 32 33 34 38 39 40 42 44 51 s
16 1 2 5 6 7 9 10 11 12 13 14 17 20 22 23 28 29 30 31 32 36 38 39 43 44 47 50 53 54 55 s
17 2 3 4 5 7 10 11 12 13 15 16 19 21 22 29 30 35 38 39 42 43 45 46 51 52 53 54 55 s
18 5 7 8 10 11 12 14 15 19 22 23 27 31 32 35 37 39 41 42 43 44 46 47 48 50 51 53 s
19 2 4 5 7 10 12 15 17 18 21 22 23 24 25 26 29 30 32 34 35 37 38 39 40 41 47 48 49 51 52 55 s
20 4 7 8 9 10 15 16 21 22 24 25 26 29 30 33 35 37 38 40 44 45 46 49 51 52 55 s
21 1 6 8 9 11 12 13 14 15 17 19 20 23 26 30 31 34 36 44 46 47 48 49 s
22 1 3 5 6 7 8 9 14 16 17 18 19 20 23 28 30 31 32 33 36 37 40 42 43 44 46 47 48 50 51 52 55 s
23 1 4 9 14 16 18 19 21 22 24 31 34 36 37 39 40 41 42 43 44 47 49 52 54 s
24 1 4 6 7 8 9 19 20 23 25 26 29 33 36 38 41 42 43 44 47 51 55 s
25 3 5 7 8 10 12 13 14 15 19 20 24 28 31 32 36 37 39 43 44 45 47 49 50 51 52 54 55 s
26 3 6 7 8 14 