1 2 3 4 5 7 8 10 12 13 15 17 18 20 22 23 25 28 29 31 32 33 34 36 37 38 39 40 41 44 46 47 50 s
2 1 4 5 6 9 10 11 14 16 17 18 19 20 22 23 25 33 37 38 39 42 43 45 48 49 50 52 55 s
3 1 4 5 6 11 12 13 21 22 23 25 26 28 30 31 32 41 44 45 46 47 48 53 54 s
4 1 2 3 5 7 8 9 10 11 19 21 24 25 26 28 29 32 33 34 35 36 37 40 42 44 46 49 50 51 52 53 54 s
5 1 2 3 4 8 10 15 18 19 20 22 26 27 28 31 32 35 38 40 41 43 46 47 48 51 53 55 s
6 2 3 11 13 14 15 16 22 23 24 27 28 29 31 34 36 37 39 40 42 44 46 47 48 52 55 s
7 1 4 9 12 13 14 16 17 20 23 24 25 28 29 32 33 36 38 39 41 44 46 47 48 49 51 52 53 55 s
8 1 4 5 12 13 14 16 17 18 20 21 22 23 25 26 27 28 30 33 34 36 37 38 39 41 42 43 44 46 47 48 49 51 52 53 s
9 2 4 7 10 15 16 18 19 23 24 26 27 28 31 32 37 44 45 46 47 49 50 52 53 55 s
10 1 2 4 5 9 11 13 14 16 19 20 23 24 29 33 38 39 42 43 45 46 47 48 50 51 52 53 54 55 s
11 2 3 4 6 10 12 16 17 21 24 25 28 29 30 31 32 33 34 35 36 37 38 39 41 42 43 45 48 50 52 53 54 55 s
12 1 3 7 8 11 14 17 18 20 21 22 23 24 26 28 29 31 32 33 34 35 39 40 41 42 43 44 45 47 51 55 s
13 1 3 6 7 8 10 16 17 18 21 23 24 25 26 28 30 31 32 33 34 35 36 40 44 46 49 50 54 s
14 2 6 7 8 10 12 16 18 19 22 23 24 26 28 29 30 32 33 34 36 37 38 44 45 46 47 49 50 51 53 55 s
15 1 5 6 9 16 17 22 23 26 27 28 30 32 33 34 36 37 38 42 44 45 48 49 51 52 53 55 s
16 2 6 7 8 9 10 11 13 14 15 17 18 19 21 22 23 24 26 28 29 30 33 41 43 44 45 46 54 55 s
17 1 2 7 8 11 12 13 15 16 19 21 22 23 24 26 28 30 34 36 37 38 42 43 44 45 47 49 52 53 55 s
18 1 2 5 8 9 12 13 14 16 22 23 25 26 28 29 30 31 33 34 35 38 39 40 41 46 47 48 52 54 55 s
19 2 4 5 9 10 14 16 17 20 21 22 27 28 29 30 33 34 36 38 39 42 43 44 46 49 53 s
20 1 2 5 7 8 10 12 19 21 23 24 25 26 27 29 31 33 35 36 37 39 43 44 47 51 s
21 3 4 8 11 12 13 16 17 19 20 22 23 24 29 30 34 35 38 39 44 45 46 47 48 49 50 53 54 s
22 1 2 3 5 6 8 12 14 15 16 17 18 19 21 24 25 26 27 28 29 30 31 32 33 34 35 37 38 39 40 41 42 43 44 45 47 49 53 54 s
23 1 2 3 6 7 8 9 10 12 13 14 15 16 17 18 20 21 25 26 28 29 31 32 36 37 38 39 41 42 43 46 47 48 s
24 4 6 7 9 10 11 12 13 14 16 17 20 21 22 29 30 36 39 42 43 46 47 48 51 54 s
25 1 2 3 4 7 8 11 13 18 20 22 23 26 27 28 31 33 37 41 42 45 47 49 54 s
26 3 4 5 8 9 12 13 14 15 16 17 18 20 22 23 25 27 30 31 33 34 35 36 39 41 43 52 53 54 55 s
27 5 6 8 9 15 19 20 22 25 26 29 31 32 33 35 36 37 41 42 43 44 47 48 50 52 55 s
28 1 3 4 5 6 7 8 9 11 12 13 14 15 16 17 18 19 22 23 25 29 31 32 33 34 36 37 41 43 44 45 46 47 48 49 53 54 55 s
29 1 4 6 7 10 11 12 14 16 18 19 20 21 22 23 24 27 28 30 32 33 34 37 42 44 45 46 49 50 51 52 s
30 3 8 11 13 14 15 16 17 18 19 21 22 24 26 29 31 33 34 35 37 42 45 46 48 49 50 51 52 53 54 s
31 1 3 5 6 9 11 12 13 18 20 22 23 25 26 27 28 30 34 36 37 38 40 41 42 44 45 46 47 48 49 51 52 53 54 s
32 1 3 4 5 7 9 11 12 13 14 15 22 23 27 28 29 36 37 38 40 41 42 43 45 47 48 52 53 s
33 1 2 4 7 8 10 11 12 13 14 15 16 18 19 20 22 25 26 27 28 29 30 36 37 38 39 41 43 45 46 47 48 52 53 54 55 s
34 1 4 6 8 11 12 13 14 15 17 18 19 21 22 26 28 29 30 31 35 36 37 38 41 43 45 50 53 54 s
35 4 5 11 12 13 18 20 21 22 26 27 30 34 36 39 41 42 43 44 46 48 52 53 s
36 1 4 6 7 8 11 13 14 15 17 19 20 23 24 26 27 28 31 32 33 34 35 37 38 39 40 41 42 43 44 45 50 51 52 53 55 s
37 1 2 4 6 8 9 11 14 15 17 20 22 23 25 27 28 29 30 31 32 33 34 36 38 39 41 43 45 47 50 51 55 s
38 1 2 5 7 8 10 11 14 15 17 18 19 21 22 23 31 32 33 34 36 37 40 42 44 45 47 48 51 s
39 1 2 6 7 8 10 11 12 18 19 20 21 22 23 24 26 33 35 36 37 40 44 45 46 48 51 52 53 55 s
40 1 4 5 6 12 13 18 22 31 32 36 38 39 42 43 45 46 48 49 52 s
41 1 3 5 7 8 11 12 16 18 22 23 25 26 27 28 31 32 33 34 35 36 37 42 46 48 52 54 s
42 2 4 6 8 10 11 12 15 17 19 22 23 24 25 27 29 30 31 32 35 36 38 40 41 43 44 46 47 49 51 52 53 54 55 s
43 2 5 8 10 11 12 16 17 19 20 22 23 24 26 27 28 32 33 34 35 36 37 40 42 44 47 50 52 54 55 s
44 1 3 4 6 7 8 9 12 13 14 15 16 17 19 20 21 22 27 28 29 31 35 36 38 39 42 43 45 46 47 48 51 52 55 s
45 2 3 9 10 11 12 14 15 16 17 21 22 25 28 29 30 31 32 33 34 36 37 38 39 40 44 50 52 53 55 s
46 1 3 4 5 6 7 8 9 10 13 14 16 18 19 21 23 24 28 29 30 31 33 35 39 40 41 42 44 47 50 51 52 53 s
47 1 3 5 6 7 8 9 10 12 14 17 18 20 21 22 23 24 25 27 28 31 32 33 37 38 42 43 44 46 49 53 54 s
48 2 3 5 6 7 8 10 11 15 18 21 23 24 27 28 30 31 32 33 35 38 39 40 41 44 49 51 55 s
49 2 4 7 8 9 13 14 15 17 19 21 22 25 28 29 30 31 40 42 47 48 50 52 54 55 s
50 1 2 4 9 10 11 13 14 21 27 29 30 34 36 37 43 45 46 49 s
51 4 5 7 8 10 12 14 15 20 24 29 30 31 36 37 38 39 42 44 46 48 53 55 s
52 2 4 6 7 8 9 10 11 15 17 18 26 27 29 30 31 32 33 35 36 39 40 41 42 43 44 45 46 49 55 s
53 3 4 5 7 8 9 10 11 14 15 17 19 21 22 26 28 30 31 32 33 34 35 36 39 42 45 46 47 51 55 s
54 3 4 10 11 13 16 18 21 22 24 25 26 28 30 31 33 34 41 42 43 47 49 55 s
55 2 5 6 7 9 10 11 12 14 15 16 17 18 26 27 28 33 36 37 39 42 43 44 45 48 49 51 52 53 54 s
