1 4 6 10 15 18 20 23 31 32 33 34 38 39 40 46 47 49 50 52 53 55 s
2 3 5 9 10 16 17 19 20 23 25 26 34 35 41 45 50 55 58 60 s
3 2 5 6 11 13 25 30 31 37 39 40 44 46 50 52 57 58 59 s
4 1 5 8 10 13 17 25 29 30 33 39 41 44 46 52 53 57 60 s
5 2 3 4 8 10 11 14 15 18 20 22 23 24 30 38 43 47 48 57 59 s
6 1 3 15 20 22 23 25 26 29 38 40 41 44 46 48 58 s
7 10 26 29 31 38 43 44 51 52 53 54 56 57 58 s
8 4 5 15 22 23 26 30 31 33 36 40 43 49 s
9 2 10 13 19 32 42 45 46 59 s
10 1 2 4 5 7 9 11 12 15 19 24 32 38 39 41 46 s
11 3 5 10 12 16 17 24 28 37 39 46 47 52 54 56 58 59 s
12 10 11 13 19 20 22 23 24 29 31 37 41 49 56 s
13 3 4 9 12 14 16 25 28 29 30 33 35 41 44 49 52 59 s
14 5 13 19 22 26 27 28 29 42 44 48 49 51 53 54 56 58 s
15 1 5 6 8 10 16 19 23 26 27 37 46 49 57 60 s
16 2 11 13 15 18 20 32 40 42 43 47 48 49 57 59 s
17 2 4 11 21 40 41 42 51 52 s
18 1 5 16 21 23 33 37 42 43 44 47 50 55 s
19 2 9 10 12 14 15 20 21 35 37 38 40 45 48 55 57 58 60 s
20 1 2 5 6 12 16 19 23 32 34 38 43 45 50 57 59 s
21 17 18 19 28 31 32 33 34 35 36 43 49 51 57 s
22 5 6 8 12 14 23 26 27 28 29 36 44 45 57 s
23 1 2 5 6 8 12 15 18 20 22 29 30 35 39 48 49 50 53 s
24 5 10 11 12 28 32 33 38 46 58 s
25 2 3 4 6 13 29 36 37 40 46 47 49 57 58 60 s
26 2 6 7 8 14 15 22 34 43 51 54 55 56 s
27 14 15 22 28 43 45 49 52 55 57 s
28 11 13 14 21 22 24 27 29 31 49 52 55 s
29 4 6 7 12 13 14 22 23 25 28 35 38 43 48 49 50 53 55 s
30 3 4 5 8 13 23 33 38 49 50 53 s
31 1 3 7 8 12 21 28 33 38 39 40 43 44 46 48 53 59 60 s
32 1 9 10 16 20 21 24 37 44 48 53 s
33 1 4 8 13 18 21 24 30 31 37 38 45 51 53 55 57 60 s
34 1 2 20 21 26 38 39 41 51 53 54 60 s
35 2 13 19 21 23 29 37 39 42 44 47 55 59 s
36 8 21 22 25 39 46 51 52 55 56 s
37 3 11 12 15 18 19 25 32 33 35 39 56 59 s
38 1 5 6 7 10 19 20 24 29 30 31 33 34 55 s
39 1 3 4 10 11 23 31 34 35 36 37 42 48 56 s
40 1 3 6 8 16 17 19 25 31 46 47 51 55 s
41 2 4 6 10 12 13 17 34 44 45 46 51 54 s
42 9 14 16 17 18 35 39 48 49 52 53 60 s
43 5 7 8 16 18 20 21 26 27 29 31 44 49 54 56 s
44 3 4 6 7 13 14 18 22 31 32 35 41 43 45 48 50 54 55 59 s
45 2 9 19 20 22 27 33 41 44 47 49 56 58 59 s
46 1 3 4 6 9 10 11 15 24 25 31 36 40 41 47 48 51 55 s
47 1 5 11 16 18 25 35 40 45 46 52 53 s
48 5 6 14 16 19 23 29 31 32 39 42 44 46 52 60 s
49 1 8 12 13 14 15 16 21 23 25 27 28 29 30 42 43 45 54 55 57 58 s
50 1 2 3 18 20 23 29 30 44 55 s
51 7 14 17 21 26 33 34 36 40 41 46 s
52 1 3 4 7 11 13 17 27 28 36 42 47 48 s
53 1 4 7 14 23 29 30 31 32 33 34 42 47 55 56 57 s
54 7 11 14 26 34 41 43 44 49 55 59 s
55 1 2 18 19 26 27 28 29 33 35 36 38 40 44 46 49 50 53 54 57 s
56 7 11 12 14 26 36 37 39 43 45 53 59 60 s
57 3 4 5 7 15 16 19 20 21 22 25 27 33 49 53 55 59 s
58 2 3 6 7 11 14 19 24 25 45 49 s
59 3 5 9 11 13 16 20 31 35 37 44 45 54 56 57 s
60 2 4 15 19 25 31 33 34 42 48 56 s
