1 9 11 17 18 20 21 23 26 27 31 32 35 41 43 50 56 57 s
2 9 10 13 16 25 28 32 41 43 46 53 s
3 6 7 9 19 27 44 47 48 53 56 58 s
4 5 8 14 16 23 31 32 33 35 36 38 40 42 51 53 s
5 4 7 10 25 28 32 34 37 38 39 45 46 47 55 59 s
6 3 22 24 28 29 34 42 47 54 55 57 58 s
7 3 5 8 13 20 24 33 34 36 45 47 50 60 s
8 4 7 16 18 19 20 21 32 40 50 56 s
9 1 2 3 16 23 25 27 28 35 36 38 43 45 49 51 55 56 57 s
10 2 5 14 16 17 19 23 32 33 35 39 40 42 47 49 52 56 57 58 s
11 1 12 13 19 21 25 26 30 31 38 44 45 47 48 49 56 s
12 11 14 17 21 27 29 35 42 43 44 47 48 52 s
13 2 7 11 15 22 23 30 34 37 40 48 s
14 4 10 12 17 18 25 30 32 35 36 40 44 46 54 55 57 59 s
15 13 21 22 25 26 27 28 33 35 37 38 41 53 55 s
16 2 4 8 9 10 20 25 28 31 33 34 35 36 39 43 50 56 57 60 s
17 1 10 12 14 26 27 32 44 54 57 58 59 60 s
18 1 8 14 19 28 31 32 37 42 46 51 54 58 59 s
19 3 8 10 11 18 22 23 27 29 30 31 42 48 49 51 60 s
20 1 7 8 16 21 26 28 29 40 46 48 51 57 58 s
21 1 8 11 12 15 20 23 24 25 27 29 36 38 39 43 52 53 s
22 6 13 15 19 24 28 31 34 35 41 43 48 56 58 60 s
23 1 4 9 10 13 19 21 27 28 31 36 37 40 47 51 53 55 59 s
24 6 7 21 22 26 38 40 44 47 48 51 53 55 58 s
25 2 5 9 11 14 15 16 21 32 33 37 39 51 59 s
26 1 11 15 17 20 24 37 42 43 45 47 56 s
27 1 3 9 12 15 17 19 21 23 28 29 34 36 60 s
28 2 5 6 9 15 16 18 20 22 23 27 32 37 39 44 51 52 57 59 s
29 6 12 19 20 21 27 31 34 35 36 40 44 45 48 51 53 58 60 s
30 11 13 14 19 31 32 34 37 38 39 44 49 54 57 58 60 s
31 1 4 11 16 18 19 22 23 29 30 34 40 41 46 56 60 s
32 1 2 4 5 8 10 14 17 18 25 28 30 33 34 36 37 40 47 52 53 54 s
33 4 7 10 15 16 25 32 37 40 41 47 48 49 54 55 58 59 s
34 5 6 7 13 16 22 27 29 30 31 32 36 37 38 42 43 47 50 53 56 s
35 1 4 9 10 12 14 15 16 22 29 42 46 55 s
36 4 7 9 14 16 21 23 27 29 32 34 43 44 45 46 48 50 52 59 60 s
37 5 13 15 18 23 25 26 28 30 32 33 34 45 47 51 52 s
38 4 5 9 11 15 21 24 30 34 42 45 52 55 58 60 s
39 5 10 16 21 25 28 30 41 45 48 50 58 60 s
40 4 8 10 13 14 20 23 24 29 31 32 33 45 46 52 54 55 57 58 s
41 1 2 15 22 31 33 39 43 46 47 48 49 50 53 54 57 58 s
42 4 6 10 12 18 19 26 34 35 38 46 53 57 s
43 1 2 9 12 16 21 22 26 34 36 41 44 47 56 57 59 s
44 3 11 12 14 17 24 28 29 30 36 43 50 s
45 5 7 9 11 26 29 36 37 38 39 40 47 48 49 52 57 59 s
46 2 5 14 18 20 31 35 36 40 41 42 53 58 60 s
47 3 5 6 7 10 11 12 23 24 26 32 33 34 37 41 43 45 50 51 53 54 55 58 s
48 3 11 12 13 19 20 22 24 29 33 36 39 41 45 54 s
49 9 10 11 19 30 33 41 45 51 54 56 58 60 s
50 1 7 8 16 34 36 39 41 44 47 52 53 56 s
51 4 9 18 19 20 23 24 25 28 29 37 47 49 53 54 55 59 s
52 10 12 21 28 32 36 37 38 40 45 50 54 58 s
53 2 3 4 15 21 23 24 29 32 34 41 42 46 47 50 51 55 s
54 6 14 17 18 30 32 33 40 41 47 48 49 51 52 55 58 59 60 s
55 5 6 9 14 15 23 24 33 35 38 40 47 51 53 54 59 60 s
56 1 3 8 9 10 11 16 22 26 31 34 43 49 50 s
57 1 6 9 10 14 16 17 20 28 30 40 41 42 43 45 59 s
58 3 6 10 17 18 20 22 24 29 30 33 38 39 40 41 46 47 49 52 54 s
59 5 14 17 18 23 25 28 33 36 43 45 51 54 55 57 60 s
60 7 16 17 19 22 27 29 30 31 36 38 39 46 49 54 55 59 s
