1 4 8 9 10 15 26 27 30 38 40 45 48 57 60 s
2 4 5 13 15 19 20 24 30 33 34 36 40 42 48 49 55 59 60 s
3 5 9 10 15 16 19 20 22 24 27 28 32 40 44 47 49 58 60 s
4 1 2 10 12 15 17 18 20 21 24 30 33 45 48 53 56 s
5 2 3 6 8 9 12 16 22 24 29 31 34 36 38 39 51 53 55 s
6 5 8 10 11 12 14 16 20 22 29 30 32 37 42 43 53 s
7 11 12 14 21 22 26 31 32 33 36 38 41 45 49 52 58 s
8 1 5 6 9 10 12 15 24 28 32 57 58 s
9 1 3 5 8 20 28 35 39 45 47 49 53 55 59 s
10 1 3 4 6 8 11 12 17 18 19 31 39 43 55 60 s
11 6 7 10 12 13 14 21 25 31 33 37 39 45 50 51 54 s
12 4 5 6 7 8 10 11 15 16 21 38 41 46 50 53 56 57 59 s
13 2 11 14 15 23 27 28 30 31 33 37 38 53 s
14 6 7 11 13 16 18 19 26 29 46 47 48 49 56 60 s
15 1 2 3 4 8 12 13 17 21 26 27 33 40 56 59 s
16 3 5 6 12 14 29 32 34 37 38 40 42 43 49 51 54 58 s
17 4 10 15 25 32 33 34 37 38 41 48 49 53 54 55 56 57 s
18 4 10 14 33 38 48 49 51 52 55 s
19 2 3 10 14 24 25 26 31 32 34 35 36 51 53 55 s
20 2 3 4 6 9 30 32 42 43 46 49 50 55 s
21 4 7 11 12 15 23 31 32 40 42 45 46 59 s
22 3 5 6 7 25 27 44 45 48 50 54 57 59 s
23 13 21 24 27 28 29 33 40 42 45 46 49 51 55 57 59 60 s
24 2 3 4 5 8 19 23 25 28 34 35 36 39 41 44 47 48 52 57 60 s
25 11 17 19 22 24 35 37 39 40 44 49 51 55 56 58 60 s
26 1 7 14 15 19 36 43 47 48 51 52 56 58 60 s
27 1 3 13 15 22 23 32 34 35 39 41 43 44 51 54 s
28 3 8 9 13 23 24 30 31 34 35 50 52 s
29 5 6 14 16 23 32 35 37 45 50 52 55 59 60 s
30 1 2 4 6 13 20 28 33 41 46 48 50 51 52 58 s
31 5 7 10 11 13 19 21 28 32 36 37 39 s
32 3 6 7 8 16 17 19 20 21 27 29 31 33 36 39 40 45 48 51 54 55 s
33 2 4 7 11 13 15 17 18 23 30 32 36 38 42 43 46 s
34 2 5 16 17 19 24 27 28 39 41 44 45 47 48 51 54 56 57 60 s
35 9 19 24 25 27 28 29 40 41 43 53 57 s
36 2 5 7 19 24 26 31 32 33 38 40 41 43 48 51 53 56 57 58 59 s
37 6 11 13 16 17 25 29 31 38 40 45 46 47 48 54 55 60 s
38 1 5 7 12 13 16 17 18 33 36 37 40 51 53 54 56 57 58 s
39 5 9 10 11 24 25 27 31 32 34 40 49 50 54 59 s
40 1 2 3 15 16 21 23 25 32 35 36 37 38 39 41 44 46 51 53 55 59 60 s
41 7 12 17 24 27 30 34 35 36 40 45 51 52 53 57 58 59 s
42 2 6 16 20 21 23 33 43 48 54 s
43 6 10 16 20 26 27 33 35 36 42 55 57 59 s
44 3 22 24 25 27 34 40 48 50 52 54 57 59 60 s
45 1 4 7 9 11 21 22 23 29 32 34 37 41 47 60 s
46 12 14 20 21 23 30 33 37 40 49 52 54 56 s
47 3 9 14 24 26 34 37 45 50 56 s
48 1 2 4 14 17 18 22 24 26 30 32 34 36 37 42 44 50 51 52 53 55 57 60 s
49 2 3 7 9 14 16 17 18 20 23 25 39 46 50 51 59 s
50 11 12 20 22 28 29 30 39 44 47 48 49 51 52 54 56 s
51 5 11 16 18 19 23 25 26 27 30 32 34 36 38 40 41 48 49 50 57 59 s
52 7 18 24 26 28 29 30 41 44 46 48 50 54 58 s
53 4 5 6 9 12 13 17 19 35 36 38 40 41 48 56 s
54 11 16 17 22 27 32 34 37 38 39 42 44 46 50 52 56 57 59 s
55 2 5 9 10 17 18 19 20 23 25 29 32 37 40 43 48 56 s
56 4 12 14 15 17 25 26 34 36 38 46 47 50 53 54 55 57 s
57 1 8 12 17 22 23 24 34 35 36 38 41 43 44 48 51 54 56 58 60 s
58 3 7 8 16 25 26 30 36 38 41 52 57 s
59 2 9 12 15 21 22 23 29 36 39 40 41 43 44 49 51 54 s
60 1 2 3 10 14 23 24 25 26 29 34 37 40 44 45 48 57 s
