1 2 4 9 10 16 18 21 25 29 32 33 37 41 44 50 55 56 s
2 1 5 8 9 16 22 25 28 31 32 34 35 37 40 41 42 43 45 48 50 53 54 60 s
3 6 7 11 21 23 28 30 31 32 36 40 43 49 52 55 s
4 1 8 11 14 16 17 20 21 24 25 27 30 32 34 37 38 39 43 50 51 52 55 57 s
5 2 10 11 13 14 16 18 20 24 29 31 33 34 40 42 44 45 47 s
6 3 14 15 16 18 20 26 34 35 37 38 44 47 51 53 58 59 60 s
7 3 8 9 10 12 13 21 26 27 30 31 41 45 50 53 59 s
8 2 4 7 10 12 15 16 17 19 25 26 33 37 38 43 45 50 57 60 s
9 1 2 7 10 12 21 23 25 27 31 34 35 40 41 43 44 52 54 58 60 s
10 1 5 7 8 9 12 17 20 21 22 35 36 40 46 48 54 57 58 s
11 3 4 5 15 20 22 24 26 34 36 37 42 46 47 51 53 58 s
12 7 8 9 10 13 17 19 22 29 30 33 38 39 40 41 45 46 51 54 s
13 5 7 12 14 16 22 31 34 36 41 42 46 50 54 57 58 s
14 4 5 6 13 15 25 33 39 41 47 50 54 56 57 59 s
15 6 8 11 14 21 24 32 36 38 41 43 51 s
16 1 2 4 5 6 8 13 19 25 30 40 46 47 49 51 57 s
17 4 8 10 12 18 22 26 33 34 36 45 47 48 53 55 58 59 s
18 1 5 6 17 20 22 26 27 29 30 34 36 39 42 52 s
19 8 12 16 23 24 30 38 39 42 44 48 57 s
20 4 5 6 10 11 18 23 24 27 29 32 35 52 55 s
21 1 3 4 7 9 10 15 22 23 26 27 36 37 38 39 47 59 s
22 2 10 11 12 13 17 18 21 23 29 31 33 38 47 48 50 53 55 56 57 58 s
23 3 9 19 20 21 22 24 25 26 31 32 33 39 46 50 59 s
24 4 5 11 15 19 20 23 27 34 38 39 44 54 57 59 60 s
25 1 2 4 8 9 14 16 23 26 28 31 35 44 46 49 52 s
26 6 7 8 11 17 18 21 23 25 27 29 36 39 40 43 49 50 56 57 s
27 4 7 9 18 20 21 24 26 28 31 48 49 54 55 58 s
28 2 3 25 27 44 52 53 s
29 1 5 12 18 20 22 26 34 43 44 47 49 54 57 58 s
30 3 4 7 12 16 18 19 41 48 51 55 s
31 2 3 5 7 9 13 22 23 25 27 33 36 38 43 46 49 60 s
32 1 2 3 4 15 20 23 33 41 44 45 53 55 56 s
33 1 5 8 12 14 17 22 23 31 32 38 41 42 45 47 49 50 51 54 58 s
34 2 4 5 6 9 11 13 17 18 24 29 35 45 46 51 54 s
35 2 6 9 10 20 25 34 43 45 53 55 56 57 58 s
36 3 10 11 13 15 17 18 21 26 31 38 40 41 43 46 47 51 53 58 59 s
37 1 2 4 6 8 11 21 40 41 45 50 51 52 54 55 58 s
38 4 6 8 12 15 19 21 22 24 31 33 36 39 46 49 50 s
39 4 12 14 18 19 21 23 24 26 38 43 46 54 s
40 2 3 5 9 10 12 16 26 36 37 44 49 52 60 s
41 1 2 7 9 12 13 14 15 30 32 33 36 37 42 45 46 48 49 51 53 57 58 s
42 2 5 11 13 18 19 33 41 43 46 58 59 s
43 2 3 4 8 9 15 26 29 31 35 36 39 42 44 45 48 52 53 s
44 1 5 6 9 19 24 25 28 29 32 40 43 47 51 55 s
45 2 5 7 8 12 17 32 33 34 35 37 41 43 46 51 53 59 s
46 10 11 12 13 16 23 25 31 34 36 38 39 41 42 45 47 53 s
47 5 6 11 14 16 17 21 22 29 33 36 44 46 48 50 51 58 s
48 2 10 17 19 22 27 30 41 43 47 50 56 s
49 3 16 25 26 27 29 31 33 38 40 41 54 58 s
50 1 2 4 7 8 13 14 22 23 26 33 37 38 47 48 52 58 59 s
51 4 6 11 12 15 16 30 33 34 36 37 41 44 45 47 57 s
52 3 4 9 18 20 25 28 37 40 43 50 53 s
53 2 6 7 11 17 22 28 32 35 36 41 43 45 46 52 59 s
54 2 9 10 12 13 14 24 27 29 33 34 37 39 49 55 s
55 1 3 4 17 20 22 27 30 32 35 37 44 54 58 59 s
56 1 14 22 26 32 35 48 58 s
57 4 8 10 13 14 16 19 22 24 26 29 35 41 51 s
58 6 9 10 11 13 17 22 27 29 33 35 36 37 41 42 47 49 50 55 56 s
59 6 7 14 17 21 23 24 36 42 45 50 53 55 60 s
60 2 6 8 9 24 31 40 59 s
