1 2 3 4 6 7 12 14 18 20 32 35 37 38 40 42 47 50 51 59 s
2 1 3 6 7 9 10 16 19 20 21 25 33 35 46 52 60 s
3 1 2 4 6 14 17 21 22 29 37 39 40 47 49 53 54 56 59 s
4 1 3 5 8 10 23 26 30 32 40 42 44 47 52 55 57 60 s
5 4 7 8 10 14 24 25 31 32 38 44 48 51 52 54 55 60 s
6 1 2 3 7 11 20 27 28 33 37 38 39 40 43 45 50 51 53 58 s
7 1 2 5 6 9 10 13 21 24 26 27 33 34 37 38 55 s
8 4 5 13 15 16 20 21 22 26 30 31 37 46 54 55 56 57 58 s
9 2 7 13 18 21 22 23 26 30 34 48 60 s
10 2 4 5 7 12 16 19 22 24 26 27 30 31 41 44 50 51 54 56 58 59 s
11 6 16 18 20 21 25 35 40 41 43 47 48 54 58 59 s
12 1 10 14 19 20 25 29 31 36 37 38 44 45 51 52 53 54 60 s
13 7 8 9 14 16 18 20 23 38 39 41 45 48 50 51 52 53 59 s
14 1 3 5 12 13 17 19 32 38 40 43 s
15 8 16 17 18 20 34 36 39 46 48 55 57 58 s
16 2 8 10 11 13 15 23 27 28 29 31 32 33 34 35 39 44 45 46 47 48 50 55 56 58 s
17 3 14 15 18 19 23 30 31 32 34 36 39 55 56 s
18 1 9 11 13 15 17 24 30 33 34 36 37 40 44 47 55 56 57 58 s
19 2 10 12 14 17 24 26 28 29 45 53 54 s
20 1 2 6 8 11 12 13 15 22 25 27 28 29 36 40 44 52 s
21 2 3 7 8 9 11 23 41 44 48 50 52 55 s
22 3 8 9 10 20 24 27 29 32 33 36 40 42 45 59 60 s
23 4 9 13 16 17 21 27 30 32 47 54 55 60 s
24 5 7 10 18 19 22 26 27 30 32 33 37 42 43 55 s
25 2 5 11 12 20 26 29 32 33 42 43 54 56 s
26 4 7 8 9 10 19 24 25 40 41 42 45 52 56 58 s
27 6 7 10 16 20 22 23 24 29 31 33 38 46 50 53 54 57 s
28 6 16 19 20 31 32 33 34 36 37 39 41 50 52 58 s
29 3 12 16 19 20 22 25 27 30 32 36 37 47 52 56 57 60 s
30 4 8 9 10 17 18 23 24 29 33 35 37 39 44 45 46 58 s
31 5 8 10 12 16 17 27 28 33 35 40 42 43 46 51 55 s
32 1 4 5 14 16 17 22 23 24 25 28 29 38 44 48 52 54 s
33 2 6 7 16 18 22 24 25 27 28 30 31 35 40 47 48 53 58 s
34 7 9 15 16 17 18 28 37 44 47 49 50 s
35 1 2 11 16 30 31 33 39 40 41 47 50 52 53 55 s
36 12 15 17 18 20 22 28 29 37 44 47 48 52 54 s
37 1 3 6 7 8 12 18 24 28 29 30 34 36 40 41 47 48 54 56 58 60 s
38 1 5 6 7 12 13 14 27 32 49 50 52 56 57 s
39 3 6 13 15 16 17 28 30 35 42 47 48 49 50 53 54 58 60 s
40 1 3 4 6 11 14 18 20 22 26 31 33 35 37 41 43 50 52 58 s
41 10 11 13 21 26 28 35 37 40 43 44 45 47 49 53 54 s
42 1 4 22 24 25 26 31 39 47 51 54 s
43 6 11 14 24 25 31 40 41 52 56 s
44 4 5 10 12 16 18 20 21 30 32 34 36 41 47 49 s
45 6 12 13 16 19 22 26 30 41 47 51 52 59 60 s
46 2 8 15 16 27 30 31 48 49 51 52 53 56 58 59 s
47 1 3 4 11 16 18 23 29 33 34 35 36 37 39 41 42 44 45 51 56 57 60 s
48 5 9 11 13 15 16 21 32 33 36 37 39 46 53 54 57 s
49 3 34 38 39 41 44 46 51 54 60 s
50 1 6 10 13 16 21 27 28 34 35 38 39 40 51 53 54 59 s
51 1 5 6 10 12 13 31 42 45 46 47 49 50 53 55 s
52 2 4 5 12 13 20 21 26 28 29 32 35 36 38 40 43 45 46 55 57 58 59 s
53 3 6 12 13 19 27 33 35 39 41 46 48 50 51 58 59 s
54 3 5 8 10 11 12 19 23 25 27 32 36 37 39 41 42 48 49 50 55 s
55 4 5 7 8 15 16 17 18 21 23 24 31 35 51 52 54 56 57 60 s
56 3 8 10 16 17 18 25 26 29 37 38 43 46 47 55 57 58 s
57 4 8 15 18 27 29 38 47 48 52 55 56 59 60 s
58 6 8 10 11 15 16 18 26 28 30 33 37 39 40 46 52 53 56 59 s
59 1 3 10 11 13 22 45 46 50 52 53 57 58 s
60 2 4 5 9 12 22 23 29 37 39 45 47 49 55 57 s
