1 3 4 5 9 10 12 13 14 15 17 18 21 22 24 25 27 29 32 34 39 41 42 45 46 47 48 50 51 52 53 55 60 s
2 5 6 7 9 11 12 16 17 21 23 24 25 26 30 31 35 36 39 42 43 45 46 48 50 52 56 57 58 59 s
3 1 4 5 6 7 8 9 13 14 15 16 17 20 21 24 26 27 28 29 30 31 32 33 37 38 39 45 48 51 52 53 54 57 58 59 s
4 1 3 6 8 12 13 15 18 21 23 24 25 26 28 29 31 32 35 36 39 40 43 44 48 51 52 57 60 s
5 1 2 3 9 10 11 12 14 17 18 20 23 25 26 27 28 29 32 37 41 42 43 46 48 50 52 56 58 59 s
6 2 3 4 7 8 10 12 13 14 15 16 19 24 26 27 29 32 33 34 35 37 38 39 40 41 42 44 46 51 53 55 59 60 s
7 2 3 6 9 10 12 16 19 20 26 27 30 31 33 34 36 37 40 47 50 52 57 59 s
8 3 4 6 9 12 13 14 16 18 20 22 24 26 30 33 34 35 38 41 45 46 47 48 52 53 54 56 58 60 s
9 1 2 3 5 7 8 10 11 13 15 16 17 18 19 21 22 23 26 28 29 31 33 34 37 40 41 43 45 46 47 48 51 53 54 58 60 s
10 1 5 6 7 9 13 14 16 21 23 24 25 26 28 29 31 33 35 36 38 41 43 47 48 49 52 54 55 58 s
11 2 5 9 13 16 18 21 22 23 24 27 29 30 31 33 37 38 39 41 44 46 47 48 49 50 51 53 54 56 s
12 1 2 4 5 6 7 8 13 16 17 19 20 21 22 23 30 31 32 36 40 43 44 45 46 49 52 53 54 56 57 58 59 s
13 1 3 4 6 8 9 10 11 12 14 16 17 18 20 26 28 31 32 33 34 35 40 42 43 45 46 48 51 52 55 57 s
14 1 3 5 6 8 10 13 15 17 18 20 25 26 32 35 37 39 41 42 43 44 46 48 49 50 51 53 54 56 59 60 s
15 1 3 4 6 9 14 16 22 24 25 27 29 31 32 36 37 39 41 45 46 47 51 53 54 55 56 57 58 s
16 2 3 6 7 8 9 10 11 12 13 15 17 19 23 24 26 27 28 29 30 31 32 33 39 40 42 47 48 49 50 51 52 53 55 60 s
17 1 2 3 5 9 12 13 14 16 18 19 23 26 27 33 34 39 42 44 45 46 47 48 49 54 56 58 59 s
18 1 4 5 8 9 11 13 14 17 20 23 24 27 29 30 33 36 37 38 41 42 45 46 49 51 52 54 57 s
19 6 7 9 12 16 17 20 21 22 23 35 36 37 39 41 43 44 45 49 50 54 57 59 s
20 3 5 7 8 12 13 14 18 19 24 26 27 29 32 35 40 41 42 44 47 48 50 55 56 58 60 s
21 1 2 3 4 9 10 11 12 19 26 28 32 33 34 36 39 40 42 43 46 52 53 54 55 56 s
22 1 8 9 11 12 15 19 23 24 25 27 28 31 34 37 38 39 40 41 48 50 52 53 54 55 56 58 s
23 2 4 5 9 10 11 12 16 17 18 19 22 24 25 26 27 28 29 30 33 34 36 37 42 45 54 57 60 s
24 1 2 3 4 6 8 10 11 15 16 18 20 22 23 26 27 28 29 31 32 34 35 37 39 40 41 43 44 47 49 50 52 54 56 57 58 60 s
25 1 2 4 5 10 14 15 22 23 27 28 29 31 32 33 38 40 41 43 44 47 48 49 51 52 53 56 58 60 s
26 2 3 4 5 6 7 8 9 10 13 14 16 17 20 21 23 24 32 33 35 36 39 42 44 48 49 50 51 55 57 58 59 60 s
27 1 3 5 6 7 11 15 16 17 18 20 22 23 24 25 28 30 31 33 34 36 37 38 42 43 44 45 46 47 48 49 51 53 54 57 58 60 s
28 3 4 5 9 10 13 16 21 22 23 24 25 27 30 34 39 40 42 44 47 48 50 51 55 59 s
29 1 3 4 5 6 9 10 11 15 16 18 20 23 24 25 30 33 34 35 40 41 43 44 47 48 50 51 52 53 54 55 57 59 s
30 2 3 7 8 11 12 16 18 23 27 28 29 32 37 40 46 48 50 52 54 57 59 60 s
31 2 3 4 7 9 10 11 12 13 15 16 22 24 25 27 32 33 34 35 39 42 45 47 50 54 56 57 58 60 s
32 1 3 4 5 6 12 13 14 15 16 20 21 24 25 26 30 31 33 34 35 39 40 41 42 44 45 47 51 52 53 57 58 59 s
33 3 6 7 8 9 10 11 13 16 17 18 21 23 25 26 27 29 31 32 35 36 39 41 43 44 47 51 52 53 55 57 58 59 s
34 1 6 7 8 9 13 17 21 22 23 24 27 28 29 31 32 38 39 40 41 42 43 46 48 49 50 52 53 58 60 s
35 2 4 6 8 10 13 14 19 20 24 26 29 31 32 33 37 39 40 43 44 46 47 49 51 53 58 59 60 s
36 2 4 7 10 12 15 18 19 21 23 26 27 33 37 38 40 43 45 46 47 49 50 52 54 57 58 s
37 3 5 6 7 9 11 14 15 18 19 22 23 24 27 30 35 36 38 41 43 44 46 47 48 50 51 52 53 54 57 58 s
38 3 6 8 10 11 18 22 25 27 34 36 37 39 41 43 44 45 46 48 52 53 54 56 59 60 s
39 1 2 3 4 6 11 14 15 16 17 19 21 22 24 26 28 31 32 33 34 35 38 40 42 43 44 45 48 49 51 52 53 55 56 57 58 59 s
40 4 6 7 9 12 13 16 20 21 22 24 25 28 29 30 32 34 35 36 39 43 45 47 50 51 57 59 60 s
41 1 5 6 8 9 10 11 14 15 18 19 20 22 24 25 29 32 33 34 37 38 43 45 47 48 49 51 52 55 56 58 60 s
42 1 2 5 6 13 14 16 17 18 20 21 23 26 27 28 31 32 34 39 43 47 49 50 51 52 54 56 57 58 59 60 s
43 2 4 5 9 10 12 13 14 19 21 24 25 27 29 33 34 35 36 37 38 39 40 41 42 44 45 46 47 49 50 51 53 54 55 59 60 s
44 4 6 11 12 14 17 19 20 24 25 26 27 28 29 32 33 35 37 38 39 43 47 48 52 56 57 59 s
45 1 2 3 8 9 12 13 15 17 18 19 23 27 31 32 36 38 39 40 41 43 47 49 51 54 56 59 s
46 1 2 5 6 8 9 11 12 13 14 15 17 18 21 27 30 34 35 36 37 38 43 48 49 50 52 57 s
47 1 7 8 9 10 11 15 16 17 20 24 25 27 28 29 31 32 33 35 36 37 40 41 42 43 44 45 50 51 56 59 s
48 1 2 3 4 5 8 9 10 11 13 14 16 17 20 22 25 26 27 28 29 30 34 37 38 39 41 44 46 49 50 51 52 58 60 s
49 10 11 12 14 16 17 18 19 24 25 26 27 34 35 36 39 41 42 43 45 46 48 54 56 57 58 60 s
50 1 2 5 7 11 14 16 19 20 22 24 26 28 29 30 31 34 36 37 40 42 43 46 47 48 52 53 55 57 58 59 60 s
51 1 3 4 6 9 11 13 14 15 16 18 25 26 27 28 29 32 33 35 37 39 40 41 42 43 45 47 48 53 54 55 58 59 s
52 1 2 3 4 5 7 8 10 12 13 16 18 21 22 24 25 29 30 32 33 34 36 37 38 39 41 42 44 46 48 50 55 56 58 59 s
53 1 3 6 8 9 11 12 14 15 16 21 22 25 27 29 32 33 34 35 37 38 39 43 50 51 54 55 56 58 s
54 3 8 9 10 11 12 14 15 17 18 19 21 22 23 24 27 29 30 31 36 37 38 42 43 45 49 51 53 56 57 58 60 s
55 1 6 10 13 15 16 20 21 22 26 28 29 33 39 41 43 50 51 52 53 56 57 58 s
56 2 5 8 11 12 14 15 17 20 21 22 24 25 31 38 39 41 42 44 45 47 49 52 53 54 55 58 s
57 2 3 4 7 12 13 15 18 19 23 24 26 27 29 30 31 32 33 36 37 39 40 42 44 46 49 50 54 55 58 59 60 s
58 2 3 5 8 9 10 12 15 17 20 22 24 25 26 27 31 32 33 34 35 36 37 39 41 42 48 49 50 51 52 53 54 55 56 57 59 60 s
59 2 3 5 6 7 12 14 17 19 26 28 29 30 32 33 35 38 39 40 42 43 44 45 47 50 51 52 57 58 s
60 1 4 6 8 9 14 16 20 23 24 25 26 27 30 31 34 35 38 40 41 42 43 48 49 50 54 57 58 s
