1 2 3 4 6 9 13 15 17 19 21 23 24 25 27 28 29 32 37 42 43 45 46 49 50 54 55 56 58 60 s
2 1 3 12 14 16 21 23 25 27 28 29 30 32 35 37 40 43 44 46 47 49 50 51 52 53 54 57 58 59 s
3 1 2 5 7 8 9 14 15 18 20 27 29 31 34 36 38 39 43 47 50 51 52 53 54 56 57 58 59 60 s
4 1 6 7 8 14 15 16 20 22 23 25 26 27 29 32 38 39 40 42 45 49 50 53 54 55 58 59 s
5 3 9 10 11 12 13 14 16 20 23 26 30 31 32 34 36 37 40 41 43 44 45 46 53 54 56 57 s
6 1 4 7 9 10 17 18 19 25 26 27 28 29 30 31 36 37 39 41 43 44 45 46 47 48 51 53 54 s
7 3 4 6 8 10 13 14 17 19 24 28 29 34 38 40 41 43 45 47 50 52 56 60 s
8 3 4 7 10 11 13 16 19 20 21 25 27 29 32 33 34 35 36 38 47 49 51 54 57 s
9 1 3 5 6 12 13 17 18 19 20 23 24 25 26 27 29 30 32 34 35 36 41 43 44 46 47 48 49 51 52 54 55 59 60 s
10 5 6 7 8 13 15 16 17 18 20 22 23 27 28 31 34 35 38 39 41 42 43 46 49 50 51 54 57 60 s
11 5 8 17 20 22 23 24 26 33 34 36 38 39 42 44 45 48 52 55 57 s
12 2 5 9 13 14 15 18 22 23 24 27 33 34 35 36 38 39 41 44 45 48 49 50 52 54 56 57 60 s
13 1 5 7 8 9 10 12 18 19 22 23 25 28 29 30 33 34 35 36 42 44 45 48 49 52 56 57 59 s
14 2 3 4 5 7 12 17 19 20 25 26 28 30 31 33 34 35 38 39 41 42 43 48 49 50 51 52 53 54 57 59 60 s
15 1 3 4 10 12 18 19 21 23 26 28 29 33 34 36 37 38 39 40 45 48 50 55 56 59 60 s
16 2 4 5 8 10 17 18 19 27 33 36 38 39 40 42 44 45 46 50 53 55 56 57 58 60 s
17 1 6 7 9 10 11 14 16 18 19 20 22 24 26 27 28 29 30 35 37 38 40 42 44 49 51 53 54 55 56 57 58 59 60 s
18 3 6 9 10 12 13 15 16 17 22 23 24 26 27 30 32 36 38 40 42 44 49 50 51 54 56 57 58 s
19 1 6 7 8 9 13 14 15 16 17 20 22 23 24 25 28 30 31 32 33 34 36 38 39 40 41 42 47 48 49 51 52 54 55 58 59 s
20 3 4 5 8 9 10 11 14 17 19 21 23 25 27 30 32 34 35 36 38 40 41 42 44 45 47 48 49 50 51 55 60 s
21 1 2 8 15 20 22 23 26 28 29 32 34 36 38 40 41 42 43 44 45 46 48 49 50 51 54 57 59 s
22 4 10 11 12 13 17 18 19 21 24 26 31 32 34 36 37 39 40 42 44 46 47 48 49 50 51 52 54 55 56 58 60 s
23 1 2 4 5 9 10 11 12 13 15 18 19 20 21 32 33 37 39 42 43 44 45 47 51 52 53 55 56 58 60 s
24 1 7 9 11 12 17 18 19 22 25 26 27 28 30 31 33 35 38 40 42 43 44 47 50 51 52 53 55 56 57 58 s
25 1 2 4 6 8 9 13 14 19 20 24 27 28 30 32 33 36 39 40 41 42 43 44 47 48 50 51 53 54 58 60 s
26 4 5 6 9 11 14 15 17 18 21 22 24 28 33 37 38 39 41 43 44 46 48 54 55 56 59 60 s
27 1 2 3 4 6 8 9 10 12 16 17 18 20 24 25 28 33 34 35 36 38 42 43 44 49 50 52 54 55 57 60 s
28 1 2 6 7 10 13 14 15 17 19 21 24 25 26 27 30 31 32 33 34 35 36 41 43 44 46 48 49 51 52 56 57 58 59 60 s
29 1 2 3 4 6 7 8 9 13 15 17 21 31 32 33 34 36 37 38 39 41 44 46 48 49 50 51 56 57 s
30 2 5 6 9 13 14 17 18 19 20 24 25 28 31 32 34 35 40 41 43 44 45 46 49 50 52 53 54 56 57 59 60 s
31 3 5 6 10 14 19 22 24 28 29 30 32 33 34 36 39 40 42 44 47 50 51 53 55 59 60 s
32 1 2 4 5 8 9 18 19 20 21 22 23 25 28 29 30 31 33 34 39 42 43 44 46 47 49 50 51 52 53 54 55 56 57 s
33 8 11 12 13 14 15 16 19 23 24 25 26 27 28 29 31 32 34 36 39 40 41 42 44 45 47 48 49 51 52 53 55 56 59 s
34 3 5 7 8 9 10 11 12 13 14 15 19 20 21 22 27 28 29 30 31 32 33 36 40 41 42 44 47 48 49 50 51 54 57 58 59 60 s
35 2 8 9 10 12 13 14 17 20 24 27 28 30 38 39 42 45 47 48 53 59 60 s
36 3 5 6 8 9 11 12 13 15 16 18 19 20 21 22 25 27 28 29 31 33 34 38 39 43 44 45 48 50 51 52 53 57 60 s
37 1 2 5 6 15 17 22 23 26 29 39 41 43 44 45 46 47 49 50 51 52 53 54 55 56 60 s
38 3 4 7 8 10 11 12 14 15 16 17 18 19 20 21 24 26 27 29 35 36 41 42 44 45 47 48 49 50 51 53 54 55 57 s
39 3 4 6 10 11 12 14 15 16 19 22 23 25 26 29 31 32 33 35 36 37 40 44 48 49 51 52 53 54 55 58 59 60 s
40 2 4 5 7 15 16 17 18 19 20 21 22 24 25 30 31 33 34 39 42 43 44 45 46 47 51 52 54 56 59 60 s
41 5 6 7 9 10 12 14 19 20 21 25 26 28 29 30 33 34 37 38 42 43 44 46 50 53 54 56 58 s
42 1 4 10 11 13 14 16 17 18 19 20 21 22 23 24 25 27 31 32 33 34 35 38 40 41 43 44 49 50 51 53 54 57 58 60 s
43 1 2 3 5 6 7 9 10 14 21 23 24 25 26 27 28 30 32 36 37 40 41 42 45 46 48 49 50 54 55 57 60 s
44 2 5 6 9 11 12 13 16 17 18 20 21 22 23 24 25 26 27 28 29 30 31 32 33 34 36 37 38 39 40 41 42 46 47 48 49 51 53 54 56 58 s
45 1 4 5 6 7 11 12 13 15 16 20 21 23 30 33 35 36 37 38 40 43 48 51 52 56 57 60 s
46 1 2 5 6 9 10 16 21 22 26 28 29 30 32 37 40 41 43 44 49 50 52 54 59 60 s
47 2 3 6 7 8 9 19 20 22 23 24 25 31 32 33 34 35 37 38 40 44 49 50 51 53 54 55 56 57 58 59 s
48 6 9 11 12 13 14 15 19 20 21 22 25 26 28 29 33 34 35 36 38 39 43 44 45 50 51 52 54 56 58 s
49 1 2 4 8 9 10 12 13 14 17 18 19 20 21 22 27 28 29 30 32 33 34 37 38 39 42 43 44 46 47 50 52 53 55 57 58 59 60 s
50 1 2 3 4 7 10 12 14 15 16 18 20 21 22 24 25 27 29 30 31 32 34 36 37 38 41 42 43 46 47 48 49 53 54 57 59 s
51 2 3 6 8 9 10 14 17 18 19 20 21 22 23 24 25 28 29 31 32 33 34 36 37 38 39 40 42 44 45 47 48 53 54 56 59 60 s
52 2 3 7 9 11 12 13 14 19 22 23 24 27 28 30 32 33 36 37 39 40 45 46 48 49 54 55 56 57 58 s
53 2 3 4 5 6 14 16 17 23 24 25 30 31 32 33 35 36 37 38 39 41 42 44 47 49 50 51 54 59 60 s
54 1 2 3 4 5 6 8 9 10 12 14 17 18 19 21 22 25 26 27 30 32 34 37 38 39 40 41 42 43 44 46 47 48 50 51 52 53 55 60 s
55 1 4 9 11 15 16 17 19 20 22 23 24 26 27 31 32 33 37 38 39 43 47 49 52 54 57 59 60 s
56 1 3 5 7 12 13 15 16 17 18 22 23 24 26 28 29 30 32 33 37 40 41 44 45 47 48 51 52 57 59 s
57 2 3 5 8 10 11 12 13 14 16 17 18 21 24 27 28 29 30 32 34 36 38 42 43 45 47 49 50 52 55 56 58 59 s
58 1 2 3 4 16 17 18 19 22 23 24 25 28 34 39 41 42 44 47 48 49 52 57 s
59 2 3 4 9 13 14 15 17 19 21 26 28 30 31 33 34 35 39 40 46 47 49 50 51 53 55 56 57 s
60 1 3 7 9 10 12 14 15 16 17 20 22 23 25 26 27 28 30 31 34 35 36 37 39 40 42 43 45 46 49 51 53 54 55 s
