1 2 3 4 7 10 12 13 14 15 16 17 20 21 22 23 24 27 28 29 32 34 36 43 45 46 48 50 51 53 55 56 57 s
2 1 5 6 7 8 10 11 12 14 16 17 18 23 24 25 28 31 33 35 36 38 40 41 43 44 46 48 52 53 57 58 59 60 s
3 1 4 5 7 8 9 12 15 16 17 19 22 24 27 29 31 32 35 38 39 40 41 42 43 47 52 53 55 s
4 1 3 5 6 7 8 9 12 14 18 19 20 22 23 24 26 29 30 32 35 39 41 46 48 51 53 54 55 56 58 60 s
5 2 3 4 9 10 11 13 14 16 17 21 23 24 25 28 33 37 38 39 41 42 43 44 48 52 54 55 59 s
6 2 4 8 11 12 16 19 20 21 26 31 32 34 35 36 37 40 41 43 45 46 47 51 52 53 55 60 s
7 1 2 3 4 8 10 15 18 20 30 31 32 34 38 41 44 45 49 50 54 55 60 s
8 2 3 4 6 7 9 10 11 12 13 15 16 23 24 27 28 29 30 37 39 40 43 45 52 53 56 59 s
9 3 4 5 8 13 14 24 27 30 31 34 35 37 39 40 42 43 46 47 52 53 54 56 57 60 s
10 1 2 5 7 8 12 14 19 21 22 24 26 27 32 33 34 35 36 37 41 42 49 51 54 57 60 s
11 2 5 6 8 13 15 17 19 20 25 28 30 31 33 34 35 37 38 39 41 42 44 46 47 48 49 51 52 53 54 57 58 60 s
12 1 2 3 4 6 8 10 13 16 17 18 20 23 26 30 31 35 39 41 42 44 45 46 48 50 51 52 53 55 56 58 59 s
13 1 5 8 9 11 12 15 17 20 23 24 25 26 27 32 33 36 39 41 43 44 45 47 48 49 50 51 55 59 60 s
14 1 2 4 5 9 10 15 16 17 19 22 25 27 30 32 33 34 35 36 45 46 47 48 51 55 s
15 1 3 7 8 11 13 14 16 18 21 22 23 24 28 29 31 34 35 36 37 38 39 40 42 44 46 51 52 53 54 57 s
16 1 2 3 5 6 8 12 14 15 20 26 28 31 33 34 36 38 39 42 43 46 47 51 54 55 58 59 60 s
17 1 2 3 5 11 12 13 14 18 20 22 23 28 30 32 33 34 36 39 42 43 44 45 47 48 51 52 57 58 59 60 s
18 2 4 7 12 15 17 20 21 23 26 27 28 30 31 32 33 34 35 45 46 47 48 52 53 57 60 s
19 3 4 6 10 11 14 22 25 27 29 30 32 33 35 37 38 40 41 45 47 49 51 52 54 55 56 57 60 s
20 1 4 6 7 11 12 13 16 17 18 21 27 30 33 38 39 44 46 47 48 49 51 53 54 55 57 s
21 1 5 6 10 15 18 20 22 24 25 27 30 31 32 33 34 39 41 43 45 46 47 51 52 54 59 60 s
22 1 3 4 10 14 15 17 19 21 23 24 26 27 29 30 31 33 34 35 40 43 44 47 50 54 55 56 58 59 60 s
23 1 2 4 5 8 12 13 15 17 18 22 24 27 28 29 30 31 32 33 35 36 40 42 45 47 49 51 55 56 60 s
24 1 2 3 4 5 8 9 10 13 15 21 22 23 25 26 28 29 34 36 39 40 45 47 51 55 57 58 60 s
25 2 5 11 13 14 19 21 24 26 31 35 37 39 44 45 50 52 54 56 60 s
26 4 6 10 12 13 16 18 22 24 25 30 34 35 36 38 39 41 42 47 49 50 54 55 56 58 59 s
27 1 3 8 9 10 13 14 18 19 20 21 22 23 29 30 32 33 35 38 39 40 41 42 44 45 47 50 51 52 54 56 60 s
28 1 2 5 8 11 15 16 17 18 23 24 31 35 38 39 43 44 45 46 49 50 51 52 54 56 57 58 s
29 1 3 4 8 15 19 22 23 24 27 32 34 39 41 43 44 45 48 52 53 55 56 57 59 s
30 4 7 8 9 11 12 14 17 18 19 20 21 22 23 26 27 31 32 34 36 37 38 41 42 43 44 45 46 47 48 49 50 54 s
31 2 3 6 7 9 11 12 15 16 18 21 22 23 25 28 30 34 36 37 38 39 45 48 49 52 53 54 56 57 59 60 s
32 1 3 4 6 7 10 13 14 17 18 19 21 23 27 29 30 34 37 43 44 45 46 47 48 49 50 52 56 58 59 60 s
33 2 5 10 11 13 14 16 17 18 19 20 21 22 23 27 36 37 40 41 42 43 46 47 48 49 52 54 55 56 59 60 s
34 1 6 7 9 10 11 14 15 16 17 18 21 22 24 26 29 30 31 32 36 38 40 42 47 50 51 52 54 55 57 59 s
35 2 3 4 6 9 10 11 12 14 15 18 19 22 23 25 26 27 28 36 39 40 42 51 52 53 55 56 57 s
36 1 2 6 10 13 14 15 16 17 23 24 26 30 31 33 34 35 37 38 39 40 42 44 45 51 52 53 54 55 58 s
37 5 6 8 9 10 11 15 19 25 30 31 32 33 36 39 40 43 45 46 48 49 50 51 53 54 56 57 59 s
38 2 3 5 7 11 15 16 19 20 26 27 28 30 31 34 36 41 42 44 46 51 53 57 58 s
39 3 4 5 8 9 11 12 13 15 16 17 20 21 24 25 26 27 28 29 31 35 36 37 43 44 45 46 48 49 51 52 53 54 56 57 59 60 s
40 2 3 6 8 9 15 19 22 23 24 27 33 34 35 36 37 41 46 47 48 49 58 59 s
41 2 3 4 5 6 7 10 11 12 13 19 21 26 27 29 30 33 38 40 44 49 50 52 54 56 57 58 59 s
42 3 5 9 10 11 12 15 16 17 23 26 27 30 33 34 35 36 38 44 49 52 53 54 56 60 s
43 1 2 3 5 6 8 9 13 16 17 21 22 28 29 30 32 33 37 39 44 45 46 47 48 50 51 52 53 55 57 59 s
44 2 5 7 11 12 13 15 17 20 22 25 27 28 29 30 32 36 38 39 41 42 43 45 47 51 52 53 54 56 57 s
45 1 6 7 8 12 13 14 17 18 19 21 23 24 25 27 28 29 30 31 32 36 37 39 43 44 46 47 49 52 53 56 59 60 s
46 1 2 4 6 9 11 12 14 15 16 18 20 21 28 30 32 33 37 38 39 40 43 45 47 49 50 54 55 57 58 59 s
47 3 6 9 11 13 14 16 17 18 19 20 21 22 23 24 26 27 30 32 33 34 40 43 44 45 46 48 49 50 51 53 55 58 59 s
48 1 2 4 5 11 12 13 14 17 18 20 29 30 31 32 33 37 39 40 43 47 49 52 54 59 s
49 7 10 11 13 19 20 23 26 28 30 31 32 33 37 39 40 41 42 45 46 47 48 50 53 55 58 s
50 1 7 12 13 22 25 26 27 28 30 32 34 37 41 43 46 47 49 52 53 54 55 56 59 s
51 1 4 6 10 11 12 13 14 15 16 17 19 20 21 23 24 27 28 34 35 36 37 38 39 43 44 47 60 s
52 2 3 5 6 8 9 11 12 15 17 18 19 21 25 27 28 29 31 32 33 34 35 36 39 41 42 43 44 45 48 50 53 54 55 57 58 59 60 s
53 1 2 3 4 6 8 9 11 12 15 18 20 29 31 35 36 37 38 39 42 43 44 45 47 49 50 52 54 56 58 s
54 4 5 7 9 10 11 15 16 19 20 21 22 25 26 27 28 30 31 33 34 36 37 39 41 42 44 46 48 50 52 53 56 57 59 s
55 1 3 4 5 6 7 12 13 14 16 19 20 22 23 24 26 29 33 34 35 36 43 46 47 49 50 52 57 60 s
56 1 4 8 9 12 19 22 23 25 26 27 28 29 31 32 33 35 37 39 41 42 44 45 50 53 54 57 60 s
57 1 2 9 10 11 15 17 18 19 20 24 28 29 31 34 35 37 38 39 41 43 44 46 52 54 55 56 59 60 s
58 2 4 11 12 16 17 22 24 26 28 32 36 38 40 41 46 47 49 52 53 60 s
59 2 5 8 12 13 16 17 21 22 26 29 31 32 33 34 37 39 40 41 43 45 46 47 48 50 52 54 57 60 s
60 2 4 6 7 9 10 11 13 16 17 18 19 21 22 23 24 25 27 31 32 33 39 42 45 51 52 55 56 57 58 59 s
