1 5 6 8 9 10 11 13 14 15 17 18 21 26 28 29 31 32 34 38 39 48 49 50 51 52 53 55 58 59 60 s
2 3 4 5 7 9 13 14 16 17 19 24 25 26 29 30 31 32 34 35 37 38 40 42 44 45 46 47 49 50 51 52 59 s
3 2 5 6 7 13 16 17 20 27 28 30 31 34 35 37 41 42 43 46 47 48 49 51 52 53 54 55 56 57 s
4 2 7 8 12 13 15 16 17 19 20 21 22 23 25 26 31 34 35 36 37 38 39 41 42 44 47 48 50 51 55 56 58 59 60 s
5 1 2 3 10 11 12 13 14 16 17 18 19 20 21 26 28 29 33 34 37 39 40 41 43 44 46 48 50 54 s
6 1 3 8 10 14 15 17 21 23 24 26 27 28 32 33 34 40 41 43 44 45 46 47 51 53 54 59 60 s
7 2 3 4 10 11 12 13 14 15 18 20 21 22 24 27 31 32 33 34 38 41 44 49 50 51 52 53 55 57 58 60 s
8 1 4 6 10 11 13 17 18 19 21 22 24 25 28 29 30 31 33 37 38 40 43 44 45 46 48 51 52 54 55 s
9 1 2 10 14 16 17 18 19 21 22 23 29 30 33 34 36 39 40 41 46 47 48 51 52 58 59 60 s
10 1 5 6 7 8 9 13 14 17 20 22 23 24 25 27 32 35 36 38 42 44 47 53 54 58 59 s
11 1 5 7 8 14 15 16 18 19 20 21 22 24 26 27 28 29 31 32 33 35 40 41 46 48 52 55 57 58 s
12 4 5 7 13 14 16 17 20 22 23 27 30 31 32 34 35 36 37 39 43 44 45 47 49 52 53 54 57 58 59 60 s
13 1 2 3 4 5 7 8 10 12 15 17 22 23 26 27 28 31 32 34 35 36 38 39 41 44 45 46 47 48 49 50 52 53 54 55 56 60 s
14 1 2 5 6 7 9 10 11 12 16 17 19 22 25 26 29 30 37 38 41 42 46 49 51 52 54 55 56 58 59 60 s
15 1 4 6 7 11 13 16 18 24 28 29 35 36 37 39 48 52 53 55 56 59 s
16 2 3 4 5 9 11 12 14 15 19 20 22 23 24 26 27 31 33 39 45 46 48 49 50 54 55 57 58 59 60 s
17 1 2 3 4 5 6 8 9 10 12 13 14 18 21 23 24 25 26 27 34 37 38 41 42 46 49 51 53 59 s
18 1 5 7 8 9 11 15 17 20 23 24 26 29 30 31 36 38 39 40 41 42 43 44 46 47 48 49 54 56 58 s
19 2 4 5 8 9 11 14 16 20 21 25 26 28 29 33 34 36 40 41 44 48 50 52 55 57 s
20 3 4 5 7 10 11 12 16 18 19 21 22 27 29 31 36 37 38 39 40 41 42 44 48 50 55 58 59 60 s
21 1 4 5 6 7 8 9 11 17 19 20 25 28 33 34 36 37 40 42 43 45 46 48 51 52 54 58 59 60 s
22 4 7 8 9 10 11 12 13 14 16 20 23 24 26 29 31 35 36 37 38 39 40 46 47 48 49 50 51 52 53 55 58 59 60 s
23 4 6 9 10 12 13 16 17 18 22 25 26 28 29 31 32 34 35 36 37 42 44 45 46 50 51 54 55 57 58 59 s
24 2 6 7 8 10 11 15 16 17 18 22 26 27 29 30 32 33 35 36 38 40 42 44 47 50 52 53 54 55 58 s
25 2 4 8 10 14 17 19 21 23 26 29 31 32 33 38 39 40 43 44 45 46 48 52 57 59 s
26 1 2 4 5 6 11 13 14 16 17 18 19 22 23 24 25 27 28 30 31 33 35 37 38 42 44 48 50 51 53 54 58 s
27 3 6 7 10 11 12 13 16 17 20 24 26 28 31 32 35 36 37 39 42 43 45 46 48 49 52 53 55 56 57 58 59 s
28 1 3 5 6 8 11 13 15 19 21 23 26 27 29 30 36 37 39 41 43 45 47 49 51 54 55 56 57 s
29 1 2 5 8 9 11 14 15 18 19 20 22 23 24 25 28 32 35 36 40 42 43 44 45 46 47 48 49 51 52 53 54 55 58 60 s
30 2 3 8 9 12 14 18 24 26 28 31 32 40 42 44 47 49 53 55 58 60 s
31 1 2 3 4 7 8 11 12 13 16 18 20 22 23 25 26 27 30 32 36 40 42 44 46 47 50 54 56 57 59 s
32 1 2 6 7 10 11 12 13 23 24 25 27 29 30 31 33 37 38 39 41 46 47 48 49 51 52 54 58 59 60 s
33 5 6 7 8 9 11 16 19 21 24 25 26 32 34 40 41 44 45 47 50 53 56 57 58 59 60 s
34 1 2 3 4 5 6 7 9 12 13 17 19 21 23 33 37 38 39 41 42 43 46 48 50 51 52 53 54 59 60 s
35 2 3 4 10 11 12 13 15 22 23 24 26 27 29 36 37 38 39 41 42 43 44 45 49 50 52 53 54 55 56 58 59 s
36 4 9 10 12 13 15 18 19 20 21 22 23 24 27 28 29 31 35 39 41 42 43 46 48 49 50 51 52 53 54 55 56 57 59 60 s
37 2 3 4 5 8 12 14 15 17 20 21 22 23 26 27 28 32 34 35 38 39 42 44 46 54 55 56 58 s
38 1 2 4 7 8 10 13 14 17 18 20 22 24 25 26 32 34 35 37 40 41 42 43 47 49 50 52 53 54 55 56 58 59 s
39 1 4 5 9 12 13 15 16 18 20 22 25 27 28 32 34 35 36 37 41 42 43 45 47 48 49 51 52 54 55 56 s
40 2 5 6 8 9 11 18 19 20 21 22 24 25 29 30 31 33 38 43 45 46 48 49 50 51 52 53 54 55 59 s
41 3 4 5 6 7 9 11 13 14 17 18 19 20 28 32 33 34 35 36 38 39 44 46 47 48 49 51 53 54 56 57 58 s
42 2 3 4 10 14 17 18 20 21 23 24 26 27 29 30 31 34 35 36 37 38 39 44 45 46 47 48 49 51 52 55 58 s
43 3 5 6 8 12 18 21 25 27 28 29 34 35 36 38 39 40 45 47 49 53 56 57 s
44 2 4 5 6 7 8 10 12 13 18 19 20 23 24 25 26 29 30 31 33 35 37 41 42 45 46 49 50 51 53 54 55 57 58 59 s
45 2 6 8 12 13 16 21 23 25 27 28 29 33 35 39 40 42 43 44 48 49 53 54 58 59 s
46 2 3 5 6 8 9 11 13 14 16 17 18 21 22 23 25 27 29 31 32 34 36 37 40 41 42 44 48 49 50 51 54 57 58 s
47 2 3 4 6 9 10 12 13 18 22 24 28 29 30 31 32 33 38 39 41 42 43 48 50 51 52 53 54 55 56 s
48 1 3 4 5 8 9 11 13 15 16 18 19 20 21 22 25 26 27 29 32 34 36 39 40 41 42 45 46 47 53 s
49 1 2 3 7 12 13 14 16 17 18 22 27 28 29 30 32 35 36 38 39 40 41 42 43 44 45 46 57 58 60 s
50 1 2 4 5 7 13 16 19 20 22 23 24 26 31 33 34 35 36 38 40 44 46 47 55 56 57 59 s
51 1 2 3 4 6 7 8 9 14 17 21 22 23 26 28 29 32 34 36 39 40 41 42 44 46 47 52 53 56 58 59 60 s
52 1 2 3 7 8 9 11 12 13 14 15 19 21 22 24 25 27 29 32 34 35 36 38 39 40 42 47 51 55 56 57 58 s
53 1 3 6 7 10 12 13 15 17 22 24 26 27 29 30 33 34 35 36 38 40 41 43 44 45 47 48 51 56 57 58 59 60 s
54 3 5 6 8 10 12 13 14 16 18 21 23 24 26 28 29 31 32 34 35 36 37 38 39 40 41 44 45 46 47 57 58 59 s
55 1 3 4 7 8 11 13 14 15 16 19 20 22 23 24 27 28 29 30 35 36 37 38 39 40 42 44 47 50 52 57 59 s
56 3 4 13 14 15 18 27 28 31 33 35 36 37 38 39 41 43 47 50 51 52 53 57 58 59 60 s
57 3 7 11 12 16 19 23 25 27 28 31 33 36 41 43 44 46 49 50 52 53 54 55 56 60 s
58 1 4 7 9 10 11 12 14 16 18 20 21 22 23 24 26 27 29 30 32 33 35 37 38 41 42 44 45 46 49 51 52 53 54 56 59 s
59 1 2 4 6 9 10 12 14 15 16 17 20 21 22 23 25 27 31 32 33 34 35 36 38 40 44 45 50 51 53 54 55 56 58 60 s
60 1 4 6 7 9 12 13 14 16 20 21 22 29 30 32 33 34 36 49 51 53 56 57 59 s
