1 4 9 11 14 19 21 22 24 25 26 27 29 31 32 34 35 37 39 40 41 43 44 48 49 50 51 53 54 55 58 s
2 7 11 12 13 16 17 20 22 24 25 27 29 31 32 34 38 40 41 43 46 47 51 54 55 57 58 s
3 7 8 9 13 16 17 18 21 27 31 34 36 38 41 42 43 46 50 51 52 53 57 58 60 s
4 1 6 8 10 11 12 16 17 19 20 23 27 29 32 34 37 39 40 43 44 45 51 52 53 55 57 58 60 s
5 7 8 10 11 13 16 22 23 29 30 32 36 38 39 41 42 43 44 46 47 48 49 53 54 55 57 58 s
6 4 8 9 17 18 19 21 23 25 26 29 30 33 34 35 38 39 40 43 44 45 48 49 54 55 57 58 59 60 s
7 2 3 5 9 18 23 27 29 30 31 33 35 39 42 43 44 45 47 49 51 52 58 s
8 3 4 5 6 10 16 17 20 22 26 29 30 33 34 36 37 38 40 45 47 48 50 55 57 58 60 s
9 1 3 6 7 12 14 17 19 20 21 22 26 30 31 32 35 36 38 40 43 49 50 53 54 57 58 s
10 4 5 8 11 15 16 18 19 21 22 23 24 27 29 32 33 34 36 40 41 44 45 47 48 49 51 55 57 60 s
11 1 2 4 5 10 13 16 17 18 20 21 22 24 25 28 30 33 34 37 38 39 40 42 43 44 46 47 48 50 51 53 54 55 56 57 60 s
12 2 4 9 13 15 17 19 20 22 24 27 29 30 32 37 38 40 41 43 44 50 52 53 55 s
13 2 3 5 11 12 15 16 17 18 21 23 28 29 31 33 34 35 38 45 46 48 49 52 53 56 57 s
14 1 9 15 21 22 26 29 33 34 35 41 44 49 52 55 56 57 58 59 s
15 10 12 13 14 16 18 19 21 22 24 30 32 34 35 37 38 39 40 41 43 44 45 46 47 49 55 57 58 s
16 2 3 4 5 8 10 11 13 15 17 18 19 20 24 25 29 30 33 34 39 40 41 44 49 51 54 55 56 60 s
17 2 3 4 6 8 9 11 12 13 16 19 20 21 22 23 26 28 29 30 31 32 33 38 40 41 43 44 47 48 49 50 51 52 56 57 60 s
18 3 6 7 10 11 13 15 16 19 20 25 27 29 33 37 44 46 47 48 49 52 53 60 s
19 1 4 6 9 10 12 15 16 17 18 22 24 25 26 27 30 33 34 37 39 40 42 45 49 51 55 56 59 60 s
20 2 4 8 9 11 12 16 17 18 22 24 30 31 32 33 34 37 38 41 44 46 48 49 51 52 53 54 56 57 s
21 1 3 6 9 10 11 13 14 15 17 22 23 25 29 33 35 38 39 42 43 45 47 49 50 51 53 54 55 56 58 60 s
22 1 2 5 8 9 10 11 12 14 15 17 19 20 21 23 24 25 27 28 30 32 33 34 35 36 39 40 44 46 47 48 52 53 55 56 58 60 s
23 4 5 6 7 10 13 17 21 22 25 26 30 31 36 40 43 44 45 46 47 48 49 50 54 55 57 60 s
24 1 2 10 11 12 15 16 19 20 22 25 26 33 34 36 39 40 43 44 45 46 49 51 52 53 54 55 56 60 s
25 1 2 6 11 16 18 19 21 22 23 24 27 29 31 33 34 41 42 43 46 49 50 51 52 54 56 57 58 59 60 s
26 1 6 8 9 14 17 19 23 24 28 33 34 35 36 39 40 41 44 48 50 51 52 53 54 55 57 s
27 1 2 3 4 7 10 12 18 19 22 25 29 32 33 35 39 40 42 43 45 46 47 48 49 50 51 52 56 59 s
28 11 13 17 22 26 29 31 32 34 35 38 40 41 42 43 44 45 48 49 50 51 53 54 57 59 60 s
29 1 2 4 5 6 7 8 10 12 13 14 16 17 18 21 25 27 28 30 35 41 42 44 50 51 55 57 58 59 s
30 5 6 7 8 9 11 12 15 16 17 19 20 22 23 29 31 32 34 35 36 38 41 42 44 45 46 47 48 50 56 57 60 s
31 1 2 3 7 9 13 17 20 23 25 28 30 34 35 36 41 42 43 45 48 49 52 s
32 1 2 4 5 9 10 12 15 17 20 22 27 28 30 33 35 37 39 40 41 42 44 45 48 50 51 53 54 58 s
33 6 7 8 10 11 13 14 16 17 18 19 20 21 22 24 25 26 27 32 35 39 40 42 48 49 52 54 55 56 58 s
34 1 2 3 4 6 8 10 11 13 14 15 16 19 20 22 24 25 26 28 30 31 35 36 38 39 42 43 44 48 49 51 52 54 56 57 58 s
35 1 6 7 9 13 14 15 21 22 26 27 28 29 30 31 32 33 34 36 38 40 45 46 47 48 49 53 54 57 58 59 60 s
36 3 5 8 9 10 22 23 24 26 30 31 34 35 37 39 40 42 44 46 47 48 50 51 52 54 56 57 59 60 s
37 1 4 8 11 12 15 18 19 20 32 36 38 40 41 43 45 50 51 54 55 57 60 s
38 2 3 5 6 8 9 11 12 13 15 17 20 21 28 30 34 35 37 39 40 41 42 44 45 49 50 51 52 53 54 58 s
39 1 4 5 6 7 11 15 16 19 21 22 24 26 27 32 33 34 36 38 42 43 44 45 46 48 51 52 54 55 s
40 1 2 4 6 8 9 10 11 12 15 16 17 19 22 23 24 26 27 28 32 33 35 36 37 38 42 45 50 52 53 54 55 58 59 s
41 1 2 3 5 10 12 14 15 16 17 20 25 26 28 29 30 31 32 37 38 43 44 49 50 51 54 58 60 s
42 3 5 7 11 19 21 25 27 28 29 30 31 32 33 34 36 38 39 40 43 44 45 47 48 50 51 55 56 57 58 s
43 1 2 3 4 5 6 7 9 11 12 15 17 21 23 24 25 27 28 31 34 37 39 41 42 45 46 48 49 52 53 56 58 59 s
44 1 4 5 6 7 10 11 12 14 15 16 17 18 20 22 23 24 26 28 29 30 32 34 36 38 39 41 42 47 48 50 54 58 s
45 4 6 7 8 10 13 15 19 21 23 24 27 28 30 31 32 35 37 38 39 40 42 43 46 47 48 49 51 53 58 59 60 s
46 2 3 5 11 13 15 18 20 22 23 24 25 27 30 35 36 39 43 45 47 48 51 54 55 56 57 59 s
47 2 5 7 8 10 11 15 17 18 21 22 23 27 30 35 36 42 44 45 46 48 49 50 51 52 53 56 59 60 s
48 1 5 6 8 10 11 13 17 18 20 22 23 26 27 28 30 31 32 33 34 35 36 39 42 43 44 45 46 47 49 53 54 57 58 60 s
49 1 5 6 7 9 10 13 14 15 16 17 18 19 20 21 23 24 25 27 28 31 33 34 35 38 41 43 45 47 48 51 53 56 57 58 59 60 s
50 1 3 8 9 11 12 17 21 23 25 26 27 28 29 30 32 36 37 38 40 41 42 44 47 51 53 54 59 s
51 1 2 3 4 7 10 11 16 17 19 20 21 24 25 26 27 28 29 32 34 36 37 38 39 41 42 45 46 47 49 50 52 55 57 60 s
52 3 4 7 12 13 14 17 18 20 22 24 25 26 27 31 33 34 36 38 39 40 43 47 51 54 56 58 s
53 1 3 4 5 9 11 12 13 18 20 21 22 24 26 28 32 35 38 40 43 45 47 48 49 50 57 58 60 s
54 1 2 5 6 9 11 16 20 21 23 24 25 26 28 32 33 34 35 36 37 38 39 40 41 44 46 48 50 52 58 59 60 s
55 1 2 4 5 6 8 10 11 12 14 15 16 19 21 22 23 24 26 29 33 37 39 40 42 46 51 58 60 s
56 11 13 14 16 17 19 20 21 22 24 25 27 30 33 34 36 42 43 46 47 49 52 59 60 s
57 2 3 4 5 6 8 9 10 11 13 14 15 17 20 23 25 26 28 29 30 34 35 36 37 42 46 48 49 51 53 58 60 s
58 1 2 3 4 5 6 7 8 9 14 15 21 22 25 29 32 33 34 35 38 40 41 42 43 44 45 48 49 52 53 54 55 57 59 60 s
59 6 14 19 25 27 28 29 35 36 40 43 45 46 47 49 50 54 56 58 s
60 3 4 6 8 10 11 16 17 18 19 21 22 23 24 25 28 30 35 36 37 41 45 47 48 49 51 53 54 55 56 57 58 s
