1 13 14 16 18 26 31 32 39 41 42 44 49 51 57 58 59 s
2 7 8 9 13 16 21 22 29 35 40 41 51 53 54 61 64 s
3 6 13 14 17 19 23 29 34 36 37 48 51 52 55 65 s
4 8 11 20 27 32 36 39 41 44 47 50 51 53 55 58 59 s
5 14 16 25 31 33 37 38 39 40 44 45 49 53 57 59 62 s
6 3 7 17 18 24 26 33 34 44 47 56 58 63 65 s
7 2 6 10 19 26 29 34 35 39 44 47 48 54 58 59 s
8 2 4 10 16 18 22 25 29 33 34 41 42 47 51 53 54 58 64 s
9 2 12 16 17 22 25 33 41 42 48 57 58 62 65 s
10 7 8 19 20 22 31 34 37 38 39 41 51 57 60 63 65 s
11 4 15 16 18 20 22 24 26 27 28 33 37 42 54 56 57 60 65 s
12 9 13 17 22 28 29 34 36 41 50 53 55 64 s
13 1 2 3 12 14 15 21 22 23 26 30 31 34 39 45 46 49 50 54 55 57 58 61 s
14 1 3 5 13 17 22 24 27 29 33 43 44 45 46 s
15 11 13 19 23 26 31 34 35 38 39 40 42 44 55 58 63 64 s
16 1 2 5 8 9 11 17 21 27 29 32 37 43 46 48 50 51 53 55 59 60 61 s
17 3 6 9 12 14 16 20 24 26 30 35 38 46 48 49 50 51 53 58 s
18 1 6 8 11 21 24 29 31 33 35 39 47 s
19 3 7 10 15 20 23 27 29 30 33 34 35 39 40 53 59 60 64 s
20 4 10 11 17 19 30 33 37 38 40 44 46 47 48 49 50 53 57 58 61 64 65 s
21 2 13 16 18 22 25 29 30 31 37 41 45 65 s
22 2 8 9 10 11 12 13 14 21 27 28 30 40 43 49 52 55 56 57 63 s
23 3 13 15 19 25 26 28 29 32 33 34 35 37 39 40 41 47 48 49 51 52 53 54 57 62 s
24 6 11 14 17 18 25 32 34 40 43 46 47 58 59 62 64 s
25 5 8 9 21 23 24 26 32 33 34 40 47 52 53 57 59 64 s
26 1 6 7 11 13 15 17 23 25 27 29 39 43 44 46 50 56 57 64 s
27 4 11 14 16 19 22 26 29 31 35 46 47 51 57 61 s
28 11 12 22 23 35 44 49 51 52 60 61 64 s
29 2 3 7 8 12 14 16 18 19 21 23 26 27 30 31 33 34 35 40 43 48 49 s
30 13 17 19 20 21 22 29 32 37 38 47 55 56 57 59 61 64 65 s
31 1 5 10 13 15 18 21 27 29 45 46 48 53 63 64 s
32 1 4 16 23 24 25 30 37 38 40 47 48 50 52 53 56 60 62 63 s
33 5 6 8 9 11 14 18 19 20 23 25 29 38 42 44 48 50 55 56 59 60 64 s
34 3 6 7 8 10 12 13 15 19 23 24 25 29 37 38 42 47 49 51 52 54 57 58 60 62 s
35 2 7 15 17 18 19 23 27 28 29 39 48 51 58 60 64 65 s
36 3 4 12 41 44 51 55 56 59 60 62 s
37 3 5 10 11 16 20 21 23 30 32 34 39 50 59 61 62 63 s
38 5 10 15 17 20 30 32 33 34 39 43 45 47 50 51 55 56 65 s
39 1 4 5 7 10 13 15 18 19 23 26 35 37 38 49 50 53 s
40 2 5 15 19 20 22 23 24 25 29 32 42 46 47 48 51 53 54 56 61 64 s
41 1 2 4 8 9 10 12 21 23 36 46 48 53 57 59 63 64 65 s
42 1 8 9 11 15 33 34 40 44 46 48 50 61 63 s
43 14 16 22 24 26 29 38 47 48 51 54 60 64 s
44 1 4 5 6 7 14 15 20 26 28 33 36 42 45 46 48 63 s
45 5 13 14 21 31 38 44 47 48 50 54 57 59 60 63 s
46 13 14 16 17 20 24 26 27 31 40 41 42 44 47 48 51 52 57 59 65 s
47 4 6 7 8 18 20 23 24 25 27 30 32 34 38 40 43 45 46 48 52 54 56 57 60 65 s
48 3 7 9 16 17 20 23 29 31 32 33 35 40 41 42 43 44 45 46 47 51 57 59 62 65 s
49 1 5 13 17 20 22 23 28 29 34 39 51 52 54 57 61 63 s
50 4 12 13 16 17 20 26 32 33 37 38 39 42 45 51 54 55 61 s
51 1 2 3 4 8 10 16 17 23 27 28 34 35 36 38 40 43 46 48 49 50 54 58 62 63 s
52 3 22 23 25 28 32 34 46 47 49 54 59 60 61 s
53 2 4 5 8 12 16 17 19 20 23 25 31 32 39 40 41 55 56 61 63 s
54 2 7 8 11 13 23 34 40 43 45 47 49 50 51 52 55 59 64 s
55 3 4 12 13 15 16 22 30 33 36 38 50 53 54 57 64 s
56 6 11 22 26 30 32 33 36 38 40 47 53 57 60 61 62 65 s
57 1 5 9 10 11 13 20 22 23 25 26 27 30 34 41 45 46 47 48 49 55 56 63 s
58 1 4 6 7 8 9 13 15 17 20 24 34 35 51 62 64 65 s
59 1 4 5 7 16 19 24 25 30 33 36 37 41 45 46 48 52 54 60 64 s
60 10 11 16 19 28 32 33 34 35 36 43 45 47 52 56 59 61 s
61 2 13 16 20 27 28 30 37 40 42 49 50 52 53 56 60 62 64 65 s
62 5 9 23 24 32 34 36 37 48 51 56 58 61 s
63 6 10 15 22 31 32 37 41 42 44 45 49 51 53 57 s
64 2 8 12 15 19 20 24 25 26 28 30 31 33 35 40 41 43 54 55 58 59 61 65 s
65 3 6 9 10 11 20 21 30 35 38 41 46 47 48 56 58 61 64 s
