1 10 16 22 35 37 42 43 48 50 53 54 55 62 63 64 s
2 5 8 11 21 24 25 27 31 32 34 35 37 38 44 45 47 50 54 55 56 63 s
3 14 16 18 21 23 29 30 31 36 39 42 49 50 56 57 62 s
4 12 16 17 19 22 25 27 28 34 42 46 50 s
5 2 7 10 11 14 18 19 20 22 25 30 40 42 45 56 58 61 62 64 65 s
6 7 8 9 15 18 21 25 28 31 35 48 54 57 62 s
7 5 6 9 10 16 18 21 24 30 33 34 37 39 40 44 49 53 58 61 64 s
8 2 6 11 14 17 21 23 25 35 36 40 47 56 58 61 62 63 s
9 6 7 10 12 13 14 19 25 27 29 32 33 36 38 39 47 54 56 58 63 64 65 s
10 1 5 7 9 11 15 20 21 28 29 31 32 34 49 50 55 56 64 s
11 2 5 8 10 19 21 27 28 31 39 43 50 s
12 4 9 14 24 27 31 42 46 47 48 51 53 57 58 61 s
13 9 21 23 25 27 33 41 45 47 62 s
14 3 5 8 9 12 15 17 20 22 29 32 35 36 40 47 61 63 64 s
15 6 10 14 23 35 39 41 45 46 49 54 55 58 60 63 s
16 1 3 4 7 18 20 28 29 31 34 35 36 40 41 51 54 56 62 64 s
17 4 8 14 20 32 36 46 48 55 57 65 s
18 3 5 6 7 16 19 27 28 29 32 34 38 41 45 48 49 50 53 60 63 65 s
19 4 5 9 11 18 29 36 44 46 51 s
20 5 10 14 16 17 25 28 32 45 53 54 62 s
21 2 3 6 7 8 10 11 13 24 25 27 35 42 44 45 54 55 59 s
22 1 4 5 14 25 37 38 42 49 57 61 63 s
23 3 8 13 15 24 30 31 34 35 38 39 45 46 54 62 64 s
24 2 7 12 21 23 29 34 36 41 45 47 53 58 65 s
25 2 4 5 6 8 9 13 20 21 22 27 31 33 36 41 49 50 56 58 s
26 31 39 41 43 45 51 60 s
27 2 4 9 11 12 13 18 21 25 30 32 33 35 40 41 42 43 46 47 57 63 64 s
28 4 6 10 11 16 18 20 32 33 50 63 s
29 3 9 10 14 16 18 19 24 30 33 37 39 48 50 55 57 s
30 3 5 7 23 27 29 36 39 51 52 53 59 61 62 65 s
31 2 3 6 10 11 12 16 23 25 26 32 33 35 37 40 45 46 57 59 60 65 s
32 2 9 10 14 17 18 20 27 28 31 46 51 54 61 64 s
33 7 9 13 25 27 28 29 31 35 37 38 39 42 47 53 56 61 s
34 2 4 7 10 16 18 23 24 37 38 39 45 48 49 56 60 62 64 s
35 1 2 6 8 14 15 16 21 23 27 31 33 38 40 41 46 47 60 63 s
36 3 8 9 14 16 17 19 24 25 30 47 48 49 52 62 s
37 1 2 7 22 29 31 33 34 39 43 46 51 56 59 61 64 s
38 2 9 18 22 23 33 34 35 43 52 56 57 60 63 64 s
39 3 7 9 11 15 23 26 29 30 33 34 37 40 47 48 50 53 56 s
40 5 7 8 14 16 27 31 35 39 41 51 57 60 s
41 13 15 16 18 24 25 26 27 35 40 45 51 52 64 s
42 1 3 4 5 12 21 22 27 33 44 50 52 57 59 63 65 s
43 1 11 26 27 37 38 44 46 48 56 58 s
44 2 7 19 21 42 43 46 51 55 56 s
45 2 5 13 15 18 20 21 23 24 26 31 34 41 49 50 s
46 4 12 15 17 19 23 27 31 32 35 37 43 44 47 49 53 56 57 58 61 s
47 2 8 9 12 13 14 24 27 33 35 36 39 46 51 52 55 58 63 s
48 1 6 12 17 18 29 34 36 39 43 50 62 s
49 3 7 10 15 18 22 25 34 36 45 46 50 54 55 58 64 s
50 1 2 3 4 10 11 18 25 28 29 39 42 45 48 49 s
51 12 16 19 26 30 32 37 40 41 44 47 53 58 59 60 65 s
52 30 36 38 41 42 47 53 54 62 s
53 1 7 12 18 20 24 30 33 39 46 51 52 54 56 61 63 s
54 1 2 6 9 15 16 20 21 23 32 49 52 53 57 59 61 64 s
55 1 2 10 15 17 21 29 44 47 49 61 64 65 s
56 2 3 5 8 9 10 16 25 33 34 37 38 39 43 44 46 53 60 63 64 s
57 3 6 12 17 22 27 29 31 38 40 42 46 54 60 62 s
58 5 7 8 9 12 15 24 25 43 46 47 49 51 61 62 s
59 21 30 31 37 42 51 54 s
60 15 18 26 31 34 35 38 40 51 56 57 61 62 s
61 5 7 8 12 14 22 30 32 33 37 46 53 54 55 58 60 65 s
62 1 3 5 6 8 13 16 20 23 30 34 36 48 52 57 58 60 s
63 1 2 8 9 14 15 18 22 27 28 35 38 42 47 53 56 s
64 1 5 7 9 10 14 16 23 27 32 34 37 38 41 49 54 55 56 s
65 5 9 17 18 24 30 31 42 51 55 61 s
