1 4 8 10 13 14 18 19 23 30 31 35 37 38 42 44 57 63 s
2 4 5 7 9 15 19 21 22 33 35 43 45 46 48 49 61 s
3 6 10 14 19 21 22 25 29 30 32 45 51 55 s
4 1 2 11 23 24 34 47 49 55 64 s
5 2 6 7 14 15 17 18 19 27 29 33 34 43 44 46 50 54 60 61 s
6 3 5 7 11 15 16 45 50 51 53 54 57 62 63 65 s
7 2 5 6 9 10 13 14 19 28 39 44 47 53 54 56 58 60 s
8 1 12 17 32 37 43 44 46 49 50 53 63 s
9 2 7 10 15 17 29 30 34 36 38 39 42 50 51 52 54 56 60 64 s
10 1 3 7 9 17 22 23 25 27 30 34 37 39 40 42 45 47 54 55 57 64 s
11 4 6 15 20 28 32 41 43 50 61 62 s
12 8 25 27 31 35 39 42 45 48 51 52 53 54 56 s
13 1 7 21 27 29 30 31 36 38 46 48 62 63 s
14 1 3 5 7 22 27 28 29 30 36 37 46 48 53 56 58 s
15 2 5 6 9 11 18 20 25 26 28 30 31 35 36 38 51 53 55 59 s
16 6 22 23 25 36 39 40 42 43 47 49 51 55 64 s
17 5 8 9 10 18 19 20 23 27 31 36 41 45 46 47 48 49 54 57 58 60 63 s
18 1 5 15 17 19 21 25 26 27 28 30 32 34 36 46 51 54 57 64 s
19 1 2 3 5 7 17 18 25 26 29 30 40 43 44 51 54 55 60 63 65 s
20 11 15 17 21 27 32 38 44 51 57 59 62 s
21 2 3 13 18 20 24 25 31 32 39 44 46 47 51 57 59 62 s
22 2 3 10 14 16 25 31 38 39 40 42 47 48 52 63 s
23 1 4 10 16 17 25 26 28 34 36 37 42 43 55 62 65 s
24 4 21 26 27 28 34 44 47 48 52 53 54 63 s
25 3 10 12 15 16 18 19 21 22 23 29 31 33 37 43 45 47 50 51 53 58 62 65 s
26 15 18 19 23 24 31 33 39 41 44 48 49 52 s
27 5 10 12 13 14 17 18 20 24 29 31 34 36 38 41 43 48 51 53 56 57 63 65 s
28 7 11 14 15 18 23 24 29 33 54 65 s
29 3 5 9 13 14 19 25 27 28 34 37 41 49 50 53 58 60 61 65 s
30 1 3 9 10 13 14 15 18 19 34 38 55 58 63 65 s
31 1 12 13 15 17 21 22 25 26 27 33 40 42 46 47 50 53 61 s
32 3 8 11 18 20 21 33 36 39 51 s
33 2 5 25 26 28 31 32 42 46 47 50 52 54 55 57 59 s
34 4 5 9 10 18 23 24 27 29 30 37 46 48 52 56 57 64 s
35 1 2 12 15 37 52 54 61 63 s
36 9 13 14 15 16 17 18 23 27 32 42 s
37 1 8 10 14 23 25 29 34 35 53 55 59 62 63 64 s
38 1 9 13 15 20 22 27 30 40 41 47 51 52 59 60 s
39 7 9 10 12 16 21 22 26 32 44 45 49 50 58 62 s
40 10 16 19 22 31 38 47 50 53 57 58 62 65 s
41 11 17 26 27 29 38 44 45 48 50 52 54 60 65 s
42 1 9 10 12 16 22 23 31 33 36 45 49 58 s
43 2 5 8 11 16 19 23 25 27 44 46 47 49 51 54 55 57 60 64 s
44 1 5 7 8 19 20 21 24 26 39 41 43 46 47 57 s
45 2 3 6 10 12 17 25 39 41 42 49 62 63 65 s
46 2 5 8 13 14 17 18 21 31 33 34 43 44 49 50 56 63 64 s
47 4 7 10 16 17 21 22 24 25 31 33 38 40 43 44 48 49 53 57 59 65 s
48 2 12 13 14 17 22 24 26 27 34 41 47 57 64 65 s
49 2 4 8 16 17 26 29 39 42 43 45 46 47 50 58 61 64 s
50 5 6 8 9 11 25 29 31 33 39 40 41 46 49 52 64 s
51 3 6 9 12 15 16 18 19 20 21 25 27 32 38 43 52 56 62 64 s
52 9 12 22 24 26 33 34 35 38 41 50 51 57 60 s
53 6 7 8 12 14 15 24 25 27 29 31 37 40 47 54 58 59 61 s
54 5 6 7 9 10 12 17 18 19 24 28 33 35 41 43 53 55 59 64 s
55 3 4 10 15 16 19 23 30 33 37 43 54 56 61 63 s
56 7 9 12 14 27 34 46 51 55 57 60 s
57 1 6 10 17 18 20 21 27 33 34 40 43 44 47 48 52 56 58 s
58 7 14 17 25 29 30 39 40 42 49 53 57 63 s
59 15 20 21 33 37 38 47 53 54 63 64 s
60 5 7 9 17 19 29 38 41 43 52 56 s
61 2 5 11 29 31 35 49 53 55 s
62 6 11 13 20 21 23 25 37 39 40 45 51 s
63 1 6 8 13 17 19 22 24 27 30 35 37 45 46 55 58 59 s
64 4 9 10 16 18 34 37 43 46 48 49 50 51 54 59 65 s
65 6 19 23 25 27 28 29 30 40 41 45 47 48 64 s
