1 2 8 15 17 23 27 36 44 50 64 s
2 1 4 18 22 25 32 35 38 49 53 s
3 5 9 12 25 31 33 46 47 49 52 54 56 57 s
4 2 9 11 16 19 39 40 41 42 49 54 56 58 59 s
5 3 10 14 15 17 19 29 32 43 47 58 60 62 64 65 s
6 23 26 27 28 36 41 43 47 50 55 64 s
7 10 14 19 21 23 24 28 29 31 32 33 41 52 65 s
8 1 20 21 27 28 29 34 40 43 44 48 53 54 55 57 s
9 3 4 11 18 19 24 31 39 46 48 51 52 57 58 59 64 s
10 5 7 16 29 30 31 32 33 38 44 50 53 55 59 65 s
11 4 9 13 19 21 30 31 32 34 37 40 46 50 54 58 63 65 s
12 3 13 14 18 25 32 36 38 39 41 46 47 48 52 56 58 s
13 11 12 23 25 26 27 28 31 35 36 46 48 50 52 53 55 58 64 65 s
14 5 7 12 16 26 47 48 53 65 s
15 1 5 20 22 35 37 49 51 61 s
16 4 10 14 17 20 22 24 27 36 39 42 46 52 55 58 s
17 1 5 16 22 27 45 52 53 58 59 s
18 2 9 12 23 24 26 29 32 33 37 44 57 58 s
19 4 5 7 9 11 20 24 27 35 37 49 53 54 56 57 61 65 s
20 8 15 16 19 22 25 44 50 53 56 59 60 s
21 7 8 11 25 32 33 35 44 47 s
22 2 15 16 17 20 23 25 27 29 36 37 39 40 41 42 43 51 57 60 63 s
23 1 6 7 13 18 22 24 25 26 27 32 37 39 45 50 51 52 59 61 64 s
24 7 9 16 18 19 23 26 28 29 33 37 43 50 54 55 57 60 s
25 2 3 12 13 20 21 22 23 26 40 43 46 48 54 56 59 61 63 s
26 6 13 14 18 23 24 25 29 32 33 34 35 37 41 46 53 57 64 65 s
27 1 6 8 13 16 17 19 22 23 38 45 47 48 50 51 54 57 60 61 64 s
28 6 7 8 13 24 33 38 40 43 50 51 55 56 63 s
29 5 7 8 10 18 22 24 26 31 32 34 36 45 49 53 55 58 60 62 63 64 s
30 10 11 40 44 45 48 54 58 62 s
31 3 7 9 10 11 13 29 35 37 43 53 57 58 60 65 s
32 2 5 7 10 11 12 18 21 23 26 29 35 37 45 46 49 52 54 55 58 65 s
33 3 7 10 18 21 24 26 28 34 38 39 40 41 42 46 49 54 56 58 61 s
34 8 11 26 29 33 40 42 46 55 60 63 65 s
35 2 13 15 19 21 26 31 32 40 44 45 50 55 56 60 62 s
36 1 6 12 13 16 22 29 38 40 41 45 46 48 49 52 53 61 62 s
37 11 15 18 19 22 23 24 26 31 32 40 46 49 51 54 55 56 57 59 60 63 65 s
38 2 10 12 27 28 33 36 39 41 47 59 65 s
39 4 9 12 16 22 23 33 38 41 43 48 51 52 57 58 s
40 4 8 11 22 25 28 30 33 34 35 36 37 43 44 46 49 51 52 s
41 4 6 7 12 22 26 33 36 38 39 44 48 49 50 51 53 61 65 s
42 4 16 22 33 34 44 49 50 51 53 56 s
43 5 6 8 22 24 25 28 31 39 40 50 51 54 56 65 s
44 1 8 10 18 20 21 30 35 40 41 42 47 49 54 63 65 s
45 17 23 27 29 30 32 35 36 50 59 60 65 s
46 3 9 11 12 13 16 25 26 32 33 34 36 37 40 51 52 53 56 57 58 59 60 63 64 s
47 3 5 6 12 14 21 27 38 44 50 55 56 59 s
48 8 9 12 13 14 25 27 30 36 39 41 49 61 s
49 2 3 4 15 19 29 32 33 36 37 40 41 42 44 48 55 58 s
50 1 6 10 11 13 20 23 24 27 28 35 41 42 43 45 47 53 54 61 65 s
51 9 15 22 23 27 28 37 39 40 41 42 43 46 52 63 64 s
52 3 7 9 12 13 16 17 23 32 36 39 40 46 51 53 54 55 61 62 s
53 2 8 10 13 14 17 19 20 26 29 31 36 41 42 46 50 52 56 58 60 s
54 3 4 8 11 19 24 25 27 30 32 33 37 43 44 50 52 59 62 s
55 6 8 10 13 16 24 28 29 32 34 35 37 47 49 52 59 61 62 64 s
56 3 4 12 19 20 25 28 33 35 37 42 43 46 47 53 58 59 60 61 65 s
57 3 8 9 18 19 22 24 26 27 31 37 39 46 58 61 62 s
58 4 5 9 11 12 13 16 17 18 29 30 31 32 33 39 46 49 53 56 57 64 s
59 4 9 10 17 20 23 25 37 38 45 46 47 54 55 56 64 65 s
60 5 20 22 24 27 29 31 34 35 37 45 46 53 56 61 s
61 15 19 23 25 27 33 36 41 48 50 52 55 56 57 60 62 64 s
62 5 29 30 35 36 52 54 55 57 61 63 s
63 11 22 25 28 29 34 37 44 46 51 62 65 s
64 1 5 6 9 13 23 26 27 29 46 51 55 58 59 61 s
65 5 7 10 11 13 14 19 26 31 32 34 37 38 41 43 44 45 50 56 59 63 s
