1 10 13 15 19 25 26 28 30 35 40 42 48 50 51 52 53 56 59 61 s
2 5 13 14 15 20 21 24 25 26 28 34 35 37 39 43 47 49 54 55 59 63 65 s
3 5 10 14 16 17 26 27 35 36 42 46 47 51 53 54 56 64 65 s
4 7 10 12 13 14 17 27 38 40 42 46 48 53 54 61 62 65 s
5 2 3 6 7 8 10 14 17 21 22 26 32 39 42 52 54 61 64 s
6 5 7 8 13 18 21 23 27 28 32 35 36 39 43 44 45 60 63 s
7 4 5 6 8 10 14 15 18 19 22 23 24 30 34 37 38 43 47 51 54 55 57 s
8 5 6 7 19 20 21 23 24 27 31 33 34 37 40 45 46 50 51 55 57 s
9 12 14 17 18 24 26 30 31 40 41 42 44 50 60 61 s
10 1 3 4 5 7 11 13 16 21 26 27 32 36 40 41 44 45 50 53 54 59 65 s
11 10 14 19 24 26 35 36 39 40 42 46 53 s
12 4 9 14 16 18 22 30 33 34 37 38 45 51 52 56 57 63 s
13 1 2 4 6 10 15 18 20 22 33 39 46 48 50 51 56 58 59 61 63 s
14 2 3 4 5 7 9 11 12 15 17 19 27 33 43 46 48 52 54 59 65 s
15 1 2 7 13 14 18 23 24 29 30 35 36 47 49 50 53 54 63 64 s
16 3 10 12 17 20 23 25 39 41 42 50 55 57 59 60 64 65 s
17 3 4 5 9 14 16 21 23 24 34 36 39 41 46 49 51 53 57 60 63 64 s
18 6 7 9 12 13 15 20 21 22 25 30 34 37 38 42 44 45 55 59 60 65 s
19 1 7 8 11 14 21 24 36 38 46 48 51 52 53 55 63 65 s
20 2 8 13 16 18 22 25 27 40 44 48 49 50 51 52 54 58 63 s
21 2 5 6 8 10 17 18 19 22 25 29 32 35 36 39 45 50 51 57 58 60 62 65 s
22 5 7 12 13 18 20 21 23 33 36 39 40 44 45 46 47 48 51 53 54 55 57 60 s
23 6 7 8 15 16 17 22 26 28 31 33 34 38 39 43 44 46 47 59 s
24 2 7 8 9 11 15 17 19 26 28 33 37 38 40 44 45 51 52 55 58 63 64 s
25 1 2 16 18 20 21 26 30 32 40 42 43 45 49 51 63 s
26 1 2 3 5 9 10 11 23 24 25 28 29 33 35 38 39 40 43 45 47 48 51 54 56 s
27 3 4 6 8 10 14 20 28 29 30 35 39 40 44 45 51 52 56 59 64 s
28 1 2 6 23 24 26 27 35 37 45 52 54 56 58 65 s
29 15 21 26 27 33 40 42 47 48 49 55 56 57 61 63 65 s
30 1 7 9 12 15 18 25 27 32 33 34 35 36 39 41 42 44 51 60 62 63 65 s
31 8 9 23 33 35 39 42 43 49 60 61 64 s
32 5 6 10 21 25 30 33 34 37 39 43 48 49 54 55 61 62 s
33 8 12 13 14 22 23 24 26 29 30 31 32 34 36 38 40 53 54 58 62 64 s
34 2 7 8 12 17 18 23 30 32 33 36 39 40 43 44 45 49 52 55 56 58 60 62 s
35 1 2 3 6 11 15 21 26 27 28 30 31 36 39 45 49 52 53 54 55 60 62 63 s
36 3 6 10 11 15 17 19 21 22 30 33 34 35 39 42 43 48 50 52 54 59 60 61 64 s
37 2 7 8 12 18 24 28 32 39 41 46 48 52 56 63 64 s
38 4 7 12 18 19 23 24 26 33 43 49 50 56 58 65 s
39 2 5 6 11 13 16 17 21 22 23 26 27 30 31 32 34 35 36 37 41 47 48 50 53 57 58 s
40 1 4 8 9 10 11 20 22 24 25 26 27 29 33 34 41 44 45 47 51 53 54 58 s
41 9 10 16 17 30 37 39 40 46 47 54 56 57 58 62 s
42 1 3 4 5 9 11 16 18 25 29 30 31 36 45 50 53 55 56 65 s
43 2 6 7 14 23 25 26 31 32 34 36 38 45 62 s
44 6 9 10 18 20 22 23 24 27 30 34 40 48 51 53 58 s
45 6 8 10 12 18 21 22 24 25 26 27 28 34 35 40 42 43 48 49 50 51 60 63 64 65 s
46 3 4 8 11 13 14 17 19 22 23 37 41 55 59 64 s
47 2 3 7 15 22 23 26 29 39 40 41 54 57 60 62 63 65 s
48 1 4 13 14 19 20 22 26 29 32 36 37 39 44 45 49 53 60 62 s
49 2 15 17 20 25 29 31 32 34 35 38 45 48 50 56 62 65 s
50 1 8 9 10 13 15 16 20 21 36 38 39 42 45 49 54 59 61 63 65 s
51 1 3 7 8 12 13 17 19 20 21 22 24 25 26 27 30 40 44 45 52 53 61 s
52 1 5 12 14 19 20 24 27 28 34 35 36 37 51 54 64 s
53 1 3 4 10 11 15 17 19 22 33 35 39 40 42 44 48 51 54 57 62 s
54 2 3 4 5 7 10 14 15 20 22 26 28 32 33 35 36 40 41 47 50 52 53 64 s
55 2 7 8 16 18 19 22 24 29 32 34 35 42 46 58 63 s
56 1 3 12 13 26 27 28 29 34 37 38 41 42 49 63 s
57 7 8 12 16 17 21 22 29 39 41 47 53 60 62 s
58 13 20 21 24 28 33 34 38 39 40 41 44 55 64 s
59 1 2 10 13 14 16 18 23 27 36 46 50 60 65 s
60 6 9 16 17 18 21 22 30 31 34 35 36 45 47 48 57 59 61 62 s
61 1 4 5 9 13 29 31 32 36 50 51 60 s
62 4 21 30 32 33 34 35 41 43 47 48 49 53 57 60 65 s
63 2 6 12 13 15 17 19 20 24 25 29 30 35 37 45 47 50 55 56 s
64 3 5 15 16 17 24 27 31 33 36 37 45 46 52 54 58 s
65 2 3 4 10 14 16 18 19 21 28 29 30 38 42 45 47 49 50 59 62 s
