1 2 5 7 8 9 10 11 12 14 16 17 19 20 23 25 27 28 29 30 31 32 33 34 35 36 41 42 43 48 49 51 52 54 57 59 61 63 65 s
2 1 4 5 6 7 8 10 14 15 16 17 18 21 24 26 27 33 34 35 36 37 40 41 42 43 49 50 54 56 57 59 60 63 65 s
3 4 9 10 11 12 14 16 17 18 19 21 22 23 24 25 28 31 36 37 38 39 40 42 45 47 49 50 51 52 54 58 59 60 61 64 s
4 2 3 5 7 8 9 12 13 17 18 20 21 25 27 28 30 35 38 39 41 44 45 46 47 48 50 51 53 55 56 60 61 62 63 64 s
5 1 2 4 6 7 13 14 15 16 17 19 20 23 24 26 27 28 30 34 36 38 40 41 44 45 48 50 53 54 56 57 58 62 64 s
6 2 5 7 8 9 11 12 14 18 19 20 21 25 26 27 29 30 32 33 34 37 40 41 42 45 46 51 52 57 58 63 64 65 s
7 1 2 4 5 6 9 10 11 12 13 14 16 17 18 20 21 23 26 32 33 36 37 38 40 41 43 44 46 47 50 52 54 59 61 62 64 65 s
8 1 2 4 6 9 10 14 15 19 22 23 24 25 28 30 31 32 34 35 37 39 40 41 44 46 48 50 51 52 54 56 59 60 63 64 s
9 1 3 4 6 7 8 12 13 14 15 17 18 20 22 25 27 28 30 34 38 39 42 43 44 45 46 48 50 52 54 55 56 57 58 63 64 65 s
10 1 2 3 7 8 12 13 14 15 17 18 19 20 22 24 25 27 28 29 31 32 35 37 39 40 41 43 45 47 48 49 53 56 57 58 59 60 61 62 64 s
11 1 3 6 7 16 17 18 20 21 26 28 29 31 32 33 34 36 39 45 46 47 49 51 54 57 58 61 62 63 s
12 1 3 4 6 7 9 10 13 15 16 17 20 21 23 26 29 32 33 34 36 39 40 42 46 48 50 58 59 61 62 64 s
13 4 5 7 9 10 12 14 19 22 24 26 27 28 29 30 32 33 35 36 37 39 41 43 45 51 52 54 56 59 61 s
14 1 2 3 5 6 7 8 9 10 13 16 18 19 20 22 23 25 26 27 31 32 34 35 36 37 38 40 41 47 50 51 52 56 57 58 59 63 s
15 2 5 8 9 10 12 16 18 19 26 27 29 30 32 33 35 37 38 39 40 41 45 49 53 57 59 60 61 62 64 65 s
16 1 2 3 5 7 11 12 14 15 17 20 22 23 24 25 26 27 28 30 32 34 35 36 37 38 40 41 43 46 48 49 53 55 58 59 60 s
17 1 2 3 4 5 7 9 10 11 12 16 18 22 24 25 28 29 32 33 35 39 42 43 46 51 53 56 60 63 64 s
18 2 3 4 6 7 9 10 11 14 15 17 19 21 22 23 24 25 26 27 28 29 32 33 39 43 44 46 49 50 52 53 54 55 57 62 64 65 s
19 1 3 5 6 8 10 13 14 15 18 23 25 27 28 30 31 32 33 41 42 43 45 49 50 53 54 56 57 58 59 60 61 62 s
20 1 4 5 6 7 9 10 11 12 14 16 24 28 29 30 31 32 35 37 43 44 45 46 48 49 51 55 56 57 58 59 62 63 64 s
21 2 3 4 6 7 11 12 18 23 24 25 27 31 33 34 35 38 41 42 44 46 51 53 55 59 60 64 65 s
22 3 8 9 10 13 14 16 17 18 23 27 29 31 36 40 41 42 43 45 46 47 48 49 50 51 52 53 62 63 64 65 s
23 1 3 5 7 8 12 14 16 18 19 21 22 24 29 32 33 34 36 37 39 40 42 44 47 48 51 52 53 55 56 57 63 65 s
24 2 3 5 8 10 13 16 17 18 20 21 23 25 29 31 32 33 39 40 44 46 48 53 54 56 58 59 60 s
25 1 3 4 6 8 9 10 14 16 17 18 19 21 24 27 28 29 35 36 37 38 39 44 47 49 50 60 61 63 64 65 s
26 2 5 6 7 11 12 13 14 15 16 18 27 28 36 41 43 44 45 46 51 55 57 62 63 64 65 s
27 1 2 4 5 6 9 10 13 14 15 16 18 19 21 22 25 26 29 36 38 39 45 47 48 51 54 58 59 60 61 63 64 s
28 1 3 4 5 8 9 10 11 13 16 17 18 19 20 25 26 29 33 34 35 37 38 40 41 43 45 46 47 48 51 57 61 62 64 65 s
29 1 6 10 11 12 13 15 17 18 20 22 23 24 25 27 28 32 35 38 39 40 43 48 49 51 53 54 55 58 59 61 62 65 s
30 1 4 5 6 8 9 13 15 16 19 20 31 32 33 34 38 39 41 42 43 47 48 49 50 54 57 59 60 65 s
31 1 3 8 10 11 14 19 20 21 22 24 30 36 37 38 39 40 41 44 47 51 52 56 58 59 61 62 64 s
32 1 6 7 8 10 11 12 13 14 15 16 17 18 19 20 23 24 29 30 33 34 35 36 37 40 42 43 44 45 47 50 51 52 54 56 57 61 62 64 65 s
33 1 2 6 7 11 12 13 15 17 18 19 21 23 24 28 30 32 34 35 37 42 46 48 52 56 57 58 63 64 s
34 1 2 5 6 8 9 11 12 14 16 21 23 28 30 32 33 35 38 39 40 42 43 44 47 48 50 52 53 57 58 62 64 65 s
35 1 2 4 8 10 13 14 15 16 17 20 21 25 28 29 32 33 34 36 37 38 39 42 43 45 46 47 52 53 57 58 60 61 64 s
36 1 2 3 5 7 11 12 13 14 16 22 23 25 26 27 31 32 35 37 40 43 44 45 46 48 50 53 54 57 58 59 60 62 64 65 s
37 2 3 6 7 8 10 13 14 15 16 20 23 25 28 31 32 33 35 36 38 39 43 46 48 50 51 52 53 54 56 57 59 60 62 63 64 65 s
38 3 4 5 7 9 14 15 16 21 25 27 28 29 30 31 34 35 37 39 40 41 42 43 45 47 48 49 51 52 54 55 57 59 60 62 64 65 s
39 3 4 8 9 10 11 12 13 15 17 18 23 24 25 27 29 30 31 34 35 37 38 42 44 49 50 51 54 57 58 59 60 61 62 65 s
40 2 3 5 6 7 8 10 12 14 15 16 22 23 24 28 29 31 32 34 36 38 43 45 52 53 54 55 56 57 62 65 s
41 1 2 4 5 6 7 8 10 13 14 15 16 19 21 22 26 28 30 31 38 44 46 48 49 53 55 56 57 58 59 60 61 62 64 65 s
42 1 2 3 6 9 12 17 19 21 22 23 30 32 33 34 35 38 39 44 46 47 49 50 56 65 s
43 1 2 7 9 10 13 16 17 18 19 20 22 26 28 29 30 32 34 35 36 37 38 40 45 49 51 52 53 56 58 65 s
44 4 5 7 8 9 18 20 21 23 24 25 26 31 32 34 36 39 41 42 47 48 50 51 52 55 57 58 59 61 62 63 s
45 3 4 5 6 9 10 11 13 15 19 20 22 26 27 28 32 35 36 38 40 43 47 48 51 52 53 54 55 57 59 60 62 63 s
46 4 6 7 8 9 11 12 16 17 18 20 21 22 24 26 28 33 35 36 37 41 42 47 48 49 52 53 57 59 60 61 63 65 s
47 3 4 7 10 11 14 22 23 25 27 28 30 31 32 34 35 38 42 44 45 46 49 50 53 56 57 60 61 62 65 s
48 1 4 5 8 9 10 12 16 20 22 23 24 27 28 29 30 33 34 36 37 38 41 44 45 46 49 51 54 58 62 64 65 s
49 1 2 3 10 11 15 16 18 19 20 22 25 29 30 38 39 41 42 43 46 47 48 52 59 60 62 63 65 s
50 2 3 4 5 7 8 9 12 14 18 19 22 25 30 32 34 36 37 39 42 44 47 52 53 54 56 57 58 63 64 65 s
51 1 3 4 6 8 11 13 14 17 20 21 22 23 26 27 28 29 31 32 37 38 39 43 44 45 48 52 53 55 58 61 63 65 s
52 1 3 6 7 8 9 13 14 18 22 23 31 32 33 34 35 37 38 40 43 44 45 46 49 50 51 56 58 60 62 63 64 65 s
53 4 5 10 15 16 17 18 19 21 22 23 24 29 34 35 36 37 40 41 43 45 46 47 50 51 54 56 57 58 59 61 63 64 s
54 1 2 3 5 7 8 9 11 13 18 19 24 27 29 30 32 36 37 38 39 40 45 48 50 53 55 57 58 59 61 62 64 s
55 4 9 16 18 20 21 23 26 29 38 40 41 44 45 51 54 56 57 59 63 64 65 s
56 2 4 5 8 9 10 13 14 17 19 20 23 24 31 32 33 37 40 41 42 43 47 50 52 53 55 58 59 60 63 64 s
57 1 2 5 6 9 10 11 14 15 18 19 20 23 26 28 30 32 33 34 35 36 37 38 39 40 41 44 45 46 47 50 53 54 55 58 60 62 63 s
58 3 5 6 9 10 11 12 14 16 19 20 24 27 29 31 33 34 35 36 39 41 43 44 48 50 51 52 53 54 56 57 59 60 63 s
59 1 2 3 7 8 10 12 13 14 15 16 19 20 21 24 27 29 30 31 36 37 38 39 41 44 45 46 49 53 54 55 56 58 60 62 63 64 s
60 2 3 4 8 10 15 16 17 19 21 24 25 27 30 35 36 37 38 39 41 45 46 47 49 52 56 57 58 59 61 65 s
61 1 3 4 7 10 11 12 13 15 19 25 27 28 29 31 32 35 39 41 44 46 47 51 53 54 60 62 64 65 s
62 4 5 7 10 11 12 15 18 19 20 22 26 28 29 31 32 34 36 37 38 39 40 41 44 45 47 48 49 52 54 57 59 61 63 s
63 1 2 4 6 8 9 11 14 17 20 22 23 25 26 27 33 37 44 45 46 49 50 51 52 53 55 56 57 58 59 62 64 s
64 3 4 5 6 7 8 9 10 12 15 17 18 20 21 22 25 26 27 28 31 32 33 34 35 36 37 38 41 48 50 52 53 54 55 56 59 61 63 s
65 1 2 6 7 9 15 18 21 22 23 25 26 28 29 30 32 34 36 37 38 39 40 41 42 43 46 47 48 49 50 51 52 55 60 61 s
