1 4 6 9 10 11 12 13 17 18 19 20 22 23 24 25 26 27 28 29 30 31 33 34 36 37 41 42 43 44 45 51 53 55 56 58 60 63 64 65 s
2 3 5 6 9 10 11 12 13 14 15 17 18 21 22 28 29 30 32 33 34 35 36 38 41 42 44 45 46 47 49 51 55 60 63 64 s
3 2 4 6 8 9 10 11 12 14 15 17 20 21 22 23 24 25 27 28 30 31 33 34 35 39 40 41 42 44 45 47 49 50 52 54 55 57 58 60 63 65 s
4 1 3 5 6 7 9 11 14 15 16 17 18 19 21 22 23 30 32 33 34 38 39 40 43 44 45 49 51 54 56 61 63 65 s
5 2 4 6 9 11 12 13 14 15 18 21 22 23 24 27 29 30 31 32 33 34 36 38 39 42 43 46 49 51 52 53 54 55 56 59 63 64 65 s
6 1 2 3 4 5 7 10 11 12 14 15 17 20 21 22 25 26 27 29 30 34 35 36 39 42 45 48 53 54 58 60 s
7 4 6 8 9 10 12 13 14 15 17 18 21 26 27 28 29 30 31 32 34 35 36 38 40 43 44 45 50 53 55 56 57 58 59 62 64 65 s
8 3 7 9 11 15 16 17 19 20 22 27 28 35 36 37 38 40 44 45 46 47 49 50 52 54 55 56 60 61 62 64 s
9 1 2 3 4 5 7 8 10 11 13 14 15 18 19 20 21 23 24 26 27 28 30 32 33 35 36 37 39 40 41 44 45 47 48 50 51 53 54 58 60 61 64 65 s
10 1 2 3 6 7 9 11 12 15 16 17 18 19 21 23 26 27 28 32 35 36 37 40 41 44 45 46 47 48 51 54 56 57 59 61 62 63 s
11 1 2 3 4 5 6 8 9 10 12 15 16 22 25 26 27 28 32 33 34 35 36 37 40 42 47 48 51 52 56 57 62 s
12 1 2 3 5 6 7 10 11 13 15 17 18 21 24 27 29 30 33 36 37 40 44 45 46 47 48 52 54 56 57 62 64 s
13 1 2 5 7 9 12 14 15 18 20 22 23 25 26 27 31 32 35 37 43 44 45 48 51 53 54 57 58 59 61 63 s
14 2 3 4 5 6 7 9 13 15 16 17 18 19 20 22 25 28 29 31 32 33 34 37 38 40 43 44 45 46 47 48 49 50 51 56 58 59 61 62 63 64 s
15 2 3 4 5 6 7 8 9 10 11 12 13 14 17 18 21 23 24 25 27 29 30 32 34 36 37 38 39 42 49 50 51 53 54 57 59 60 s
16 4 8 10 11 14 18 19 20 22 23 25 26 27 28 30 31 32 33 34 35 36 39 42 48 49 50 54 55 56 57 61 63 s
17 1 2 3 4 6 7 8 10 12 14 15 22 27 28 30 31 32 33 34 35 37 38 39 40 42 43 44 45 47 49 50 51 54 55 56 58 59 62 65 s
18 1 2 4 5 7 9 10 12 13 14 15 16 20 22 24 25 27 29 30 32 35 36 37 38 39 41 44 45 47 48 49 50 51 52 53 55 56 57 58 59 61 62 65 s
19 1 4 8 9 10 14 16 21 23 28 30 31 33 34 35 36 37 38 39 40 41 44 45 48 50 53 54 55 56 57 58 59 60 61 62 s
20 1 3 6 8 9 13 14 16 18 22 23 24 27 28 31 34 35 38 40 41 44 45 49 50 56 57 60 61 s
21 2 3 4 5 6 7 9 10 12 15 19 22 29 30 32 34 35 39 42 47 48 50 52 53 55 56 58 61 63 64 s
22 1 2 3 4 5 6 8 11 13 14 16 17 18 20 21 24 26 28 31 34 36 38 40 41 44 45 47 48 49 52 53 54 56 58 59 60 61 65 s
23 1 3 4 5 9 10 13 15 16 19 20 24 25 27 28 31 33 39 43 48 50 52 54 60 61 63 65 s
24 1 3 5 9 12 15 18 20 22 23 26 27 28 31 32 33 36 37 38 39 41 42 44 46 47 49 50 51 52 53 54 55 56 57 58 64 65 s
25 1 3 6 11 13 14 15 16 18 23 28 29 30 32 34 35 36 37 38 40 42 43 45 46 47 48 49 55 56 57 58 59 60 61 65 s
26 1 6 7 9 10 11 13 16 22 24 27 29 36 41 42 44 45 46 48 55 58 60 61 62 65 s
27 1 3 5 6 7 8 9 10 11 12 13 15 16 17 18 20 23 24 26 29 30 32 33 34 37 38 39 44 46 47 48 49 55 58 60 62 63 64 s
28 1 2 3 7 8 9 10 11 14 16 17 19 20 22 23 24 25 29 31 32 34 35 36 38 39 40 42 44 47 48 50 55 58 60 62 s
29 1 2 5 6 7 12 14 15 18 21 25 26 27 28 33 34 36 37 38 39 42 44 45 47 48 50 51 52 53 54 55 56 57 61 s
30 1 2 3 4 5 6 7 9 12 15 16 17 18 19 21 25 27 33 35 37 38 39 40 43 44 46 47 49 50 52 53 54 56 57 62 65 s
31 1 3 5 7 13 14 16 17 19 20 22 23 24 28 33 34 35 36 38 39 47 51 52 53 54 55 56 57 59 60 62 63 64 65 s
32 2 4 5 7 9 10 11 13 14 15 16 17 18 21 24 25 27 28 33 35 39 41 42 48 51 53 54 55 62 64 65 s
33 1 2 3 4 5 9 11 12 14 16 17 19 23 24 27 29 30 31 32 35 36 37 39 40 44 45 47 48 49 51 52 53 54 55 60 62 63 64 s
34 1 2 3 4 5 6 7 11 14 15 16 17 19 20 21 22 25 27 28 29 31 35 36 37 40 43 48 49 51 53 54 55 56 57 58 59 60 62 63 65 s
35 2 3 6 7 8 9 10 11 13 16 17 18 19 20 21 25 28 30 31 32 33 34 40 41 42 43 44 48 55 56 57 58 59 s
36 1 2 5 6 7 8 9 10 11 12 15 16 18 19 22 24 25 26 28 29 31 33 34 38 44 45 46 47 48 51 52 54 55 57 58 61 65 s
37 1 8 9 10 11 12 13 14 15 17 18 19 24 25 27 29 30 33 34 38 40 41 43 45 46 50 52 53 56 58 60 61 65 s
38 2 4 5 7 8 14 15 17 18 19 20 22 24 25 27 28 29 30 31 36 37 40 43 44 45 46 50 51 52 53 54 55 56 59 60 61 62 s
39 3 4 5 6 9 15 16 17 18 19 21 23 24 27 28 29 30 31 32 33 40 41 44 48 50 51 52 54 56 57 58 59 60 62 s
40 3 4 7 8 9 10 11 12 14 17 19 20 22 25 28 30 33 34 35 37 38 39 41 42 44 47 49 51 52 55 57 59 60 63 64 s
41 1 2 3 9 10 18 19 20 22 24 26 32 35 37 39 40 44 45 47 49 50 51 52 53 54 56 57 59 61 63 64 s
42 1 2 3 5 6 11 15 16 17 21 24 25 26 28 29 32 35 40 46 47 51 52 53 56 58 60 61 62 65 s
43 1 4 5 7 13 14 17 23 25 30 34 35 37 38 49 51 52 53 56 58 59 65 s
44 1 2 3 4 7 8 9 10 12 13 14 17 18 19 20 22 24 26 27 28 29 30 33 35 36 38 39 40 41 45 47 48 50 51 54 55 56 58 59 60 63 s
45 1 2 3 4 6 7 8 9 10 12 13 14 17 18 19 20 22 25 26 29 33 36 37 38 41 44 46 47 50 51 52 56 57 59 61 62 64 s
46 2 5 8 10 12 14 24 25 26 27 30 36 37 38 42 45 48 51 54 60 61 62 65 s
47 2 3 8 9 10 11 12 14 17 18 21 22 24 25 27 28 29 30 31 33 36 40 41 42 44 45 48 51 58 59 61 63 s
48 6 9 10 11 12 13 14 16 18 19 21 22 23 25 26 27 28 29 32 33 34 35 36 39 44 46 47 49 50 54 55 60 61 62 65 s
49 2 3 4 5 8 14 15 16 17 18 20 22 24 25 27 30 33 34 40 41 43 48 51 53 55 56 60 61 63 s
50 3 7 8 9 14 15 16 17 18 19 20 21 23 24 28 29 30 37 38 39 41 44 45 48 51 53 57 58 60 61 63 64 s
51 1 2 4 5 9 10 11 13 14 15 17 18 24 29 31 32 33 34 36 38 39 40 41 42 43 44 45 46 47 49 50 52 53 54 55 59 60 61 62 63 64 65 s
52 3 5 8 11 12 18 21 22 23 24 29 30 31 33 36 37 38 39 40 41 42 43 45 51 53 57 58 59 60 61 62 65 s
53 1 5 6 7 9 13 15 18 19 21 22 24 29 30 31 32 33 34 37 38 41 42 43 49 50 51 52 54 55 56 57 59 61 63 64 65 s
54 3 4 5 6 8 9 10 12 13 15 16 17 19 22 23 24 29 30 31 32 33 34 36 38 39 41 44 46 48 51 53 55 57 60 62 63 64 65 s
55 1 2 3 5 7 8 16 17 18 19 21 24 25 26 27 28 29 31 32 33 34 35 36 38 40 44 48 49 51 53 54 57 58 64 65 s
56 1 4 5 7 8 10 11 12 14 16 17 18 19 20 21 22 24 25 29 30 31 34 35 37 38 39 41 42 43 44 45 49 53 62 63 s
57 3 7 10 11 12 13 15 16 18 19 20 24 25 29 30 31 34 35 36 39 40 41 45 50 52 53 54 55 58 60 61 62 63 s
58 1 3 6 7 9 13 14 17 18 19 21 22 24 25 26 27 28 34 35 36 37 39 42 43 44 47 50 52 55 57 60 61 62 64 65 s
59 5 7 10 13 14 15 17 18 19 22 25 31 34 35 38 39 40 41 43 44 45 47 51 52 53 60 64 65 s
60 1 2 3 6 8 9 15 19 20 22 23 25 26 27 28 31 33 34 37 38 39 40 42 44 46 48 49 50 51 52 54 57 58 59 61 63 64 65 s
61 4 8 9 10 13 14 16 18 19 20 21 22 23 25 26 29 36 37 38 41 42 45 46 47 48 49 50 51 52 53 57 58 60 s
62 7 8 10 11 12 14 17 18 19 26 27 28 30 31 32 33 34 38 39 42 45 46 48 51 52 54 56 57 58 63 s
63 1 2 3 4 5 10 13 14 16 21 23 27 31 33 34 40 41 44 47 49 50 51 53 54 56 57 60 62 65 s
64 1 2 5 7 8 9 12 14 21 24 27 31 32 33 40 41 45 50 51 53 54 55 58 59 60 65 s
65 1 3 4 5 7 9 17 18 22 23 24 25 26 30 31 32 34 36 37 42 43 46 48 51 52 53 54 55 58 59 60 63 64 s
