1 2 3 7 9 10 14 15 17 20 23 25 26 27 30 32 37 43 44 54 58 60 62 63 64 s
2 1 5 7 10 13 15 16 22 27 29 30 31 32 34 36 44 46 47 49 50 52 54 56 58 63 65 s
3 1 5 9 10 18 20 21 23 24 25 27 31 35 36 42 43 47 49 50 52 54 56 59 60 61 63 64 s
4 5 8 11 15 16 17 18 22 23 25 26 27 28 29 35 37 38 39 40 41 42 43 45 47 48 49 51 52 53 60 61 64 s
5 2 3 4 6 12 15 20 21 23 25 26 28 29 30 32 35 36 37 41 42 43 45 46 47 48 49 53 55 58 59 60 61 64 s
6 5 9 10 12 18 21 25 26 27 28 30 32 33 34 35 37 40 46 47 50 51 52 53 54 55 59 61 64 65 s
7 1 2 9 14 15 16 17 18 19 20 21 22 23 24 25 26 27 28 29 30 31 34 35 37 38 39 41 49 53 55 57 59 60 62 64 65 s
8 4 9 11 13 14 19 20 21 24 26 30 32 34 37 38 39 40 46 47 48 51 52 54 56 64 s
9 1 3 6 7 8 12 14 18 20 21 22 23 25 31 33 34 36 39 41 44 45 46 48 51 52 53 54 55 58 59 60 62 63 64 65 s
10 1 2 3 6 13 14 15 16 18 21 23 24 29 30 32 33 34 39 41 42 47 49 51 54 57 59 61 63 64 s
11 4 8 13 14 17 18 25 27 30 31 33 35 36 38 39 44 45 46 57 58 59 60 61 63 s
12 5 6 9 13 14 15 16 17 20 23 25 26 27 32 33 34 35 36 37 39 41 43 45 46 48 49 51 52 55 56 58 59 60 63 s
13 2 8 10 11 12 14 16 21 23 24 27 29 30 31 32 33 35 36 37 38 39 41 42 43 45 48 51 52 53 54 57 58 61 63 64 s
14 1 7 8 9 10 11 12 13 15 17 19 30 31 32 34 35 37 39 41 42 45 46 47 48 49 50 53 54 55 58 62 64 65 s
15 1 2 4 5 7 10 12 14 16 20 22 25 26 27 28 29 33 34 35 36 37 38 39 42 44 45 46 48 50 51 54 55 57 60 61 63 64 s
16 2 4 7 10 12 13 15 17 19 20 23 24 26 27 28 32 36 37 38 39 40 41 42 45 46 50 51 52 53 55 56 60 s
17 1 4 7 11 12 14 16 18 20 24 27 28 30 34 36 37 39 40 41 43 45 46 48 49 51 53 54 55 56 57 58 59 60 62 63 65 s
18 3 4 6 7 9 10 11 17 22 23 24 26 27 29 30 31 32 34 35 37 39 40 42 44 45 47 50 51 53 57 58 65 s
19 7 8 14 16 21 22 26 29 30 32 33 35 37 39 41 43 45 46 47 49 50 51 53 54 58 59 63 65 s
20 1 3 5 7 8 9 12 15 16 17 21 27 32 33 34 35 36 37 40 41 44 45 46 47 48 49 51 59 64 s
21 3 5 6 7 8 9 10 13 19 20 23 25 26 27 28 29 30 32 33 36 37 39 44 45 46 49 50 51 52 57 59 61 62 63 64 65 s
22 2 4 7 9 15 18 19 23 29 30 35 36 37 39 40 41 42 48 49 56 59 60 62 63 64 s
23 1 3 4 5 7 9 10 12 13 16 18 21 22 24 25 28 30 31 32 33 34 38 40 41 42 43 47 49 51 52 54 56 57 58 59 64 s
24 3 7 8 10 13 16 17 18 23 26 28 29 30 33 34 40 41 43 44 47 51 55 56 57 59 60 61 64 65 s
25 1 3 4 5 6 7 9 11 12 15 21 23 27 28 29 30 31 32 33 35 36 38 41 42 43 47 49 50 51 54 56 60 61 62 63 s
26 1 4 5 6 7 8 12 15 16 18 19 21 24 27 29 32 33 35 37 39 41 42 45 46 49 52 53 56 58 59 60 62 64 s
27 1 2 3 4 6 7 11 12 13 15 16 17 18 20 21 25 26 28 30 34 35 38 46 49 50 51 53 54 58 60 61 63 65 s
28 4 5 6 7 15 16 17 21 23 24 25 27 29 31 32 33 34 35 37 39 43 44 46 48 50 52 53 55 56 59 62 64 65 s
29 2 4 5 7 10 13 15 18 19 21 22 24 25 26 28 33 34 36 37 38 39 41 43 45 46 51 52 53 54 55 57 59 60 61 62 63 65 s
30 1 2 5 6 7 8 10 11 13 14 17 18 19 21 22 23 24 25 27 32 34 35 39 41 44 45 48 50 52 54 55 57 58 59 62 s
31 2 3 7 9 11 13 14 18 23 25 28 33 34 42 43 44 47 50 51 52 56 58 59 60 63 65 s
32 1 2 5 6 8 10 12 13 14 16 18 19 20 21 23 25 26 28 30 33 37 40 42 43 44 45 46 47 48 49 52 53 55 56 61 63 64 s
33 6 9 10 11 12 13 15 19 20 21 23 24 25 26 28 29 31 32 37 40 41 42 43 50 53 54 57 59 60 63 s
34 2 6 7 8 9 10 12 14 15 17 18 20 23 24 27 28 29 30 31 36 37 38 40 43 44 49 53 56 58 60 61 65 s
35 3 4 5 6 7 11 12 13 14 15 18 19 20 22 25 26 27 28 30 39 40 43 44 45 46 47 50 51 52 55 s
36 2 3 5 9 11 12 13 15 16 17 20 21 22 25 29 34 38 40 41 43 45 46 55 56 57 58 59 60 65 s
37 1 4 5 6 7 8 12 13 14 15 16 17 18 19 20 21 22 26 28 29 32 33 34 38 39 40 41 42 44 46 51 52 53 56 58 59 60 61 62 64 s
38 4 7 8 11 13 15 16 23 25 27 29 34 36 37 40 41 43 45 46 47 50 53 54 56 57 58 60 61 63 64 65 s
39 4 7 8 9 10 11 12 13 14 15 16 17 18 19 21 22 26 28 29 30 35 37 40 45 46 47 51 52 53 54 56 58 59 60 63 64 s
40 4 6 8 16 17 18 20 22 23 24 32 33 34 35 36 37 38 39 41 44 50 51 53 54 55 57 58 60 61 63 65 s
41 4 5 7 9 10 12 13 14 16 17 19 20 22 23 24 25 26 29 30 33 36 37 38 40 42 43 44 48 49 54 57 58 59 61 62 63 64 s
42 3 4 5 10 13 14 15 16 18 22 23 25 26 31 32 33 37 41 46 47 48 49 52 53 57 59 60 61 63 65 s
43 1 3 4 5 12 13 17 19 23 24 25 28 29 31 32 33 34 35 36 38 41 45 46 49 52 57 s
44 1 2 9 11 15 18 20 21 24 28 30 31 32 34 35 37 40 41 45 49 50 57 58 59 62 64 s
45 4 5 9 11 12 13 14 15 16 17 18 19 20 21 26 29 30 32 35 36 38 39 43 44 46 47 48 51 52 53 55 56 61 63 64 s
46 2 5 6 8 9 11 12 14 15 16 17 19 20 21 26 27 28 29 32 35 36 37 38 39 42 43 45 47 49 53 54 55 59 61 63 65 s
47 2 3 4 5 6 8 10 14 18 19 20 23 24 25 31 32 35 38 39 42 45 46 55 56 62 64 65 s
48 4 5 8 9 12 13 14 15 17 20 22 28 30 32 41 42 45 50 52 54 58 59 60 62 63 64 65 s
49 2 3 4 5 7 10 12 14 17 19 20 21 22 23 25 26 27 32 34 41 42 43 44 46 50 54 59 63 65 s
50 2 3 6 14 15 16 18 19 21 25 27 28 30 31 33 35 38 40 44 48 49 51 52 57 58 60 61 63 65 s
51 4 6 8 9 10 12 13 15 16 17 18 19 20 21 23 24 25 27 29 31 35 37 39 40 45 50 55 56 57 59 61 63 64 s
52 2 3 4 6 8 9 12 13 16 21 23 26 28 29 30 31 32 35 37 39 42 43 45 48 50 60 63 64 s
53 4 5 6 7 9 13 14 16 17 18 19 26 27 28 29 32 33 34 37 38 39 40 42 45 46 54 55 56 58 59 64 65 s
54 1 2 3 6 8 9 10 13 14 15 17 19 23 25 27 29 30 33 38 39 40 41 46 48 49 53 55 56 57 58 59 64 s
55 5 6 7 9 12 14 15 16 17 24 28 29 30 32 35 36 40 45 46 47 51 53 54 56 57 60 61 62 63 64 65 s
56 2 3 8 12 16 17 22 23 24 25 26 28 31 32 34 36 37 38 39 45 47 51 53 54 55 57 60 62 63 s
57 7 10 11 13 15 17 18 21 23 24 29 30 33 36 38 40 41 42 43 44 50 51 54 55 56 58 60 62 s
58 1 2 5 9 11 12 13 14 17 18 19 23 26 27 30 31 34 36 37 38 39 40 41 44 48 50 53 54 57 59 60 61 62 63 64 s
59 3 5 6 7 9 10 11 12 17 19 20 21 22 23 24 26 28 29 30 31 33 36 37 39 41 42 44 46 48 49 51 53 54 58 s
60 1 3 4 5 7 9 11 12 15 16 17 22 24 25 26 27 29 31 33 34 36 37 38 39 40 42 48 50 52 55 56 57 58 61 62 63 65 s
61 3 4 5 6 10 11 13 15 21 24 25 27 29 32 34 37 38 40 41 42 45 46 50 51 55 58 60 62 63 64 65 s
62 1 7 9 14 17 21 22 25 26 28 29 30 37 41 44 47 48 55 56 57 58 60 61 63 65 s
63 1 2 3 9 10 11 12 13 15 17 19 21 22 25 27 29 31 32 33 38 39 40 41 42 45 46 48 49 50 51 52 55 56 58 60 61 62 65 s
64 1 3 4 5 6 7 8 9 10 13 14 15 20 21 22 23 24 26 28 32 37 38 39 41 44 45 47 48 51 52 53 54 55 58 61 s
65 2 6 7 9 14 17 18 19 21 24 27 28 29 31 34 36 38 40 42 46 47 48 49 50 53 55 60 61 62 63 s
