1 2 5 13 17 18 19 20 21 22 24 25 26 31 33 37 40 41 46 49 50 51 52 58 63 67 68 69 70 s
2 1 9 10 11 12 13 20 23 25 26 29 34 35 38 49 52 53 54 55 56 61 62 63 s
3 6 7 8 11 17 21 23 36 42 43 48 52 56 62 67 69 s
4 5 6 10 13 17 19 26 27 28 31 36 37 39 42 47 55 57 61 66 67 s
5 1 4 8 10 14 22 25 29 31 41 44 49 59 60 62 64 s
6 3 4 18 21 24 26 28 31 38 41 44 50 53 58 60 62 64 65 68 70 s
7 3 9 10 11 14 16 18 24 35 38 43 51 59 60 66 s
8 3 5 13 14 18 21 33 40 45 46 48 50 51 61 63 67 70 s
9 2 7 12 14 16 23 33 40 43 45 54 56 69 s
10 2 4 5 7 11 22 30 31 32 36 39 40 42 43 53 55 56 59 61 66 70 s
11 2 3 7 10 20 24 26 27 37 42 44 50 52 53 57 60 62 68 s
12 2 9 13 14 19 22 25 29 30 31 32 34 35 42 52 54 55 63 s
13 1 2 4 8 12 22 23 29 30 34 37 44 48 51 52 53 57 61 63 68 s
14 5 7 8 9 12 19 30 33 36 40 41 50 51 54 57 58 62 70 s
15 20 24 25 26 27 28 35 44 49 50 55 58 59 60 s
16 7 9 20 23 24 25 35 37 39 41 57 58 61 64 65 67 70 s
17 1 3 4 21 23 24 26 29 39 42 43 44 52 53 54 s
18 1 6 7 8 20 27 28 36 37 42 50 51 52 57 60 70 s
19 1 4 12 14 33 39 41 42 46 48 53 54 56 62 64 68 70 s
20 1 2 11 15 16 18 21 28 33 35 45 49 52 54 56 60 63 64 65 67 s
21 1 3 6 8 17 20 22 24 25 34 35 36 38 39 43 47 49 55 60 62 70 s
22 1 5 10 12 13 21 25 26 30 31 34 43 44 58 61 64 67 s
23 2 3 9 13 16 17 25 27 29 37 38 43 55 58 59 67 69 70 s
24 1 6 7 11 15 16 17 21 26 27 37 38 39 45 50 52 53 58 63 66 67 s
25 1 2 5 12 15 16 21 22 23 28 30 31 33 36 41 47 48 52 57 61 63 65 67 70 s
26 1 2 4 6 11 15 17 22 24 34 36 37 39 40 48 49 50 56 64 67 69 s
27 4 11 15 18 23 24 28 34 37 38 40 41 45 47 53 55 56 64 67 s
28 4 6 15 18 20 25 27 29 31 35 37 38 40 45 52 54 56 67 68 70 s
29 2 5 12 13 17 23 28 30 31 32 35 44 46 48 59 s
30 10 12 13 14 22 25 29 36 40 41 42 49 62 s
31 1 4 5 6 10 12 22 25 28 29 38 42 57 60 61 64 70 s
32 10 12 29 35 38 39 40 43 44 47 49 52 54 55 61 62 66 69 s
33 1 8 9 14 19 20 25 35 37 43 45 48 49 64 67 s
34 2 12 13 21 22 26 27 38 47 56 68 69 s
35 2 7 12 15 16 20 21 28 29 32 33 36 38 42 45 46 50 53 55 56 61 62 70 s
36 3 4 10 14 18 21 25 26 30 35 37 42 44 48 60 62 s
37 1 4 11 13 16 18 23 24 26 27 28 33 36 38 39 40 41 42 45 48 53 61 63 66 68 70 s
38 2 6 7 21 23 24 27 28 31 32 34 35 37 40 49 58 68 s
39 4 10 16 17 19 21 24 26 32 37 43 46 61 66 s
40 1 8 9 10 14 26 27 28 30 32 37 38 43 44 46 49 53 54 59 64 66 67 s
41 1 5 6 14 16 19 25 27 30 37 43 44 49 51 52 58 59 64 s
42 3 4 10 11 12 17 18 19 30 31 35 36 37 43 49 56 62 64 66 67 s
43 3 7 9 10 17 21 22 23 32 33 39 40 41 42 44 48 49 52 53 54 59 67 68 69 s
44 5 6 11 13 15 17 22 29 32 36 40 41 43 46 48 59 60 61 63 70 s
45 8 9 20 24 27 28 33 35 37 48 65 70 s
46 1 8 19 29 35 39 40 44 47 48 50 51 52 55 58 59 70 s
47 4 21 25 27 32 34 46 48 50 51 52 55 58 61 63 s
48 3 8 13 19 25 26 29 33 36 37 43 44 45 46 47 49 55 56 58 62 s
49 1 2 5 15 20 21 26 30 32 33 38 40 41 42 43 48 50 55 56 59 67 s
50 1 6 8 11 14 15 18 24 26 35 46 47 49 55 62 63 64 69 70 s
51 1 7 8 13 14 18 41 46 47 55 57 59 62 66 69 70 s
52 1 2 3 11 12 13 17 18 20 24 25 28 32 41 43 46 47 54 61 63 67 s
53 2 6 10 11 13 17 19 24 27 35 37 40 43 55 63 s
54 2 9 12 14 17 19 20 28 32 40 43 52 57 60 65 66 s
55 2 4 10 12 15 21 23 27 32 35 46 47 48 49 50 51 53 56 63 64 65 66 s
56 2 3 9 10 19 20 26 27 28 34 35 42 48 49 55 57 64 s
57 4 11 13 14 16 18 25 31 51 54 56 61 62 66 68 s
58 1 6 14 15 16 22 23 24 38 41 46 47 48 64 70 s
59 5 7 10 15 23 29 40 41 43 44 46 49 51 62 63 s
60 5 6 7 11 15 18 20 21 31 36 44 54 64 s
61 2 4 8 10 13 16 22 25 31 32 35 37 39 44 47 52 57 62 64 s
62 2 3 5 6 11 14 19 21 30 32 35 36 42 48 50 51 57 59 61 s
63 1 2 8 12 13 20 24 25 37 44 47 50 52 53 55 59 65 s
64 5 6 16 19 20 22 26 27 31 33 40 41 42 50 55 56 58 60 61 65 s
65 6 16 20 25 45 54 55 63 64 66 67 s
66 4 7 10 24 32 37 39 40 42 51 54 55 57 65 70 s
67 1 3 4 8 16 20 22 23 24 25 26 27 28 33 40 42 43 49 52 65 s
68 1 6 11 13 19 28 34 37 38 43 57 69 70 s
69 1 3 9 23 26 32 34 43 50 51 68 70 s
70 1 6 8 10 14 16 18 19 21 23 25 28 31 35 37 44 45 46 50 51 58 66 68 69 s
