1 5 6 8 12 13 20 24 26 31 32 35 41 42 44 46 51 53 56 57 58 59 63 66 s
2 3 4 6 10 12 13 16 21 22 23 28 29 33 37 40 52 55 s
3 2 4 8 14 17 19 21 22 39 41 62 66 s
4 2 3 5 6 8 11 14 20 26 41 43 47 49 54 s
5 1 4 7 16 17 22 38 45 61 64 66 67 70 s
6 1 2 4 7 11 31 33 36 39 47 48 55 56 60 62 68 69 s
7 5 6 8 9 13 28 31 48 50 57 58 59 61 66 67 69 s
8 1 3 4 7 10 13 27 36 38 40 41 42 45 46 51 54 55 59 63 64 65 s
9 7 13 22 24 25 26 31 32 40 46 47 48 54 55 56 57 63 70 s
10 2 8 11 19 32 33 35 36 37 44 50 52 57 58 60 63 66 68 69 s
11 4 6 10 13 18 30 31 38 40 42 45 51 52 60 64 66 70 s
12 1 2 18 24 28 30 31 34 36 42 47 49 50 53 55 61 62 68 s
13 1 2 7 8 9 11 18 19 39 40 41 42 44 49 51 52 53 61 63 64 65 69 s
14 3 4 24 25 29 33 36 39 42 43 45 49 55 56 61 68 70 s
15 22 24 25 33 37 38 40 42 43 44 46 49 55 61 62 65 s
16 2 5 18 19 20 21 23 27 32 44 49 51 52 57 59 64 67 s
17 3 5 24 25 29 33 39 40 46 47 48 51 56 63 65 67 69 s
18 11 12 13 16 20 23 24 27 28 35 41 58 63 65 66 67 s
19 3 10 13 16 21 22 25 27 30 35 37 40 43 48 55 64 68 s
20 1 4 16 18 22 25 26 29 30 33 34 37 38 41 46 49 50 67 69 s
21 2 3 16 19 22 23 24 26 27 28 30 35 39 51 52 54 58 66 68 s
22 2 3 5 9 15 19 20 21 26 30 32 33 35 37 54 63 s
23 2 16 18 21 30 34 37 39 40 41 51 59 60 62 s
24 1 9 12 14 15 17 18 21 25 31 34 37 38 s
25 9 14 15 17 19 20 24 33 39 40 60 67 s
26 1 4 9 20 21 22 32 37 42 45 49 61 67 69 s
27 8 16 18 19 21 29 39 42 43 44 54 57 60 61 68 s
28 2 7 12 18 21 34 35 39 47 49 51 53 57 58 64 68 s
29 2 14 17 20 27 36 37 42 47 49 56 62 63 s
30 11 12 19 20 21 22 23 31 39 46 47 50 53 54 61 64 65 66 s
31 1 6 7 9 11 12 24 30 37 39 43 46 47 51 58 62 65 66 s
32 1 9 10 16 22 26 38 43 47 53 56 60 63 69 70 s
33 2 6 10 14 15 17 20 22 25 36 42 55 60 62 67 70 s
34 12 20 23 24 28 37 38 41 42 47 54 56 57 61 68 s
35 1 10 18 19 21 22 28 53 57 63 64 66 67 s
36 6 8 10 12 14 29 33 37 45 51 55 56 58 59 61 64 68 s
37 2 10 15 19 20 22 23 24 26 29 31 34 36 41 47 48 49 56 59 62 66 70 s
38 5 8 11 15 20 24 32 34 42 44 47 51 59 64 68 70 s
39 3 6 13 14 17 21 23 25 27 28 30 31 46 50 53 61 63 66 70 s
40 2 8 9 11 13 15 17 19 23 25 43 48 56 60 62 64 65 s
41 1 3 4 8 13 18 20 23 34 37 44 45 47 53 56 57 58 59 62 66 s
42 1 8 11 12 13 14 15 26 27 29 33 34 38 48 55 56 58 65 68 69 s
43 4 14 15 19 27 31 32 40 44 46 47 52 59 62 64 70 s
44 1 10 13 15 16 27 38 41 43 45 47 49 52 58 59 61 64 68 s
45 5 8 11 14 26 36 41 44 49 51 54 55 57 59 61 63 68 69 s
46 1 8 9 15 17 20 30 31 39 43 47 48 52 55 59 62 63 64 65 69 s
47 4 6 9 12 17 28 29 30 31 32 34 37 38 41 43 44 46 48 54 58 62 65 68 s
48 6 7 9 17 19 37 40 42 46 47 49 50 51 67 s
49 4 12 13 14 15 16 20 26 28 29 37 44 45 48 56 59 62 69 s
50 7 10 12 20 30 39 48 51 52 55 65 s
51 1 8 11 13 16 17 21 23 28 31 36 38 45 48 50 54 56 60 61 66 70 s
52 2 10 11 13 16 21 43 44 46 50 54 56 65 67 68 s
53 1 12 13 28 30 32 35 39 41 58 65 s
54 4 8 9 21 22 27 30 34 45 47 51 52 58 65 67 s
55 2 6 8 9 12 14 15 19 33 36 42 45 46 50 58 59 63 68 69 s
56 1 6 9 14 17 29 32 34 36 37 40 41 42 49 51 52 58 59 61 62 63 68 s
57 1 7 9 10 16 27 28 34 35 41 45 67 s
58 1 7 10 18 21 28 31 36 41 42 44 47 53 54 55 56 62 63 s
59 1 7 8 16 23 36 37 38 41 43 44 45 46 49 55 56 60 65 67 68 s
60 6 10 11 23 25 27 32 33 40 51 59 s
61 5 7 12 13 14 15 26 27 30 34 36 39 44 45 51 56 66 s
62 3 6 12 15 23 29 31 33 37 40 41 43 46 47 49 56 58 65 68 70 s
63 1 8 9 10 13 17 18 22 29 32 35 39 45 46 55 56 58 64 s
64 5 8 11 13 16 19 28 30 35 36 38 40 43 44 46 63 65 67 70 s
65 8 13 15 17 18 30 31 40 42 46 47 50 52 53 54 59 62 64 s
66 1 3 5 7 10 11 18 21 30 31 35 37 39 41 51 61 70 s
67 5 7 16 17 18 20 25 26 33 35 48 52 54 57 59 64 68 69 s
68 6 10 12 14 19 21 27 28 34 36 38 42 44 45 47 52 55 56 59 62 67 69 70 s
69 6 7 10 13 17 20 26 32 42 45 46 49 55 67 68 s
70 5 9 11 14 32 33 37 38 39 43 51 62 64 66 68 s
