1 5 7 10 13 14 18 24 26 32 34 39 43 44 45 54 55 61 64 65 66 70 s
2 5 7 9 12 13 16 17 22 27 32 33 35 44 45 46 48 57 58 60 61 66 s
3 6 8 13 15 18 22 27 30 31 32 33 35 38 39 40 44 51 52 54 55 56 59 63 64 66 s
4 6 8 11 16 22 23 24 29 30 33 37 39 40 42 44 47 48 49 67 68 s
5 1 2 9 11 13 14 17 18 21 24 32 33 34 35 38 45 46 57 59 61 65 66 67 68 s
6 3 4 9 11 15 16 19 20 22 26 27 28 32 33 47 51 52 53 55 57 59 69 s
7 1 2 10 15 19 24 25 26 27 28 29 34 49 56 65 68 70 s
8 3 4 11 12 15 20 21 22 24 34 38 39 49 50 52 69 s
9 2 5 6 10 11 13 17 18 21 22 25 34 38 46 52 57 58 61 63 65 67 69 s
10 1 7 9 12 16 17 19 23 33 34 37 40 43 46 49 58 60 67 68 70 s
11 4 5 6 8 9 12 15 16 17 18 23 26 29 30 33 55 62 68 s
12 2 8 10 11 13 14 16 26 39 41 46 49 50 53 58 67 s
13 1 2 3 5 9 12 14 22 23 24 25 32 35 36 38 41 45 53 62 65 66 68 69 s
14 1 5 12 13 17 28 34 35 37 42 50 56 57 58 62 67 s
15 3 6 7 8 11 19 22 37 39 40 45 50 53 58 59 62 69 s
16 2 4 6 10 11 12 17 19 25 26 38 49 53 57 61 63 69 s
17 2 5 9 10 11 14 16 18 20 28 29 35 40 44 46 47 52 61 66 67 s
18 1 3 5 9 11 17 19 23 26 29 52 56 68 s
19 6 7 10 15 16 18 26 27 32 37 42 47 48 64 65 67 68 s
20 6 8 17 23 29 30 34 35 59 61 62 66 s
21 5 8 9 27 28 37 38 48 55 56 69 70 s
22 2 3 4 6 8 9 13 15 31 34 39 43 46 51 59 60 61 67 s
23 4 10 11 13 18 20 24 25 27 29 34 37 39 44 45 46 48 52 56 61 63 65 70 s
24 1 4 5 7 8 13 23 25 29 38 39 42 43 46 49 51 55 60 63 64 70 s
25 7 9 13 16 23 24 27 28 30 31 35 37 45 49 50 51 53 58 67 s
26 1 6 7 11 12 16 18 19 31 33 34 36 37 39 46 53 57 58 61 65 66 68 69 s
27 2 3 6 7 19 21 23 25 29 37 53 54 56 62 63 68 s
28 6 7 14 17 21 25 29 31 36 41 42 46 49 53 54 60 62 63 67 68 69 s
29 4 7 11 17 18 20 23 24 27 28 30 35 37 41 43 49 50 51 52 61 64 s
30 3 4 11 20 25 29 31 41 44 48 49 56 57 59 64 65 68 s
31 3 22 25 26 28 30 37 40 45 47 49 54 56 59 61 66 s
32 1 2 3 5 6 13 19 38 41 45 47 48 58 60 63 65 66 69 s
33 2 3 4 5 6 10 11 26 34 35 40 41 49 52 55 62 64 65 66 68 70 s
34 1 5 7 8 9 10 14 20 22 23 26 33 36 38 52 54 55 56 57 59 60 66 67 70 s
35 2 3 5 13 14 17 20 25 29 33 42 43 46 48 53 59 63 66 68 69 s
36 13 26 28 34 40 42 49 51 52 54 56 57 s
37 4 10 14 15 19 21 23 25 26 27 29 31 49 55 62 66 69 70 s
38 3 5 8 9 13 16 21 24 32 34 39 45 51 52 53 54 60 63 65 66 s
39 1 3 4 8 12 15 22 23 24 26 38 44 46 48 50 55 64 68 70 s
40 3 4 10 15 17 31 33 36 42 43 48 51 52 57 61 s
41 12 13 28 29 30 32 33 43 44 46 52 53 57 58 62 64 65 66 69 s
42 4 14 19 24 28 35 36 40 43 46 47 48 49 55 57 61 65 68 69 s
43 1 10 22 24 29 35 40 41 42 46 48 50 51 53 59 64 68 69 70 s
44 1 2 3 4 17 23 30 39 41 47 48 51 57 58 70 s
45 1 2 5 13 15 23 25 31 32 38 49 57 59 s
46 2 5 9 10 12 17 22 23 24 26 28 35 39 41 42 43 47 48 59 61 63 67 68 69 s
47 4 6 17 19 31 32 42 44 46 59 60 61 64 65 68 s
48 2 4 19 21 23 30 32 35 39 40 42 43 44 46 52 54 58 59 63 64 65 67 70 s
49 4 7 8 10 12 16 24 25 28 29 30 31 33 36 37 42 45 56 62 63 67 69 s
50 8 12 14 15 25 29 39 43 57 64 68 69 70 s
51 3 6 22 24 25 29 36 38 40 43 44 52 56 62 63 70 s
52 3 6 8 9 17 18 23 29 33 34 36 38 40 41 48 51 54 60 64 69 s
53 6 12 13 15 16 25 26 27 28 35 38 41 43 55 56 57 62 63 70 s
54 1 3 27 28 31 34 36 38 48 52 56 59 67 68 s
55 1 3 6 11 21 24 33 34 37 39 42 53 56 68 70 s
56 3 7 14 18 21 23 27 30 31 34 36 49 51 53 54 55 60 62 64 s
57 2 5 6 9 14 16 26 30 34 36 40 41 42 44 45 50 53 63 64 65 67 70 s
58 2 9 10 12 14 15 25 26 32 41 44 48 61 63 67 s
59 3 5 6 15 20 22 30 31 34 35 43 45 46 47 48 54 63 69 s
60 2 10 22 24 28 32 34 38 47 52 56 64 65 66 70 s
61 1 2 5 9 16 17 20 22 23 26 29 31 40 42 46 47 58 62 63 64 65 67 70 s
62 11 13 14 15 20 27 28 33 37 41 49 51 53 56 61 63 68 s
63 3 9 16 23 24 27 28 32 35 38 46 48 49 51 53 57 58 59 61 62 s
64 1 3 19 24 29 30 33 39 41 43 47 48 50 52 56 57 60 61 68 s
65 1 5 7 9 13 19 23 26 30 32 33 38 41 42 47 48 57 60 61 66 69 s
66 1 2 3 5 13 17 20 26 31 32 33 34 35 37 38 41 60 65 69 70 s
67 4 5 9 10 12 14 17 19 22 25 28 34 46 48 49 54 57 58 61 68 s
68 4 5 7 10 11 13 18 19 26 27 28 30 33 35 39 42 43 46 47 50 54 55 62 64 67 70 s
69 6 8 9 13 15 16 21 26 28 32 35 37 41 42 43 46 49 50 52 59 65 66 s
70 1 7 10 21 23 24 33 34 37 39 43 44 48 50 51 53 55 57 60 61 66 68 s
