1 3 11 12 16 17 22 24 28 29 30 32 36 39 40 41 42 44 57 59 61 62 68 s
2 6 8 11 12 14 15 16 18 20 21 22 31 34 36 38 41 42 50 52 54 56 58 67 68 s
3 1 4 8 10 12 13 14 19 24 28 31 36 39 45 47 51 54 63 65 68 69 s
4 3 6 7 8 9 10 11 17 18 19 21 25 26 27 28 29 34 37 38 49 50 51 60 62 63 64 67 68 70 s
5 6 8 17 20 27 31 34 39 40 47 48 51 54 56 59 61 62 s
6 2 4 5 7 12 14 18 27 34 39 40 42 43 45 51 56 58 60 65 66 s
7 4 6 12 16 23 27 28 36 37 38 39 40 48 49 57 58 63 65 66 68 s
8 2 3 4 5 9 13 14 17 19 25 30 31 32 34 35 42 45 52 54 57 62 67 68 70 s
9 4 8 12 13 15 17 18 21 23 26 28 30 34 39 40 41 44 48 49 50 53 58 61 64 70 s
10 3 4 17 20 24 27 28 31 36 37 38 39 45 53 56 57 63 67 68 s
11 1 2 4 17 19 31 36 42 44 51 52 55 62 69 s
12 1 2 3 6 7 9 17 20 21 28 29 30 33 36 38 48 52 60 61 64 67 s
13 3 8 9 15 18 21 27 29 30 31 32 35 41 43 44 47 48 54 56 57 s
14 2 3 6 8 18 19 20 24 29 33 34 40 45 52 58 62 63 s
15 2 9 13 16 17 18 24 25 26 30 38 42 45 48 58 61 63 64 68 s
16 1 2 7 15 17 21 26 27 31 34 35 36 39 45 47 48 57 59 60 64 65 67 69 s
17 1 4 5 8 9 10 11 12 15 16 18 23 28 32 33 40 41 43 47 53 55 58 60 63 66 s
18 2 4 6 9 13 14 15 17 20 22 24 25 29 32 35 39 40 43 49 54 62 64 69 s
19 3 4 8 11 14 20 21 24 30 38 39 41 48 55 57 69 s
20 2 5 10 12 14 18 19 28 34 36 47 48 51 52 59 61 64 66 69 s
21 2 4 9 12 13 16 19 22 30 37 41 42 45 47 51 59 64 68 s
22 1 2 18 21 26 31 37 41 46 51 60 61 62 66 67 68 70 s
23 7 9 17 29 33 43 44 46 48 49 54 55 57 60 s
24 1 3 10 14 15 18 19 26 30 32 38 40 41 46 47 48 52 53 55 56 59 63 70 s
25 4 8 15 18 27 43 45 53 57 61 62 65 67 68 s
26 4 9 15 16 22 24 27 28 39 40 48 49 52 53 58 64 s
27 4 5 6 7 10 13 16 25 26 29 31 35 36 37 39 45 46 47 51 56 59 s
28 1 3 4 7 9 10 12 17 20 26 29 31 43 48 51 54 55 56 57 58 60 63 64 69 s
29 1 4 12 13 14 18 23 27 28 30 31 34 37 39 45 47 52 56 58 61 64 66 68 70 s
30 1 8 9 12 13 15 19 21 24 29 32 34 44 46 56 60 61 68 s
31 2 3 5 8 10 11 13 16 22 27 28 29 33 36 43 44 49 50 53 63 65 67 68 s
32 1 8 13 17 18 24 30 36 37 39 40 42 49 52 55 56 58 65 67 s
33 12 14 17 23 31 34 37 39 40 43 44 57 58 s
34 2 4 5 6 8 9 14 16 20 29 30 33 37 41 42 43 44 47 50 51 58 60 62 63 69 s
35 8 13 16 18 27 37 43 44 48 57 58 65 s
36 1 2 3 7 10 11 12 16 20 27 31 32 42 49 50 52 67 s
37 4 7 10 21 22 27 29 32 33 34 35 38 46 47 50 51 53 59 62 63 67 69 s
38 2 4 7 10 12 15 19 24 37 40 42 53 58 60 62 68 69 s
39 1 3 5 6 7 9 10 16 18 19 26 27 29 32 33 41 48 56 58 62 63 s
40 1 5 6 7 9 14 17 18 24 26 32 33 38 42 44 45 50 51 52 57 58 61 68 s
41 1 2 9 13 17 19 21 22 24 34 39 45 49 51 52 62 70 s
42 1 2 6 8 11 15 21 32 34 36 38 40 43 46 49 51 52 56 61 69 s
43 6 13 17 18 23 25 28 31 33 34 35 42 46 52 63 65 66 67 s
44 1 9 11 13 23 30 31 33 34 35 40 52 59 66 69 s
45 3 6 8 10 14 15 16 21 25 27 29 40 41 47 55 58 60 61 62 63 65 70 s
46 22 23 24 27 30 37 42 43 51 55 57 59 63 64 66 s
47 3 5 13 16 17 20 21 24 27 29 34 37 45 52 53 56 s
48 5 7 9 12 13 15 16 19 20 23 24 26 28 35 39 49 53 54 57 61 63 64 s
49 4 7 9 18 23 26 31 32 36 41 42 48 51 55 56 62 s
50 2 4 9 31 34 36 37 40 54 58 63 65 s
51 3 4 5 6 11 20 21 22 27 28 34 37 40 41 42 46 49 55 65 66 69 70 s
52 2 8 11 12 14 20 24 26 29 32 36 40 41 42 43 44 47 64 66 70 s
53 9 10 17 24 25 26 31 37 38 47 48 56 57 59 67 68 s
54 2 3 5 8 13 18 23 28 48 50 56 59 62 s
55 11 17 19 23 24 28 32 45 46 49 51 57 66 s
56 2 5 6 10 13 24 27 28 29 30 32 39 42 47 49 53 54 58 59 65 70 s
57 1 7 8 10 13 16 19 23 25 28 33 35 40 46 48 53 55 58 66 67 68 s
58 2 6 7 9 14 15 17 26 28 29 32 33 34 35 38 39 40 45 50 56 57 60 61 66 68 s
59 1 5 16 20 21 24 27 37 44 46 53 54 56 63 s
60 4 6 12 16 17 22 23 28 30 34 38 45 58 67 69 s
61 1 5 9 12 15 20 22 25 29 30 40 42 45 48 58 62 s
62 1 4 5 8 11 14 18 22 25 34 37 38 39 41 45 49 54 61 63 64 67 68 s
63 3 4 7 10 14 15 17 24 28 31 34 37 39 43 45 46 48 50 59 62 s
64 4 9 12 15 16 18 20 21 26 28 29 46 48 52 62 67 68 s
65 3 6 7 16 25 31 32 35 43 45 50 51 56 66 s
66 6 7 17 20 22 29 43 44 46 51 52 55 57 58 65 68 70 s
67 2 4 8 10 12 16 22 25 31 32 36 37 43 53 57 60 62 64 s
68 1 2 3 4 7 8 10 15 21 22 25 29 30 31 38 40 53 57 58 62 64 66 s
69 3 11 16 18 19 20 28 34 37 38 42 44 51 60 s
70 4 8 9 22 24 29 41 45 51 52 56 66 s
