1 4 6 19 20 23 36 37 46 48 50 53 63 68 s
2 3 10 18 23 24 25 34 39 41 42 45 47 52 54 57 58 70 s
3 2 12 16 21 26 28 30 33 36 38 45 49 55 56 68 69 s
4 1 5 9 12 17 21 26 27 29 35 37 38 41 42 51 53 55 57 60 66 68 s
5 4 10 18 19 27 28 31 33 38 41 44 48 54 60 62 67 s
6 1 8 13 14 15 18 19 28 34 38 39 40 44 45 49 50 52 59 64 65 s
7 9 12 17 19 20 21 24 37 39 42 47 49 52 58 61 63 66 67 70 s
8 6 13 19 21 30 33 34 39 43 48 52 54 61 67 s
9 4 7 10 11 12 15 23 26 30 43 48 49 58 59 63 66 68 69 s
10 2 5 9 14 19 22 24 27 30 31 37 39 49 64 s
11 9 15 19 20 22 23 24 26 29 37 42 46 51 52 54 59 62 s
12 3 4 7 9 14 17 19 20 22 25 26 32 36 51 53 56 68 69 s
13 6 8 18 21 22 24 28 29 30 32 38 39 44 46 47 53 61 62 63 66 s
14 6 10 12 21 26 29 33 35 43 46 47 48 56 57 58 63 67 s
15 6 9 11 16 18 20 26 35 41 43 45 47 57 61 63 64 65 66 68 s
16 3 15 17 24 26 27 37 40 41 42 49 51 58 60 62 66 s
17 4 7 12 16 25 33 34 36 46 48 60 62 63 68 s
18 2 5 6 13 15 24 29 33 34 37 46 49 54 55 57 60 67 69 s
19 1 5 6 7 8 10 11 12 26 29 31 35 42 43 45 46 50 54 s
20 1 7 11 12 15 32 37 46 48 50 51 53 54 58 62 64 68 s
21 3 4 7 8 13 14 22 25 27 32 37 38 39 42 45 49 51 56 58 62 65 70 s
22 10 11 12 13 21 23 26 27 31 37 39 41 45 47 48 62 65 s
23 1 2 9 11 22 26 27 28 34 36 38 40 49 53 54 58 s
24 2 7 10 11 13 16 18 28 34 40 44 45 49 58 64 69 s
25 2 12 17 21 27 38 39 40 43 51 57 63 66 s
26 3 4 9 11 12 14 15 16 19 22 23 31 33 55 56 61 62 67 s
27 4 5 10 16 21 22 23 25 35 36 37 38 39 40 41 46 54 55 57 61 62 66 67 70 s
28 3 5 6 13 23 24 29 41 42 43 49 52 67 68 70 s
29 4 11 13 14 18 19 28 32 40 42 46 48 58 60 62 63 65 67 68 s
30 3 8 9 10 13 32 33 34 36 37 43 49 51 55 58 59 63 68 s
31 5 10 19 22 26 32 34 40 42 44 47 52 54 55 58 59 61 69 s
32 12 13 20 21 29 30 31 33 40 48 s
33 3 5 8 14 17 18 26 30 32 37 43 45 50 53 54 55 61 63 66 67 68 s
34 2 6 8 17 18 23 24 30 31 37 40 45 53 56 58 60 65 66 67 70 s
35 4 14 15 19 27 39 41 42 45 54 56 63 68 s
36 1 3 12 17 23 27 30 37 46 47 60 66 67 s
37 1 4 7 10 11 16 18 20 21 22 27 30 33 34 36 47 53 58 60 61 63 67 s
38 3 4 5 6 13 21 23 25 27 43 55 57 70 s
39 2 6 7 8 10 13 21 22 25 27 35 47 51 53 59 61 69 s
40 6 16 23 24 25 27 29 31 32 34 41 49 51 54 58 67 s
41 2 4 5 15 16 22 27 28 35 40 42 51 53 63 s
42 2 4 7 11 16 19 21 28 29 31 35 41 45 63 70 s
43 8 9 14 15 19 25 28 30 33 38 44 47 60 70 s
44 5 6 13 24 31 43 47 49 51 52 53 54 65 68 69 s
45 2 3 6 15 19 21 22 24 33 34 35 42 47 48 49 55 57 58 67 68 s
46 1 11 13 14 17 18 19 20 27 29 36 47 55 58 64 66 s
47 2 7 13 14 15 22 31 36 37 39 43 44 45 46 52 54 56 57 58 61 66 68 70 s
48 1 5 8 9 14 17 20 22 29 32 45 68 70 s
49 3 6 7 9 10 16 18 21 23 24 28 30 40 44 45 53 54 59 60 61 66 68 69 70 s
50 1 6 19 20 33 57 60 61 62 67 68 69 s
51 4 11 12 16 20 21 25 30 39 40 41 44 57 59 60 63 64 s
52 2 6 7 8 11 28 31 44 47 53 55 59 64 s
53 1 4 12 13 20 23 33 34 37 39 41 44 49 52 59 64 70 s
54 2 5 8 11 18 19 20 23 27 31 33 35 40 44 47 49 58 65 70 s
55 3 4 18 26 27 30 31 33 38 45 46 52 62 63 64 65 66 69 s
56 3 12 14 21 26 34 35 47 57 60 62 66 69 70 s
57 2 4 14 15 18 25 27 38 45 47 50 51 56 61 s
58 2 7 9 14 16 20 21 23 24 29 30 31 34 37 40 45 46 47 54 62 s
59 6 9 11 30 31 39 49 51 52 53 65 68 s
60 4 5 16 17 18 29 34 36 37 43 49 50 51 56 61 63 64 s
61 7 8 13 15 26 27 31 33 37 39 47 49 50 57 60 62 70 s
62 5 11 13 16 17 20 21 22 26 27 29 50 55 56 58 61 68 s
63 1 7 9 13 14 15 17 25 29 30 33 35 37 41 42 51 55 60 67 s
64 6 10 15 20 24 46 51 52 53 55 60 65 66 69 70 s
65 6 15 21 22 29 34 44 54 55 59 64 s
66 4 7 9 13 15 16 25 27 33 34 36 46 47 49 55 56 64 69 s
67 5 7 8 14 18 26 27 28 29 33 34 36 37 40 45 50 63 70 s
68 1 3 4 9 12 15 17 20 28 29 30 33 35 44 45 47 48 49 50 59 62 s
69 3 9 12 18 24 31 39 44 49 50 55 56 64 66 s
70 2 7 21 27 28 34 38 42 43 47 48 49 53 54 56 61 64 67 s
