1 3 4 6 7 9 12 13 14 15 16 17 19 22 23 25 27 28 29 31 32 38 41 44 51 53 55 56 63 64 66 69 s
2 3 6 7 8 11 14 16 19 22 28 32 33 38 41 44 45 47 52 58 59 60 61 63 68 69 70 s
3 1 2 4 5 9 17 21 22 23 27 30 37 39 40 42 43 45 46 47 49 51 52 56 57 59 63 64 65 67 68 69 s
4 1 3 7 8 11 14 16 19 22 26 29 30 34 35 38 39 40 42 43 46 48 49 51 53 54 55 56 57 60 63 65 67 68 70 s
5 3 11 17 18 23 24 27 28 32 35 37 38 39 41 44 45 46 47 48 49 50 52 53 55 56 57 59 60 61 62 64 65 69 70 s
6 1 2 11 15 20 21 23 26 28 32 34 36 38 39 40 41 42 47 49 50 57 61 62 63 66 67 68 69 s
7 1 2 4 8 9 18 19 20 21 22 24 25 26 27 28 29 31 32 33 35 36 40 42 43 44 46 50 51 52 53 54 58 59 61 62 63 64 65 66 s
8 2 4 7 11 13 15 17 19 20 21 23 24 27 28 30 34 35 37 40 41 44 46 47 50 51 52 55 56 57 58 59 63 65 66 67 69 70 s
9 1 3 7 10 13 14 15 17 19 21 23 24 25 26 27 28 29 33 38 39 41 42 44 45 46 49 50 51 52 53 56 58 60 62 63 64 65 66 69 70 s
10 9 12 14 16 19 22 23 24 25 26 28 30 31 32 35 37 40 41 44 45 46 51 52 54 56 58 60 61 63 65 68 s
11 2 4 5 6 8 14 17 20 21 22 25 27 28 29 31 32 33 36 38 40 42 43 44 46 47 48 51 52 54 55 56 62 63 65 67 68 s
12 1 10 13 14 16 17 18 19 20 21 25 31 33 34 38 39 42 44 45 46 48 49 50 53 54 60 63 64 65 67 69 s
13 1 8 9 12 14 15 18 20 25 27 28 29 31 32 35 36 37 38 39 40 41 42 43 44 45 46 47 50 52 53 54 55 57 58 60 62 66 67 68 69 70 s
14 1 2 4 9 10 11 12 13 16 18 20 21 22 23 25 26 27 29 31 32 33 36 38 39 40 42 43 44 45 51 53 54 56 61 63 64 65 66 67 68 70 s
15 1 6 8 9 13 16 19 20 23 25 27 29 30 31 34 35 36 39 40 42 43 45 47 48 49 51 52 53 57 59 62 63 64 66 67 68 s
16 1 2 4 10 12 14 15 17 20 22 23 25 26 28 29 33 35 36 37 38 45 47 48 49 50 53 54 55 56 57 60 62 63 64 66 68 s
17 1 3 5 8 9 11 12 16 21 23 24 25 27 29 30 31 33 34 37 40 41 42 43 44 45 49 51 52 53 55 56 57 59 60 63 64 65 66 67 69 s
18 5 7 12 13 14 19 21 22 23 25 26 28 29 30 31 32 33 35 36 39 40 41 42 46 48 49 52 55 56 58 59 60 61 62 64 65 69 s
19 1 2 4 7 8 9 10 12 15 18 22 24 26 28 32 38 39 43 44 45 46 48 49 51 53 57 58 59 60 62 64 66 67 69 s
20 6 7 8 11 12 13 14 15 16 22 23 26 27 28 29 30 34 36 39 40 41 44 47 48 49 51 53 54 55 57 58 59 61 64 68 70 s
21 3 6 7 8 9 11 12 14 17 18 22 24 25 26 27 28 29 30 33 34 35 36 42 43 44 45 47 48 49 51 52 53 56 58 63 70 s
22 1 2 3 4 7 10 11 14 16 18 19 20 21 23 24 26 27 28 31 34 38 39 40 41 42 45 48 49 50 51 52 57 58 59 65 68 70 s
23 1 3 5 6 8 9 10 14 15 16 17 18 20 22 24 26 27 29 31 36 38 39 41 47 49 50 51 53 54 56 57 62 64 65 67 68 s
24 5 7 8 9 10 17 19 21 22 23 25 27 30 32 36 37 38 39 40 42 43 44 45 48 49 52 53 54 57 60 62 64 65 67 68 s
25 1 7 9 10 11 12 13 14 15 16 17 18 21 24 26 27 29 31 32 35 37 41 44 46 49 50 56 59 60 61 62 63 65 66 68 70 s
26 4 6 7 9 10 14 16 18 19 20 21 22 23 25 27 29 30 31 33 34 35 36 37 39 41 42 44 45 48 51 52 53 54 55 56 60 64 68 69 70 s
27 1 3 5 7 8 9 11 13 14 15 17 20 21 22 23 24 25 26 28 29 32 35 39 40 46 47 48 49 51 52 53 58 61 62 64 66 68 69 70 s
28 1 2 5 6 7 8 9 10 11 13 16 18 19 20 21 22 27 32 33 34 35 36 39 41 42 46 49 50 52 55 56 57 58 61 63 64 65 66 67 70 s
29 1 4 7 9 11 13 14 15 16 17 18 20 21 23 25 26 27 36 37 38 39 40 41 42 44 49 54 55 56 61 62 63 66 67 70 s
30 3 4 8 10 15 17 18 20 21 24 26 31 32 33 34 36 37 38 39 41 48 49 50 51 52 55 59 60 61 62 63 64 65 68 70 s
31 1 7 10 11 12 13 14 15 17 18 22 23 25 26 30 32 35 36 37 38 39 41 43 46 48 50 51 53 54 55 57 58 60 63 66 67 68 69 70 s
32 1 2 5 6 7 10 11 13 14 18 19 24 25 27 28 30 31 33 34 36 38 39 40 41 45 46 48 49 51 52 54 56 57 59 60 63 64 67 68 s
33 2 7 9 11 12 14 16 17 18 21 26 28 30 32 34 37 38 39 43 49 50 51 53 54 55 56 57 58 61 62 63 65 67 68 69 70 s
34 4 6 8 12 15 17 20 21 22 26 28 30 32 33 39 40 41 43 44 45 46 47 48 50 52 54 55 59 60 61 62 64 65 66 70 s
35 4 5 7 8 10 13 15 16 18 21 25 26 27 28 31 40 42 43 44 45 49 50 51 52 54 55 56 57 58 60 61 62 63 66 67 68 70 s
36 6 7 11 13 14 15 16 18 20 21 23 24 26 28 29 30 31 32 37 38 39 40 41 48 49 50 51 52 54 56 57 59 60 61 62 63 68 s
37 3 5 8 10 13 16 17 24 25 26 29 30 31 33 36 38 39 40 41 42 46 47 48 49 50 51 53 55 56 57 58 61 63 64 65 68 70 s
38 1 2 4 5 6 9 11 12 13 14 16 19 22 23 24 29 30 31 32 33 36 37 40 42 44 48 49 53 54 58 60 61 62 63 64 66 68 s
39 3 4 5 6 9 12 13 14 15 18 19 20 22 23 24 26 27 28 29 30 31 32 33 34 36 37 40 41 46 48 49 50 52 54 55 57 59 64 65 66 68 70 s
40 3 4 6 7 8 10 11 13 14 15 17 18 20 22 24 27 29 32 34 35 36 37 38 39 41 45 47 48 49 51 54 55 57 60 65 66 67 69 70 s
41 1 2 5 6 8 9 10 13 17 18 20 22 23 25 26 28 29 30 31 32 34 36 37 39 40 42 45 47 48 49 53 57 58 59 63 65 66 67 s
42 3 4 6 7 9 11 12 13 14 15 17 18 21 22 24 26 28 29 35 37 38 41 44 45 48 49 50 54 55 57 58 61 63 64 65 66 67 68 70 s
43 3 4 7 11 13 14 15 17 19 21 24 31 33 34 35 46 47 48 55 56 61 63 66 69 s
44 1 2 5 7 8 9 10 11 12 13 14 17 19 20 21 24 25 26 29 34 35 38 42 46 47 50 51 52 56 57 60 63 66 67 70 s
45 2 3 5 9 10 12 13 14 15 16 17 19 21 22 24 26 32 34 35 40 41 42 47 48 49 50 51 53 54 60 61 62 64 68 70 s
46 3 4 5 7 8 9 10 11 12 13 18 19 25 27 28 31 32 34 37 39 43 44 47 50 55 56 58 59 60 64 65 68 69 70 s
47 2 3 5 6 8 11 13 15 16 20 21 23 27 34 37 40 41 43 44 45 46 52 53 55 56 57 58 59 62 64 65 s
48 4 5 11 12 15 16 18 19 20 21 22 24 26 27 30 31 32 34 36 37 38 39 40 41 42 43 45 50 51 52 54 55 56 57 59 60 63 65 66 s
49 3 4 5 6 9 12 15 16 17 18 19 20 21 22 23 24 25 27 28 29 30 32 33 35 36 37 38 39 40 41 42 45 50 51 52 54 56 58 59 60 61 62 63 64 67 68 s
50 5 6 7 8 9 12 13 16 22 23 25 28 30 31 33 34 35 36 37 39 42 44 45 46 48 49 51 52 54 55 56 57 60 61 62 63 66 67 68 69 70 s
51 1 3 4 7 8 9 10 11 14 15 17 19 20 21 22 23 26 27 30 31 32 33 35 36 37 40 44 45 48 49 50 52 53 55 56 57 59 60 62 63 66 68 69 70 s
52 2 3 5 7 8 9 10 11 13 15 17 18 21 22 24 26 27 28 30 32 34 35 36 39 44 47 48 49 50 51 56 58 59 60 61 63 64 65 69 s
53 1 4 5 7 9 12 13 14 15 16 17 19 20 21 23 24 26 27 31 33 37 38 41 45 47 51 54 56 57 58 59 62 63 64 65 66 68 s
54 4 7 10 11 12 13 14 16 20 23 24 26 29 31 32 33 34 35 36 38 39 40 42 45 48 49 50 53 56 58 61 62 63 64 67 70 s
55 1 4 5 8 11 13 16 17 18 20 26 28 29 30 31 33 34 35 37 39 40 42 43 46 47 48 50 51 56 58 60 62 64 65 66 67 s
56 1 3 4 5 8 9 10 11 14 16 17 18 21 23 25 26 28 29 32 33 35 36 37 43 44 46 47 48 49 50 51 52 53 54 55 57 58 59 62 63 64 69 70 s
57 3 4 5 6 8 13 15 16 17 19 20 22 23 24 28 31 32 33 35 36 37 39 40 41 42 44 47 48 50 51 53 56 58 60 62 63 65 66 67 s
58 2 7 8 9 10 13 18 19 20 21 22 27 28 31 33 35 37 38 41 42 46 47 49 52 53 54 55 56 57 61 64 66 68 s
59 2 3 5 7 8 15 17 18 19 20 22 25 30 32 34 36 39 41 46 47 48 49 51 52 53 56 61 63 65 68 69 70 s
60 2 4 5 9 10 12 13 16 17 18 19 24 25 26 30 31 32 34 35 36 38 40 44 45 46 48 49 50 51 52 55 57 61 63 64 65 67 68 69 70 s
61 2 5 6 7 10 14 18 20 25 27 28 29 30 33 34 35 36 37 38 42 43 45 49 50 52 54 58 59 60 63 68 70 s
62 5 6 7 9 11 13 15 16 18 19 23 24 25 27 29 30 33 34 35 36 38 45 47 49 50 51 53 54 55 56 57 65 67 69 70 s
63 1 2 3 4 6 7 8 9 10 11 12 14 15 16 17 21 25 28 29 30 31 32 33 35 36 37 38 41 42 43 44 48 49 50 51 52 53 54 56 57 59 60 61 66 67 68 69 s
64 1 3 5 7 9 12 14 15 16 17 18 19 20 23 24 26 27 28 30 32 34 37 38 39 42 45 46 47 49 52 53 54 55 56 58 60 65 66 67 68 s
65 3 4 5 7 8 9 10 11 12 14 17 18 22 23 24 25 28 30 33 34 37 39 40 41 42 46 47 48 52 53 55 57 59 60 62 64 67 70 s
66 1 6 7 8 9 13 14 15 16 17 19 25 27 28 29 31 34 35 38 39 40 41 42 43 44 48 50 51 53 55 57 58 63 64 67 68 69 70 s
67 3 4 6 8 11 12 13 14 15 17 19 23 24 28 29 31 32 33 35 40 41 42 44 49 50 54 55 57 60 62 63 64 65 66 68 s
68 2 3 4 6 10 11 13 14 15 16 20 22 23 24 25 26 27 30 31 32 33 35 36 37 38 39 42 45 46 49 50 51 53 58 59 60 61 63 64 66 67 s
69 1 2 3 5 6 8 9 12 13 17 18 19 26 27 31 33 40 43 46 50 51 52 56 59 60 62 63 66 s
70 2 4 5 8 9 13 14 20 21 22 25 26 27 28 29 30 31 33 34 35 37 39 40 42 44 45 46 50 51 54 56 59 60 61 62 65 66 s
