1 2 6 7 8 9 12 14 15 16 17 18 19 21 22 23 24 27 29 30 33 36 40 43 44 47 48 50 51 53 57 59 61 63 66 67 70 s
2 1 3 4 6 7 8 9 11 12 15 18 20 22 24 25 33 35 37 41 42 46 47 48 49 50 51 55 57 58 60 64 66 69 s
3 2 4 5 6 7 8 9 10 11 12 16 17 19 21 22 27 28 29 32 33 34 37 38 40 43 44 45 46 51 53 54 56 60 64 65 66 67 68 70 s
4 2 3 6 9 10 11 12 21 23 24 25 29 30 32 33 38 40 41 42 43 45 48 49 51 53 56 57 61 62 63 64 66 69 s
5 3 6 8 10 14 17 20 22 23 24 27 32 36 37 39 41 42 45 51 54 55 57 59 63 64 65 67 s
6 1 2 3 4 5 8 11 14 16 17 19 20 22 23 27 28 30 32 33 34 35 37 38 42 44 45 46 47 49 51 53 54 60 61 62 63 66 67 68 69 70 s
7 1 2 3 9 10 11 12 13 14 17 19 24 26 28 30 32 36 38 42 45 46 52 54 57 59 60 61 62 63 65 66 69 s
8 1 2 3 5 6 12 15 16 19 20 21 24 28 31 32 33 38 40 43 44 45 47 50 51 52 54 55 60 62 63 64 66 67 68 69 70 s
9 1 2 3 4 7 11 15 17 18 20 22 25 28 29 30 31 33 34 35 36 37 39 40 41 42 44 46 47 48 49 50 52 53 54 55 56 58 59 62 63 65 66 67 70 s
10 3 4 5 7 11 12 16 18 21 27 32 36 37 38 40 41 42 44 45 48 51 53 55 56 57 59 63 64 65 66 69 70 s
11 2 3 4 6 7 9 10 12 13 17 18 22 24 25 27 32 36 37 39 40 41 42 43 44 45 46 47 48 50 54 55 60 61 62 64 65 67 69 s
12 1 2 3 4 7 8 10 11 14 15 16 17 19 21 22 23 27 30 31 33 34 35 36 37 39 40 42 43 44 46 53 54 55 56 57 58 59 61 63 64 65 66 69 70 s
13 7 11 14 15 17 25 26 27 28 29 31 32 33 34 35 36 37 39 42 45 47 49 50 53 55 57 59 60 62 63 64 66 70 s
14 1 5 6 7 12 13 15 16 18 19 21 23 26 27 30 31 33 36 37 39 40 45 47 48 50 51 54 56 58 59 60 62 65 67 69 70 s
15 1 2 8 9 12 13 14 17 18 19 21 24 25 28 29 30 32 33 34 35 37 38 39 42 43 44 46 47 52 53 54 55 56 58 62 65 69 s
16 1 3 6 8 10 12 14 19 20 22 25 26 27 30 31 32 33 34 35 40 41 42 44 46 47 48 49 50 52 53 54 59 62 63 65 66 67 68 69 70 s
17 1 3 5 6 7 9 11 12 13 15 18 23 24 25 26 29 30 31 32 37 42 50 51 53 54 55 62 64 65 67 68 s
18 1 2 9 10 11 14 15 17 20 21 22 23 24 25 26 27 28 29 31 33 35 36 37 38 41 42 43 44 45 46 47 48 51 53 54 56 57 58 60 61 62 68 69 s
19 1 3 6 7 8 12 14 15 16 20 21 25 30 31 35 36 38 39 40 41 44 47 50 54 56 58 60 62 66 s
20 2 5 6 8 9 16 18 19 21 22 24 28 32 33 35 37 38 39 40 42 47 49 52 54 56 57 59 60 61 62 64 68 s
21 1 3 4 8 10 12 14 15 18 19 20 22 23 24 25 26 27 30 32 34 36 39 40 41 43 46 48 49 52 53 56 59 62 63 65 67 69 s
22 1 2 3 5 6 9 11 12 16 18 20 21 23 24 25 27 30 31 32 36 38 39 41 43 44 46 48 49 52 53 55 56 57 59 61 65 66 69 70 s
23 1 4 5 6 12 14 17 18 21 22 24 25 30 32 33 36 42 44 45 46 47 48 52 53 54 55 56 61 62 63 64 66 67 s
24 1 2 4 5 7 8 11 15 17 18 20 21 22 23 27 28 29 32 33 35 36 42 44 45 46 49 50 51 52 57 59 61 66 70 s
25 2 4 9 11 13 15 16 17 18 19 21 22 23 26 28 31 32 33 34 35 38 39 41 45 48 57 58 61 68 69 70 s
26 7 13 14 16 17 18 21 25 30 31 32 33 35 39 40 42 44 46 47 48 49 53 55 59 66 67 70 s
27 1 3 5 6 10 11 12 13 14 16 18 21 22 24 28 30 31 32 34 36 37 38 40 43 45 46 49 51 54 55 57 58 62 63 67 69 s
28 3 6 7 8 9 13 15 18 20 24 25 27 29 30 31 35 36 38 39 40 42 43 44 46 55 59 60 61 62 65 66 67 68 70 s
29 1 3 4 9 13 15 17 18 24 28 30 36 38 39 47 50 51 53 54 55 57 58 60 61 62 64 65 66 67 68 s
30 1 4 6 7 9 12 14 15 16 17 19 21 22 23 26 27 28 29 31 36 37 38 40 41 47 51 53 56 58 60 62 66 68 70 s
31 8 9 12 13 14 16 17 18 19 22 25 26 27 28 30 32 34 36 38 39 40 42 46 47 53 54 56 58 60 61 62 63 64 66 67 70 s
32 3 4 5 6 7 8 10 11 13 15 16 17 20 21 22 23 24 25 26 27 31 33 34 35 37 39 40 41 46 47 53 58 59 61 62 63 65 66 67 69 s
33 1 2 3 4 6 8 9 12 13 14 15 16 18 20 23 24 25 26 32 38 41 44 45 46 48 51 52 53 55 56 57 58 60 61 62 64 65 66 67 s
34 3 6 9 12 13 15 16 21 25 27 31 32 36 40 41 45 49 50 51 53 55 56 58 60 67 69 70 s
35 2 6 9 12 13 15 16 18 19 20 24 25 26 28 32 39 43 44 47 48 50 51 52 53 55 56 57 60 61 62 63 67 68 69 70 s
36 1 5 7 9 10 11 12 13 14 18 19 21 22 23 24 27 28 29 30 31 34 38 43 44 50 52 53 54 55 56 59 60 61 65 66 67 68 70 s
37 2 3 5 6 9 10 11 12 13 14 15 17 18 20 27 30 32 41 43 44 45 47 48 50 53 55 56 58 59 60 61 62 65 67 68 s
38 3 4 6 7 8 10 15 18 19 20 22 25 27 28 29 30 31 33 36 41 43 44 46 47 50 55 57 58 60 61 62 63 64 65 66 67 68 69 70 s
39 5 9 11 12 13 14 15 19 20 21 22 25 26 28 29 31 32 35 43 44 47 48 49 51 52 53 54 55 56 59 60 62 63 64 65 68 s
40 1 3 4 8 9 10 11 12 14 16 19 20 21 26 27 28 30 31 32 34 41 42 43 45 46 47 49 51 52 53 54 57 59 61 63 67 68 69 s
41 2 4 5 9 10 11 16 18 19 21 22 25 30 32 33 34 37 38 40 42 45 47 48 49 56 57 60 61 62 64 67 69 s
42 2 4 5 6 7 9 10 11 12 13 15 16 17 18 20 23 24 26 28 31 40 41 44 48 50 52 57 58 59 60 67 68 69 70 s
43 1 3 4 8 11 12 15 18 21 22 27 28 35 36 37 38 39 40 49 50 51 53 57 58 59 64 65 66 70 s
44 1 3 6 8 9 10 11 12 15 16 18 19 22 23 24 26 28 33 35 36 37 38 39 42 45 48 49 52 53 54 57 58 62 64 66 67 68 69 70 s
45 3 4 5 6 7 8 10 11 13 14 18 23 24 25 27 33 34 37 40 41 44 48 49 50 52 53 55 56 57 58 60 63 64 65 66 69 70 s
46 2 3 6 7 9 11 12 15 16 18 21 22 23 24 26 27 28 31 32 33 38 40 47 48 49 50 51 53 56 57 58 59 60 62 63 65 66 s
47 1 2 6 8 9 11 13 14 15 16 18 19 20 23 26 29 30 31 32 35 37 38 39 40 41 46 48 49 51 52 56 58 59 61 64 65 68 s
48 1 2 4 9 10 11 14 16 18 21 22 23 25 26 33 35 37 39 41 42 44 45 46 47 51 52 57 59 60 63 66 68 70 s
49 2 4 6 9 13 16 20 21 22 24 26 27 34 39 40 41 43 44 45 46 47 50 53 56 58 59 60 62 63 64 65 66 67 69 s
50 1 2 8 9 11 13 14 16 17 19 24 29 34 35 36 37 38 42 43 45 46 49 51 54 59 61 62 63 64 66 67 68 69 70 s
51 1 2 3 4 5 6 8 10 14 17 18 24 27 29 30 33 34 35 39 40 43 46 47 48 50 52 55 56 58 59 61 62 64 65 67 69 s
52 7 8 9 15 16 20 21 22 23 24 33 35 36 39 40 42 44 45 47 48 51 56 57 61 66 70 s
53 1 3 4 6 9 10 12 13 15 16 17 18 21 22 23 26 29 30 31 32 33 34 35 36 37 39 40 43 44 45 46 49 54 55 59 60 61 64 66 68 70 s
54 3 5 6 7 8 9 11 12 14 15 16 17 18 19 20 23 27 29 31 36 39 40 44 50 53 55 56 59 60 61 63 65 67 69 70 s
55 2 5 8 9 10 11 12 13 15 17 22 23 26 27 28 29 33 34 35 36 37 38 39 45 51 53 54 56 58 60 61 s
56 3 4 9 10 12 14 15 18 19 20 21 22 23 30 31 33 34 35 36 37 39 41 45 46 47 49 51 52 54 55 57 59 60 61 63 65 67 68 69 s
57 1 2 4 5 7 10 12 13 18 20 22 24 25 27 29 33 35 38 40 41 42 43 44 45 46 48 52 56 58 59 60 64 65 66 s
58 2 9 12 14 15 18 19 25 27 29 30 31 32 33 34 37 38 42 43 44 45 46 47 49 51 55 57 60 61 62 64 65 66 68 s
59 1 5 7 9 10 12 13 14 16 20 21 22 24 26 28 32 36 37 39 40 42 43 46 47 48 49 50 51 53 54 56 57 60 61 62 64 66 67 s
60 2 3 6 7 8 11 13 14 18 19 20 28 29 30 31 33 34 35 36 37 38 39 41 42 45 46 48 49 53 54 55 56 57 58 59 63 67 68 69 70 s
61 1 4 6 7 11 12 18 20 22 23 24 25 28 29 31 32 33 35 36 37 38 40 41 47 50 51 52 53 54 55 56 58 59 62 63 64 65 66 68 s
62 4 6 7 8 9 11 13 14 15 16 17 18 19 20 21 23 27 28 29 30 31 32 33 35 37 38 39 41 44 46 49 50 51 58 59 61 63 64 65 66 67 68 s
63 1 4 5 6 7 8 9 10 12 13 16 21 23 27 31 32 35 38 39 40 45 46 48 49 50 54 56 60 61 62 65 s
64 2 3 4 5 8 10 11 12 13 17 20 23 29 31 33 38 39 41 43 44 45 47 49 50 51 53 57 58 59 61 62 65 68 70 s
65 3 5 7 9 10 11 12 14 15 16 17 21 22 28 29 32 33 36 37 38 39 43 45 46 47 49 51 54 56 57 58 61 62 63 64 67 68 69 70 s
66 1 2 3 4 6 7 8 9 10 12 13 16 19 22 23 24 26 28 29 30 31 32 33 36 38 43 44 45 46 48 49 50 52 53 57 58 59 61 62 67 69 s
67 1 3 5 6 8 9 11 14 16 17 21 23 26 27 28 29 31 32 33 34 35 36 37 38 40 41 42 44 49 50 51 54 56 59 60 62 65 66 68 69 70 s
68 3 6 8 16 17 18 20 25 28 29 30 35 36 37 38 39 40 42 44 47 48 50 53 56 58 60 61 62 64 65 67 69 s
69 2 4 6 7 8 10 11 12 14 15 16 18 21 22 25 27 32 34 35 38 40 41 42 44 45 49 50 51 54 56 60 65 66 67 68 70 s
70 1 3 6 8 9 10 12 13 14 16 22 24 25 26 28 30 31 34 35 36 38 42 43 44 45 48 50 52 53 54 60 64 65 67 69 s
