1 4 5 7 12 13 16 17 19 22 24 27 29 33 34 35 37 38 40 43 45 47 48 51 52 57 59 61 64 65 67 68 69 s
2 6 8 11 12 17 19 20 24 26 32 34 36 37 38 41 43 45 49 52 53 54 57 59 60 61 63 64 68 69 70 s
3 4 8 9 11 15 16 17 19 23 24 25 27 29 30 33 35 36 38 40 41 42 45 46 48 50 51 53 56 59 60 61 62 64 67 69 s
4 1 3 6 10 12 13 16 17 18 19 26 27 30 32 34 35 36 40 42 43 44 45 46 48 49 52 53 54 56 57 60 61 62 64 65 66 68 69 70 s
5 1 7 8 9 13 15 17 18 19 21 23 24 27 28 29 30 32 34 35 36 37 41 43 45 47 48 49 52 54 55 56 63 65 69 s
6 2 4 8 12 15 18 19 20 21 23 24 25 28 30 31 32 36 38 40 41 43 44 45 46 49 53 54 57 58 61 66 68 s
7 1 5 13 14 15 17 18 19 20 23 24 25 28 31 32 34 35 37 38 39 40 41 42 43 44 45 46 47 49 51 52 57 61 64 70 s
8 2 3 5 6 9 13 15 16 17 18 20 21 22 23 24 26 27 28 30 31 32 33 34 35 37 41 43 46 51 53 54 55 56 57 59 61 62 66 68 70 s
9 3 5 8 10 11 12 14 15 16 17 20 23 24 25 29 30 33 35 36 37 38 44 47 48 50 53 54 55 57 59 60 62 65 68 69 70 s
10 4 9 12 14 15 16 17 18 24 26 27 28 38 41 44 45 49 50 51 53 54 55 56 57 58 60 61 62 63 64 66 67 70 s
11 2 3 9 16 17 24 25 26 27 28 31 36 38 39 40 43 44 45 46 48 50 51 53 56 57 59 60 65 67 68 s
12 1 2 4 6 9 10 14 15 16 18 19 20 22 23 27 29 33 34 36 38 44 45 47 49 50 51 54 55 56 57 59 63 64 66 67 68 69 70 s
13 1 4 5 7 8 16 19 20 21 22 25 26 28 31 33 34 37 38 42 43 45 51 53 55 56 58 61 62 63 64 66 67 69 70 s
14 7 9 10 12 16 17 19 20 21 22 23 26 32 35 37 39 40 42 43 44 45 48 50 52 53 54 58 59 60 61 64 65 66 67 69 70 s
15 3 5 6 7 8 9 10 12 16 18 21 23 25 30 33 34 36 38 39 40 42 44 51 55 56 58 59 61 63 64 66 68 s
16 1 3 4 8 9 10 11 12 13 14 15 17 23 27 28 31 33 34 35 37 40 41 42 46 47 48 51 52 55 56 57 60 61 63 66 67 68 69 s
17 1 2 3 4 5 7 8 9 10 11 14 16 21 24 25 26 30 32 33 36 37 39 41 44 45 47 48 51 53 54 59 60 61 64 67 68 70 s
18 4 5 6 7 8 10 12 15 19 22 24 25 27 30 31 34 35 36 37 38 42 43 44 46 47 51 55 56 61 64 66 67 68 69 s
19 1 2 3 4 5 6 7 12 13 14 18 20 21 22 24 25 26 27 30 33 36 37 40 48 52 53 55 57 58 59 62 66 67 69 s
20 2 6 7 8 9 12 13 14 19 22 25 27 28 29 30 31 32 33 35 37 38 42 44 46 48 49 51 53 55 58 59 60 61 62 64 65 66 68 s
21 5 6 8 13 14 15 17 19 26 28 29 30 31 32 36 37 39 40 44 45 46 48 49 52 53 55 56 59 61 62 63 66 70 s
22 1 8 12 13 14 18 19 20 23 24 25 28 30 34 36 37 39 40 41 42 43 45 48 50 52 54 57 59 60 61 63 64 66 67 68 69 70 s
23 3 5 6 7 8 9 12 14 15 16 22 25 27 32 35 36 37 39 40 41 42 48 50 53 54 57 58 62 64 65 66 67 69 s
24 1 2 3 5 6 7 8 9 10 11 17 18 19 22 25 27 28 32 33 34 35 37 38 40 41 42 44 46 47 48 49 50 51 55 58 59 63 65 69 s
25 3 6 7 9 11 13 15 17 18 19 20 22 23 24 28 29 33 37 43 44 45 46 47 48 51 52 54 55 61 63 65 67 68 69 70 s
26 2 4 8 10 11 13 14 17 19 21 28 29 31 32 33 35 38 42 43 44 50 52 56 60 61 62 64 65 66 67 68 69 70 s
27 1 3 4 5 8 10 11 12 16 18 19 20 23 24 28 29 31 33 34 35 41 43 44 46 49 50 51 53 55 56 60 62 64 69 s
28 5 6 7 8 10 11 13 16 20 21 22 24 25 26 27 29 30 32 33 35 36 39 42 43 47 52 54 55 57 59 65 69 70 s
29 1 3 5 9 12 20 21 25 26 27 28 30 31 33 35 37 38 39 40 41 43 46 48 49 51 55 57 59 60 64 69 70 s
30 3 4 5 6 8 9 15 17 18 19 20 21 22 28 29 32 33 34 37 40 44 45 47 49 51 52 54 58 59 60 62 64 65 66 67 69 70 s
31 6 7 8 11 13 16 18 20 21 26 27 29 33 35 38 39 40 41 42 45 46 49 52 54 59 60 61 62 63 66 67 68 69 s
32 2 4 5 6 7 8 14 17 20 21 23 24 26 28 30 33 34 36 37 40 43 44 46 47 52 54 55 57 58 60 63 64 65 67 68 69 s
33 1 3 8 9 12 13 15 16 17 19 20 24 25 26 27 28 29 30 31 32 35 36 38 40 41 42 44 45 46 49 51 52 53 55 57 60 61 62 65 66 67 69 s
34 1 2 4 5 7 8 12 13 15 16 18 22 24 27 30 32 35 36 40 41 43 44 45 47 49 50 51 52 53 57 62 63 64 67 68 69 70 s
35 1 3 4 5 7 8 9 14 16 18 20 23 24 26 27 28 29 31 33 34 37 41 42 44 45 50 52 53 56 57 58 59 60 68 69 70 s
36 2 3 4 5 6 9 11 12 15 17 18 19 21 22 23 28 32 33 34 37 41 42 45 46 48 50 53 55 56 59 61 63 66 67 70 s
37 1 2 5 7 8 9 13 14 16 17 18 19 20 21 22 23 24 25 29 30 32 35 36 38 40 43 45 46 48 49 51 56 57 58 59 60 62 63 64 65 66 67 s
38 1 2 3 6 7 9 10 11 12 13 15 18 20 24 26 29 31 33 37 42 43 44 48 49 51 55 56 57 60 61 62 63 65 67 68 s
39 7 11 14 15 17 21 22 23 28 29 31 40 44 46 47 49 50 51 54 55 56 57 59 61 62 69 70 s
40 1 3 4 6 7 11 14 15 16 19 21 22 23 24 29 30 31 32 33 34 37 39 41 44 45 48 49 50 52 57 60 63 67 68 69 s
41 2 3 5 6 7 8 10 16 17 22 23 24 27 29 31 33 34 35 36 40 42 45 50 51 52 53 54 57 59 60 61 62 69 s
42 3 4 7 13 14 15 16 18 20 22 23 24 26 28 31 33 35 36 38 41 46 47 48 49 50 51 52 53 54 56 57 60 61 63 65 66 67 68 69 s
43 1 2 4 5 6 7 8 11 13 14 18 22 25 26 27 28 29 32 34 37 38 45 46 50 51 56 61 62 63 65 67 s
44 4 6 7 9 10 11 12 14 15 17 18 20 21 24 25 26 27 30 32 33 34 35 38 39 40 45 46 49 52 54 55 62 63 66 67 69 s
45 1 2 3 4 5 6 7 10 11 12 13 14 17 21 22 25 30 31 33 34 35 36 37 40 41 43 44 46 50 51 53 56 57 58 60 61 63 68 70 s
46 3 4 6 7 8 11 16 18 20 21 24 25 27 29 31 32 33 36 37 39 42 43 44 45 48 49 50 51 56 60 63 64 65 66 68 s
47 1 5 7 9 12 16 17 18 24 25 28 30 32 34 39 42 49 52 54 56 58 60 62 65 66 67 69 70 s
48 1 3 4 5 9 11 14 16 17 19 20 21 22 23 24 25 29 36 37 38 40 42 46 49 50 57 63 64 66 69 s
49 2 4 5 6 7 10 12 20 21 24 27 29 30 31 33 34 37 38 39 40 42 44 46 47 48 50 52 53 54 55 57 58 59 63 64 66 68 s
50 3 9 10 11 12 14 22 23 24 26 27 34 35 36 39 40 41 42 43 45 46 48 49 54 57 59 60 61 62 63 64 66 68 s
51 1 3 7 8 10 11 12 13 15 16 17 18 20 24 25 27 29 30 33 34 37 38 39 41 42 43 45 46 53 55 56 58 59 60 62 65 66 69 70 s
52 1 2 4 5 7 14 16 19 21 22 25 26 28 30 31 32 33 34 35 40 41 42 44 47 49 54 56 58 59 61 63 68 69 70 s
53 2 3 4 6 8 9 10 11 13 14 17 19 20 21 23 27 33 34 35 36 41 42 45 49 51 55 56 60 62 63 65 66 67 69 70 s
54 2 4 5 6 8 9 10 12 14 17 22 23 25 28 30 31 32 39 41 42 44 47 49 50 52 56 57 58 60 62 66 70 s
55 5 8 9 10 12 13 15 16 18 19 20 21 24 25 27 28 29 32 33 36 38 39 44 49 51 53 57 58 59 60 63 64 66 69 70 s
56 3 4 5 8 10 11 12 13 15 16 18 21 26 27 35 36 37 38 39 42 43 45 46 47 51 52 53 54 58 62 63 64 65 66 s
57 1 2 4 6 7 8 9 10 11 12 16 19 22 23 28 29 32 33 34 35 37 38 39 40 41 42 45 48 49 50 54 55 61 64 65 67 70 s
58 6 10 13 14 15 19 20 23 24 30 32 35 37 45 47 49 51 52 54 55 56 59 60 62 64 65 66 67 s
59 1 2 3 8 9 11 12 14 15 17 19 20 21 22 24 28 29 30 31 35 36 37 39 41 49 50 51 52 55 58 60 61 62 63 64 65 66 70 s
60 2 3 4 9 10 11 14 16 17 20 22 26 27 29 30 31 32 33 35 37 38 40 41 42 45 46 47 50 51 53 54 55 58 59 63 65 69 s
61 1 2 3 4 6 7 8 10 13 14 15 16 17 18 20 21 22 25 26 31 33 36 38 39 41 42 43 45 50 52 57 59 66 68 69 s
62 3 4 8 9 10 13 19 20 21 23 26 27 30 31 33 34 37 38 39 41 43 44 47 50 51 53 54 56 58 59 64 66 70 s
63 2 5 10 12 13 15 16 21 22 24 25 31 32 34 36 37 38 40 42 43 44 45 46 48 49 50 52 53 55 56 59 60 65 67 68 69 s
64 1 2 3 4 7 10 12 13 14 15 17 18 20 22 23 26 27 29 30 32 34 37 46 48 49 50 55 56 57 58 59 62 65 66 70 s
65 1 4 5 9 11 14 20 23 24 25 26 28 30 32 33 37 38 42 43 46 47 51 53 56 57 58 59 60 63 64 66 67 68 70 s
66 4 6 8 10 12 13 14 15 16 18 19 20 21 22 23 26 30 31 33 36 37 42 44 46 47 48 49 50 51 53 54 55 56 58 59 61 62 64 65 67 69 70 s
67 1 3 10 11 12 13 14 16 17 18 19 22 23 25 26 30 31 32 33 34 36 37 38 40 42 43 44 47 53 57 58 63 65 66 s
68 1 2 4 6 8 9 11 12 15 16 17 18 20 22 25 26 31 32 34 35 38 40 42 45 46 49 50 52 61 63 65 70 s
69 1 2 3 4 5 9 12 13 14 16 18 19 22 23 24 25 26 27 28 29 30 31 32 33 34 35 39 40 41 42 44 47 48 51 52 53 55 60 61 63 66 70 s
70 2 4 7 8 9 10 12 13 14 17 21 22 25 26 28 29 30 34 35 36 39 45 47 51 52 53 54 55 57 59 62 64 65 66 68 69 s
