1 4 6 8 9 12 13 18 19 24 25 26 27 30 31 33 36 37 39 43 44 45 47 51 54 57 58 59 62 64 67 70 s
2 3 4 6 9 12 13 15 18 22 27 29 31 32 35 38 40 41 43 44 45 48 52 55 57 58 59 60 62 63 65 69 70 s
3 2 4 6 8 9 10 11 12 13 15 17 18 19 25 30 32 38 40 41 42 43 45 46 47 49 50 52 54 61 62 64 65 68 69 s
4 1 2 3 6 9 11 16 19 20 22 24 26 29 30 31 35 37 38 39 41 43 44 46 47 48 51 52 55 56 58 59 61 62 63 64 66 67 69 70 s
5 6 9 14 15 16 18 19 22 23 24 26 27 28 30 35 38 39 44 45 46 50 51 53 55 56 58 61 64 65 67 68 69 70 s
6 1 2 3 4 5 9 15 16 19 20 21 23 25 26 27 31 32 34 39 42 43 44 46 47 48 49 52 53 54 60 62 67 69 s
7 10 18 19 20 21 25 26 31 32 33 34 36 37 38 40 41 42 50 51 52 56 57 58 59 61 62 64 65 66 67 68 69 70 s
8 1 3 10 11 12 13 15 19 22 23 24 26 28 29 31 32 33 35 36 38 39 40 41 45 47 49 52 53 56 57 58 59 60 61 62 64 66 69 70 s
9 1 2 3 4 5 6 10 14 15 18 23 25 26 27 28 29 32 36 37 40 43 45 46 50 51 55 57 60 61 62 64 65 68 s
10 3 7 8 9 11 12 13 14 15 19 22 23 25 28 29 32 34 35 36 41 43 45 46 47 48 49 50 51 53 54 55 56 57 58 62 65 66 67 70 s
11 3 4 8 10 13 16 20 21 22 23 24 25 26 29 31 33 34 39 42 43 45 46 47 48 50 53 56 59 60 62 63 64 66 67 69 s
12 1 2 3 8 10 13 16 17 21 22 23 24 26 27 30 31 38 40 41 44 45 46 48 51 54 55 56 57 58 59 60 61 62 68 69 s
13 1 2 3 8 10 11 12 14 15 16 18 22 24 25 26 28 32 33 34 35 37 38 39 41 42 45 47 50 57 63 64 65 66 67 68 s
14 5 9 10 13 16 17 18 19 20 21 25 26 28 29 31 32 33 34 35 38 39 40 41 43 44 46 48 50 53 58 59 63 67 68 69 70 s
15 2 3 5 6 8 9 10 13 17 23 24 25 27 30 31 32 33 34 35 36 38 39 44 45 48 49 50 53 57 58 60 62 63 65 66 70 s
16 4 5 6 11 12 13 14 18 19 20 26 28 29 30 31 32 33 35 36 42 43 44 45 46 47 50 51 52 57 58 59 61 62 65 66 70 s
17 3 12 14 15 19 20 21 22 23 25 26 27 28 29 30 36 38 43 48 52 54 56 57 65 68 70 s
18 1 2 3 5 7 9 13 14 16 20 23 25 30 31 32 34 36 38 40 43 46 49 50 51 55 57 60 61 62 68 69 s
19 1 3 4 5 6 7 8 10 14 16 17 21 24 25 26 27 28 30 31 34 36 38 39 41 43 44 45 47 48 50 51 54 56 57 58 60 62 63 64 65 66 67 68 s
20 4 6 7 11 14 16 17 18 23 24 25 27 28 29 31 33 35 36 40 41 43 45 47 49 50 52 53 54 56 57 58 59 61 69 s
21 6 7 11 12 14 17 19 22 23 25 26 29 31 32 33 35 37 39 42 43 45 46 49 50 52 53 55 57 63 65 66 67 69 70 s
22 2 4 5 8 10 11 12 13 17 21 23 24 25 28 30 31 32 33 37 38 39 45 48 55 57 61 62 63 64 65 66 68 69 s
23 5 6 8 9 10 11 12 15 17 18 20 21 22 24 25 28 29 31 32 33 35 36 37 42 52 54 56 59 60 61 63 66 68 s
24 1 4 5 8 11 12 13 15 19 20 22 23 27 28 29 30 31 34 37 38 41 44 45 47 51 52 58 62 63 64 66 67 68 s
25 1 3 6 7 9 10 11 13 14 15 17 18 19 20 21 22 23 26 27 28 29 30 32 35 36 38 39 40 41 42 45 50 51 57 58 60 66 67 68 s
26 1 4 5 6 7 8 9 11 12 13 14 16 17 19 21 25 32 33 34 37 39 40 42 43 46 47 48 51 52 53 54 55 57 61 63 65 67 70 s
27 1 2 5 6 9 12 15 17 19 20 24 25 29 31 33 34 35 38 40 41 45 46 47 49 52 53 56 61 62 63 64 65 67 69 s
28 5 8 9 10 13 14 16 17 19 20 22 23 24 25 29 34 35 38 39 40 46 53 54 58 59 61 64 65 66 67 68 69 s
29 2 4 8 9 10 11 14 16 17 20 21 23 24 25 27 28 30 31 32 35 38 40 41 43 45 48 49 50 53 56 57 59 60 61 63 68 s
30 1 3 4 5 12 15 16 17 18 19 22 24 25 29 31 33 35 36 38 41 43 46 47 49 50 55 58 59 60 65 66 69 s
31 1 2 4 6 7 8 11 12 14 15 16 18 19 20 21 22 23 24 27 29 30 32 33 36 38 39 41 44 45 48 51 54 57 59 61 62 63 64 67 68 70 s
32 2 3 6 7 8 9 10 13 14 15 16 18 21 22 23 25 26 29 31 33 35 37 38 39 43 44 47 48 51 54 56 62 65 66 68 s
33 1 7 8 11 13 14 15 16 20 21 22 23 26 27 30 31 32 35 38 42 43 44 46 47 48 50 56 57 59 60 61 63 64 68 70 s
34 6 7 10 11 13 14 15 18 19 24 26 27 28 35 36 37 38 39 44 46 48 49 50 51 55 56 58 59 61 62 63 64 66 67 69 70 s
35 2 4 5 8 10 13 14 15 16 20 21 23 25 27 28 29 30 32 33 34 39 42 47 49 51 52 59 61 62 63 66 67 68 s
36 1 7 8 9 10 15 16 17 18 19 20 23 25 30 31 34 39 42 43 44 48 50 53 55 59 65 68 69 s
37 1 4 7 9 13 21 22 23 24 26 32 34 39 43 45 46 47 48 56 57 58 59 62 63 66 68 69 70 s
38 2 3 4 5 7 8 12 13 14 15 17 18 19 22 24 25 27 28 29 30 31 32 33 34 39 43 47 49 58 59 60 62 66 67 68 69 s
39 1 4 5 6 8 11 13 14 15 19 21 22 25 26 28 31 32 34 35 36 37 38 42 45 47 49 50 51 52 53 54 57 58 59 60 61 64 65 67 68 70 s
40 2 3 7 8 9 12 14 18 20 25 26 27 28 29 41 45 47 50 52 55 57 61 62 66 67 69 s
41 2 3 4 7 8 10 12 13 14 19 20 24 25 27 29 30 31 40 42 43 44 45 46 47 48 51 53 55 58 59 60 66 69 70 s
42 3 6 7 11 13 16 21 23 25 26 33 35 36 39 41 44 46 47 49 51 53 55 56 59 61 62 63 65 70 s
43 1 2 3 4 6 9 10 11 14 16 17 18 19 20 21 26 29 30 32 33 36 37 38 41 46 50 51 55 56 57 58 59 60 62 63 64 68 70 s
44 1 2 4 5 6 12 14 15 16 19 24 31 32 33 34 36 41 42 45 47 48 49 50 51 52 53 56 57 58 59 60 61 62 64 65 68 69 s
45 1 2 3 5 8 9 10 11 12 13 15 16 19 20 21 22 24 25 27 29 31 37 39 40 41 44 46 49 51 52 54 58 63 64 66 67 69 s
46 3 4 5 6 9 10 11 12 14 16 18 21 26 27 28 30 33 34 37 41 42 43 45 47 49 50 51 53 54 55 56 57 59 60 61 62 64 65 66 67 69 s
47 1 3 4 6 8 10 11 13 16 19 20 24 26 27 30 32 33 35 37 38 39 40 41 42 44 46 50 53 54 55 57 60 61 62 64 65 66 s
48 2 4 6 10 11 12 14 15 17 19 22 26 29 31 32 33 34 36 37 41 44 49 51 52 54 55 57 58 60 62 63 64 65 66 67 70 s
49 3 6 8 10 15 18 20 21 27 29 30 34 35 38 39 42 44 45 46 48 53 54 55 57 58 60 64 67 69 70 s
50 3 5 7 9 10 11 13 14 15 16 18 19 20 21 25 29 30 33 34 36 39 40 43 44 46 47 51 57 61 65 69 70 s
51 1 4 5 7 9 10 12 16 18 19 24 25 26 31 32 34 35 39 41 42 43 44 45 46 48 50 52 53 55 59 62 63 65 67 69 s
52 2 3 4 6 7 8 16 17 20 21 23 24 26 27 35 39 40 44 45 48 51 55 57 58 60 65 66 67 70 s
53 5 6 8 10 11 14 15 20 21 26 27 28 29 36 39 41 42 44 46 47 49 51 57 58 63 64 66 67 70 s
54 1 3 6 10 12 17 19 20 23 26 28 31 32 39 45 46 47 48 49 55 56 58 61 63 64 65 66 68 69 s
55 2 4 5 9 10 12 18 21 22 26 30 34 36 40 41 42 43 46 47 48 49 51 52 54 58 59 66 68 69 70 s
56 4 5 7 8 10 11 12 17 19 20 23 27 29 32 33 34 37 42 43 44 46 54 57 59 60 61 62 64 65 66 67 68 69 s
57 1 2 7 8 9 10 12 13 15 16 17 18 19 20 21 22 25 26 29 31 33 37 39 40 43 44 46 47 48 49 50 52 53 56 61 67 s
58 1 2 4 5 7 8 10 12 14 15 16 19 20 24 25 28 30 34 37 38 39 41 43 44 45 48 49 52 53 54 55 59 64 66 67 68 69 s
59 1 2 4 7 8 11 12 14 16 20 23 28 29 30 31 33 34 35 36 37 38 39 41 42 43 44 46 51 55 56 58 60 61 64 67 70 s
60 2 6 8 9 11 12 15 18 19 23 25 29 30 33 38 39 41 43 44 46 47 48 49 52 56 59 61 62 65 67 69 s
61 3 4 5 7 8 9 12 16 18 20 22 23 26 27 28 29 31 33 34 35 39 40 42 44 46 47 50 54 56 57 59 60 64 66 67 68 69 70 s
62 1 2 3 4 6 7 8 9 10 11 12 15 16 18 19 22 24 27 31 32 34 35 37 38 40 42 43 44 46 47 48 51 56 60 65 68 70 s
63 2 4 11 13 14 15 19 21 22 23 24 26 27 29 31 33 34 35 37 42 43 45 48 51 53 54 65 66 67 69 70 s
64 1 3 4 5 7 8 9 11 13 19 22 24 27 28 31 33 34 39 43 44 45 46 47 48 49 53 54 56 58 59 61 65 68 70 s
65 2 3 5 7 9 10 13 15 16 17 19 21 22 26 27 28 30 32 36 39 42 44 46 47 48 50 51 52 54 56 60 62 63 64 66 67 69 s
66 4 7 8 10 11 13 15 16 19 21 22 23 24 25 28 30 32 34 35 37 38 40 41 45 46 47 48 52 53 54 55 56 58 61 63 65 69 s
67 1 4 5 6 7 10 11 13 14 19 21 24 25 26 27 28 31 34 35 38 39 40 45 46 48 49 51 52 53 56 57 58 59 60 61 63 65 s
68 3 5 7 9 12 13 14 17 18 19 22 23 24 25 28 29 31 32 33 35 36 37 38 39 43 44 54 55 56 58 61 62 64 70 s
69 2 3 4 5 6 7 8 11 12 14 18 20 21 22 27 28 30 34 36 37 38 40 41 44 45 46 49 50 51 54 55 56 58 60 61 63 65 66 s
70 1 2 4 5 7 8 10 14 15 16 17 21 26 31 33 34 37 39 41 42 43 48 49 50 52 53 55 59 61 62 63 64 68 s
