1 2 4 5 9 10 11 14 17 22 24 27 29 30 31 32 33 37 40 41 47 48 50 53 54 56 57 58 60 65 66 70 s
2 1 5 7 11 12 15 16 20 24 25 27 28 29 30 33 35 36 37 38 40 41 42 44 46 49 51 52 54 55 56 60 61 64 66 67 s
3 8 9 10 11 16 18 19 20 22 24 27 28 29 33 34 35 36 37 39 40 43 44 45 48 50 53 59 60 62 63 65 66 67 68 70 s
4 1 6 8 10 12 14 15 18 19 20 21 22 23 26 27 28 30 32 33 36 38 40 41 45 47 50 51 52 55 60 61 62 66 67 68 69 70 s
5 1 2 6 8 10 12 13 14 16 17 19 21 22 24 25 27 29 30 31 32 35 36 39 40 41 42 44 46 47 48 51 53 55 56 57 58 59 60 63 64 65 67 68 70 s
6 4 5 8 9 10 11 12 14 17 18 20 22 24 25 30 31 33 34 35 39 40 43 44 46 47 48 50 52 56 57 58 63 65 66 69 s
7 2 8 10 12 13 14 15 16 22 23 25 27 29 30 31 33 34 38 40 41 44 45 47 48 50 51 52 53 54 55 56 57 64 66 68 69 s
8 3 4 5 6 7 9 10 11 13 14 15 16 18 19 20 25 26 30 31 33 34 35 36 38 39 40 42 43 44 49 50 54 56 57 58 59 60 61 62 64 68 70 s
9 1 3 6 8 11 12 13 15 16 20 21 22 26 31 32 35 37 38 41 42 44 45 46 47 48 50 51 54 55 58 63 66 68 70 s
10 1 3 4 5 6 7 8 11 12 15 16 18 20 21 22 23 24 28 29 30 32 34 35 38 39 40 41 43 45 46 48 53 56 60 61 62 63 65 67 68 70 s
11 1 2 3 6 8 9 10 12 13 14 17 18 19 20 21 23 24 25 26 28 31 32 34 35 36 37 38 41 42 44 45 46 47 49 52 54 55 56 58 59 61 62 64 66 67 68 s
12 2 4 5 6 7 9 10 11 15 17 20 22 23 24 25 26 28 29 33 36 38 40 41 47 49 50 51 56 59 60 61 68 69 70 s
13 5 7 8 9 11 15 16 18 22 24 25 28 30 31 34 37 39 44 49 50 51 52 53 57 58 62 64 65 66 67 69 s
14 1 4 5 6 7 8 11 15 17 19 20 22 24 25 26 27 28 32 33 34 40 42 43 44 45 46 48 50 60 62 63 67 68 69 s
15 2 4 7 8 9 10 12 13 14 16 17 19 20 21 26 27 30 32 33 35 37 40 42 43 45 47 48 50 53 54 56 58 63 66 67 69 s
16 2 3 5 7 8 9 10 13 15 17 18 19 20 21 22 25 27 28 29 30 31 32 34 35 41 42 43 44 45 46 47 50 51 52 53 54 57 61 62 64 68 s
17 1 5 6 11 12 14 15 16 19 20 21 22 23 26 27 28 29 31 32 34 35 36 37 38 39 40 41 43 44 48 50 51 56 59 61 62 64 67 68 69 s
18 3 4 6 8 10 11 13 16 19 21 22 23 24 25 27 29 33 34 35 37 40 41 43 45 46 48 49 52 55 58 61 62 64 70 s
19 3 4 5 8 11 14 15 16 17 18 20 21 22 23 24 31 34 37 39 41 44 47 48 50 52 53 56 63 67 69 70 s
20 2 3 4 6 8 9 10 11 12 14 15 16 17 19 23 24 28 30 31 34 35 36 37 40 42 43 53 59 60 63 65 66 67 69 70 s
21 4 5 9 10 11 15 16 17 18 19 22 23 25 27 28 30 31 32 40 41 42 43 45 46 47 52 53 55 57 59 60 62 63 67 68 69 70 s
22 1 3 4 5 6 7 9 10 12 13 14 16 17 18 19 21 23 26 27 28 29 31 32 33 34 38 39 41 43 44 45 46 52 53 56 59 60 61 62 64 68 s
23 4 7 10 11 12 17 18 19 20 21 22 28 31 32 36 39 42 44 45 51 52 53 56 57 58 60 61 62 63 65 67 68 69 70 s
24 1 2 3 5 6 10 11 12 13 14 18 19 20 25 28 30 34 35 36 38 39 41 43 48 50 55 57 58 59 61 63 66 67 s
25 2 5 6 7 8 11 12 13 14 16 18 21 24 26 27 28 29 30 31 32 34 37 38 43 47 48 50 52 53 56 57 59 60 61 63 67 68 s
26 4 8 9 11 12 14 15 17 22 25 29 31 32 33 36 38 39 41 42 43 44 46 47 49 50 52 53 54 57 61 66 s
27 1 2 3 4 5 7 14 15 16 17 18 21 22 25 29 30 31 32 33 35 37 47 49 52 54 56 58 59 60 62 64 65 67 70 s
28 2 3 4 10 11 12 13 14 16 17 20 21 22 23 24 25 30 31 34 37 38 39 41 44 45 46 47 49 50 51 54 56 57 58 64 69 70 s
29 1 2 3 5 7 10 12 16 17 18 22 25 26 27 30 31 33 35 36 39 41 43 45 46 48 51 53 54 55 56 61 63 66 67 68 69 s
30 1 2 4 5 6 7 8 10 13 15 16 20 21 24 25 27 28 29 33 40 42 44 46 47 49 50 51 53 54 57 61 62 63 64 66 67 70 s
31 1 5 6 7 8 9 11 13 16 17 19 20 21 22 23 25 26 27 28 29 32 34 36 37 42 43 44 46 47 49 51 54 57 60 62 64 65 66 67 69 s
32 1 4 5 9 10 11 14 15 16 17 21 22 23 25 26 27 31 34 36 41 44 47 49 54 55 56 57 59 60 62 63 64 65 66 68 69 70 s
33 1 2 3 4 6 7 8 12 14 15 18 22 26 27 29 30 35 37 39 40 41 43 48 49 52 53 55 58 60 61 62 64 67 69 70 s
34 3 6 7 8 10 11 13 14 16 17 18 19 20 22 24 25 28 31 32 37 42 43 44 45 46 47 50 51 53 57 58 63 64 65 69 s
35 2 3 5 6 8 9 10 11 15 16 17 18 20 24 27 29 33 36 38 40 42 43 45 46 49 53 54 56 59 60 61 64 66 69 s
36 2 3 4 5 8 11 12 17 20 23 24 26 29 31 32 35 37 38 39 41 42 43 44 45 47 48 52 54 55 56 59 60 62 63 68 69 s
37 1 2 3 9 11 13 15 17 18 19 20 25 27 28 31 33 34 36 38 40 41 50 51 52 53 54 55 57 58 59 62 63 64 65 67 s
38 2 4 7 8 9 10 11 12 17 22 24 25 26 28 35 36 37 39 42 44 45 46 47 48 51 52 55 60 63 66 68 69 70 s
39 3 5 6 8 10 13 17 19 22 23 24 26 28 29 33 36 38 43 44 45 48 54 56 57 59 61 62 63 64 66 67 s
40 1 2 3 4 5 6 7 8 10 12 14 15 17 18 20 21 30 33 35 37 41 44 46 47 48 49 50 52 53 54 56 57 58 60 62 64 65 66 67 68 s
41 1 2 4 5 7 9 10 11 12 16 17 18 19 21 22 24 26 28 29 32 33 36 37 40 42 44 46 50 51 52 54 56 57 58 61 64 66 68 s
42 2 5 8 9 11 14 15 16 20 21 23 26 30 31 34 35 36 38 41 45 46 47 48 49 50 51 52 54 55 56 57 63 66 70 s
43 3 6 8 10 14 15 16 17 18 20 21 22 24 25 26 29 31 33 34 35 36 39 44 45 46 47 48 51 52 56 57 60 61 62 64 68 69 70 s
44 2 3 5 6 7 8 9 11 13 14 16 17 19 22 23 26 28 30 31 32 34 36 38 39 40 41 43 45 46 47 48 49 52 53 55 56 57 58 59 60 63 64 65 66 67 69 s
45 3 4 7 9 10 11 14 15 16 18 21 22 23 28 29 34 35 36 38 39 42 43 44 47 48 51 53 57 58 59 60 61 62 63 64 68 s
46 2 5 6 9 10 11 14 16 18 21 22 26 28 29 30 31 34 35 38 40 41 42 43 44 48 51 54 55 57 58 59 61 64 65 66 67 68 70 s
47 1 4 5 6 7 9 11 12 15 16 19 21 25 26 27 28 30 31 32 34 36 38 40 42 43 44 45 49 50 51 53 54 57 60 61 62 63 64 66 68 70 s
48 1 3 5 6 7 9 10 14 15 17 18 19 24 25 29 33 36 38 39 40 42 43 44 45 46 49 50 51 52 53 54 55 57 58 60 62 66 68 s
49 2 8 11 12 13 18 26 27 28 30 31 32 33 35 40 42 44 47 48 52 53 54 55 57 58 60 61 63 68 69 s
50 1 3 4 6 7 8 9 12 13 14 15 16 17 19 24 25 26 28 30 34 37 40 41 42 47 48 52 53 54 55 57 58 60 64 66 69 70 s
51 2 4 5 7 9 12 13 16 17 23 28 29 30 31 34 37 38 41 42 43 45 46 47 48 53 54 60 62 63 64 66 67 68 69 70 s
52 2 4 6 7 11 13 16 18 19 21 22 23 25 26 27 33 36 37 38 40 41 42 43 44 48 49 50 55 56 57 58 59 61 62 63 66 70 s
53 1 3 5 7 10 13 15 16 19 20 21 22 23 25 26 29 30 33 34 35 37 40 44 45 47 48 49 50 51 54 59 63 64 65 67 68 70 s
54 1 2 7 8 9 11 15 16 26 27 28 29 30 31 32 35 36 37 39 40 41 42 46 47 48 49 50 51 53 58 59 60 61 64 67 68 70 s
55 2 4 5 7 9 11 18 21 24 29 32 33 36 37 38 42 44 46 48 49 50 52 57 58 59 60 61 62 63 64 67 69 s
56 1 2 5 6 7 8 10 11 12 15 17 19 22 23 25 27 28 29 32 35 36 39 40 41 42 43 44 52 58 61 62 65 66 70 s
57 1 5 6 7 8 13 16 21 23 24 25 26 28 30 31 32 34 37 39 40 41 42 43 44 45 46 47 48 49 50 52 55 63 64 66 67 68 69 70 s
58 1 5 6 8 9 11 13 15 18 23 24 27 28 33 34 37 40 41 44 45 46 48 49 50 52 54 55 56 60 61 62 63 66 68 69 s
59 3 5 8 11 12 17 20 21 22 24 25 27 32 35 36 37 39 44 45 46 52 53 54 55 60 61 62 63 64 65 67 69 s
60 1 2 3 4 5 8 10 12 14 20 21 22 23 25 27 31 32 33 35 36 38 40 43 44 45 47 48 49 50 51 54 55 58 59 63 64 67 70 s
61 2 4 8 10 11 12 16 17 18 22 23 24 25 26 29 30 33 35 39 41 43 45 46 47 49 52 54 55 56 58 59 62 63 65 66 68 70 s
62 3 4 8 10 11 13 14 16 17 18 21 22 23 27 30 31 32 33 36 37 39 40 43 45 47 48 51 52 55 56 58 59 61 63 65 67 69 s
63 3 5 6 9 10 14 15 19 20 21 23 24 25 29 30 32 34 36 37 38 39 42 44 45 47 49 51 52 53 55 57 58 59 60 61 62 65 66 67 s
64 2 5 7 8 11 13 16 17 18 22 27 28 30 31 32 33 34 35 37 39 40 41 43 44 45 46 47 50 51 53 54 55 57 59 60 68 s
65 1 3 5 6 10 13 20 23 27 31 32 34 37 40 44 46 53 56 59 61 62 63 66 s
66 1 2 3 4 6 7 9 11 13 15 20 24 26 29 30 31 32 35 38 39 40 41 42 44 46 47 48 50 51 52 56 57 58 61 63 65 69 70 s
67 2 3 4 5 10 11 13 14 15 17 19 20 21 23 24 25 27 29 30 31 33 37 39 40 44 46 51 53 54 55 57 59 60 62 63 69 70 s
68 3 4 5 7 8 9 10 11 12 14 16 17 21 22 23 25 29 32 36 38 40 41 43 45 46 47 48 49 51 53 54 57 58 61 64 69 s
69 4 6 7 12 13 14 15 17 19 20 21 23 28 29 31 32 33 34 35 36 38 43 44 49 50 51 55 57 58 59 62 66 67 68 70 s
70 1 3 4 5 8 9 10 12 18 19 20 21 23 27 28 30 32 33 38 42 43 46 47 50 51 52 53 54 56 57 60 61 66 67 69 s
