1 2 5 7 8 9 11 12 14 20 21 22 29 31 32 34 38 39 41 45 46 47 50 52 54 55 60 62 64 65 66 68 70 s
2 1 4 6 7 10 11 16 17 19 23 25 26 27 30 31 32 33 34 35 38 40 44 45 47 48 50 54 55 57 58 59 61 62 64 66 69 s
3 4 7 13 15 18 20 22 25 30 31 32 36 37 38 41 43 44 45 46 48 49 50 51 52 54 56 59 61 65 66 67 70 s
4 2 3 5 8 13 15 16 17 19 20 22 24 25 27 29 31 32 33 36 39 40 42 43 47 50 52 53 54 58 60 63 65 69 s
5 1 4 9 10 11 12 13 14 15 16 18 19 20 22 25 27 29 30 32 35 38 39 40 41 42 45 46 47 48 52 53 54 57 58 59 60 61 67 68 70 s
6 2 9 10 11 15 16 18 19 22 23 24 25 26 27 28 33 35 36 37 40 42 43 45 46 47 48 49 50 51 52 53 54 57 58 59 60 61 64 66 67 69 70 s
7 1 2 3 10 11 13 21 23 24 25 26 30 31 34 36 37 38 39 42 46 49 50 56 58 60 62 64 65 67 68 70 s
8 1 4 10 11 12 16 18 20 21 25 26 27 29 30 36 37 38 39 41 43 44 45 46 47 48 49 53 55 56 57 58 59 61 62 63 64 65 68 s
9 1 5 6 10 12 15 16 17 18 22 24 25 28 29 30 31 32 34 36 37 38 40 44 45 46 47 53 56 57 67 68 70 s
10 2 5 6 7 8 9 11 15 16 19 20 21 23 24 26 27 29 30 34 35 36 37 38 41 42 44 46 49 51 52 53 55 57 58 60 61 62 63 65 66 67 69 s
11 1 2 5 6 7 8 10 12 13 18 26 32 36 37 38 40 44 47 50 55 56 57 59 60 61 62 65 66 68 69 s
12 1 5 8 9 11 13 14 18 20 21 23 24 25 26 27 29 30 32 33 35 38 42 43 49 50 51 53 55 57 60 61 62 64 65 69 70 s
13 3 4 5 7 11 12 14 15 16 17 19 20 21 22 23 24 26 29 31 35 37 38 40 42 46 49 50 53 55 58 59 60 61 62 63 65 69 70 s
14 1 5 12 13 15 17 18 19 21 23 25 28 29 30 31 32 34 35 36 38 39 41 42 43 44 45 47 51 53 57 58 60 62 64 65 68 69 s
15 3 4 5 6 9 10 13 14 16 18 19 20 24 25 27 28 29 31 34 35 37 38 40 42 44 45 46 48 50 51 52 53 56 57 59 62 63 65 66 68 70 s
16 2 4 5 6 8 9 10 13 15 18 19 22 23 24 28 29 31 32 34 41 43 45 46 48 54 55 56 57 59 62 63 64 65 66 67 68 s
17 2 4 9 13 14 18 19 20 25 28 30 31 32 34 36 37 38 42 44 45 47 53 54 55 56 60 61 62 64 67 68 69 s
18 3 5 6 8 9 11 12 14 15 16 17 19 20 22 23 28 34 35 37 38 40 43 46 48 51 54 55 56 57 60 66 67 69 70 s
19 2 4 5 6 10 13 14 15 16 17 18 20 22 23 24 26 27 28 29 30 31 33 34 36 38 41 42 43 44 45 48 52 54 55 57 59 60 62 69 70 s
20 1 3 4 5 8 10 12 13 15 17 18 19 21 22 23 26 29 30 31 33 36 39 42 44 46 51 52 54 57 58 59 62 63 65 67 68 70 s
21 1 7 8 10 12 13 14 20 24 25 26 28 30 34 38 39 40 43 45 46 47 48 50 55 59 60 61 62 63 65 66 69 s
22 1 3 4 5 6 9 13 16 18 19 20 25 28 30 31 33 34 38 40 41 43 44 45 47 48 52 53 54 55 56 59 63 65 67 68 70 s
23 2 6 7 10 12 13 14 16 18 19 20 26 30 31 32 33 36 37 39 40 42 51 52 53 54 56 57 58 59 61 63 64 s
24 4 6 7 9 10 12 13 15 16 19 21 25 30 31 32 35 36 37 38 42 44 45 47 52 58 59 61 62 63 65 68 69 70 s
25 2 3 4 5 6 7 8 9 12 14 15 17 21 22 24 26 27 29 30 31 35 37 39 42 45 49 50 51 52 54 55 56 57 58 60 62 63 64 66 68 69 70 s
26 2 6 7 8 10 11 12 13 19 20 21 23 25 29 30 31 35 37 38 39 40 41 44 46 48 49 50 52 53 55 58 59 60 61 62 63 64 67 69 s
27 2 4 5 6 8 10 12 15 19 25 32 34 35 36 37 38 40 41 43 44 46 47 49 50 51 53 55 56 58 59 60 62 65 67 68 70 s
28 6 9 14 15 16 17 18 19 21 22 29 30 31 32 34 36 41 44 45 46 47 50 54 55 56 57 59 60 61 62 64 66 68 70 s
29 1 4 5 8 9 10 12 13 14 15 16 19 20 25 26 28 31 35 39 40 43 45 46 48 50 52 53 54 55 57 58 59 60 61 62 64 65 67 69 70 s
30 2 3 5 7 8 9 10 12 14 17 19 20 21 22 23 24 25 26 28 31 33 34 35 36 38 42 43 45 47 50 52 54 55 56 58 60 61 63 64 69 s
31 1 2 3 4 7 9 13 14 15 16 17 19 20 22 23 24 25 26 28 29 30 32 34 35 38 39 40 42 45 48 49 50 51 52 53 54 55 56 58 59 61 62 63 64 65 66 68 s
32 1 2 3 4 5 9 11 12 14 16 17 23 24 27 28 31 33 34 39 41 43 46 49 50 51 52 53 55 56 58 59 60 62 63 66 67 68 s
33 2 4 6 12 19 20 22 23 30 32 35 36 39 42 45 47 49 50 51 56 57 59 62 63 64 65 68 69 s
34 1 2 7 9 10 14 15 16 17 18 19 21 22 27 28 30 31 32 40 41 43 44 47 48 50 54 56 57 61 62 64 66 67 69 70 s
35 2 5 6 10 12 13 14 15 18 24 25 26 27 29 30 31 33 36 38 39 40 44 45 48 50 51 54 56 58 65 67 68 69 s
36 3 4 6 7 8 9 10 11 14 17 19 20 23 24 27 28 30 33 35 41 42 45 46 50 51 53 54 56 58 60 61 62 64 67 s
37 3 6 7 8 9 10 11 13 15 17 18 23 24 25 26 27 43 46 49 50 51 54 56 59 61 63 64 67 68 69 s
38 1 2 3 5 7 8 9 10 11 12 13 14 15 17 18 19 21 22 24 26 27 30 31 35 40 42 46 47 49 50 51 52 53 57 58 61 62 66 70 s
39 1 4 5 7 8 14 20 21 23 25 26 29 31 32 33 35 40 41 42 45 46 49 51 52 53 55 56 57 58 61 62 63 66 68 70 s
40 2 4 5 6 9 11 13 15 18 21 22 23 26 27 29 31 34 35 38 39 42 44 45 46 48 49 53 54 55 58 59 62 65 66 67 68 69 70 s
41 1 3 5 8 10 14 16 19 22 26 27 28 32 34 36 39 42 43 45 46 47 48 51 52 54 56 58 60 61 63 64 66 68 s
42 4 5 6 7 10 12 13 14 15 17 19 20 23 24 25 30 31 33 36 38 39 40 41 44 45 47 48 49 52 56 58 59 62 65 66 70 s
43 3 4 6 8 12 14 16 18 19 21 22 27 29 30 32 34 37 41 44 45 46 47 48 52 54 56 58 59 60 63 64 65 66 67 69 70 s
44 2 3 8 9 10 11 14 15 17 19 20 22 24 26 27 28 34 35 40 42 43 47 48 50 51 52 55 56 57 60 61 63 68 s
45 1 2 3 5 6 8 9 14 15 16 17 19 21 22 24 25 28 29 30 31 33 35 36 39 40 41 42 43 46 48 50 51 53 55 57 58 61 66 67 69 70 s
46 1 3 5 6 7 8 9 10 13 15 16 18 20 21 26 27 28 29 32 36 37 38 39 40 41 43 45 47 49 50 51 53 55 59 60 61 62 64 65 67 68 69 70 s
47 1 2 4 5 6 8 9 11 14 17 21 22 24 27 28 30 33 34 38 41 42 43 44 46 48 50 52 53 54 56 57 58 59 60 62 64 65 66 67 68 s
48 2 3 5 6 8 15 16 18 19 21 22 26 29 31 34 35 40 41 42 43 44 45 47 49 53 54 55 58 59 62 70 s
49 3 6 7 8 10 12 13 25 26 27 31 32 33 37 38 39 40 42 46 48 59 60 61 62 64 66 69 s
50 1 2 3 4 6 7 11 12 13 15 21 25 26 27 28 29 30 31 32 33 34 35 36 37 38 44 45 46 47 51 52 56 57 59 63 64 66 s
51 3 6 10 12 14 15 18 20 23 25 27 31 32 33 35 36 37 38 39 41 44 45 46 50 52 53 55 58 61 65 66 70 s
52 1 3 4 5 6 10 15 19 20 22 23 24 25 26 29 30 31 32 38 39 41 42 43 44 47 50 51 54 57 59 62 63 64 67 68 69 s
53 4 5 6 8 9 10 12 13 14 15 17 22 23 26 27 29 31 32 36 38 39 40 45 46 47 48 51 55 61 63 64 66 67 s
54 1 2 3 4 5 6 16 17 18 19 20 22 23 25 28 29 30 31 34 35 36 37 40 41 43 47 48 52 55 57 59 60 61 62 63 65 67 68 69 70 s
55 1 2 8 10 11 12 13 16 17 18 19 21 22 25 26 27 28 29 30 31 32 39 40 44 45 46 48 51 53 54 57 58 60 61 63 65 68 69 70 s
56 3 7 8 9 11 15 16 17 18 22 23 25 27 28 30 31 32 33 34 35 36 37 39 41 42 43 44 47 50 57 58 60 62 63 64 68 s
57 2 5 6 8 9 10 11 12 14 15 16 18 19 20 23 25 28 29 33 34 38 39 44 45 47 50 52 54 55 56 58 60 64 65 67 69 s
58 2 4 5 6 7 8 10 13 14 20 23 24 25 26 27 29 30 31 32 35 36 38 39 40 41 42 43 45 47 48 51 55 56 57 61 62 66 67 68 69 70 s
59 2 3 5 6 8 11 13 15 16 19 20 21 22 23 24 26 27 28 29 31 32 33 37 40 42 43 46 47 48 49 50 52 54 60 66 67 68 69 70 s
60 1 4 5 6 7 10 11 12 13 14 17 18 19 21 25 26 27 28 29 30 32 36 41 43 44 46 47 49 54 55 56 57 59 61 63 64 66 68 69 70 s
61 2 3 5 6 8 10 11 12 13 17 21 23 24 26 28 29 30 31 34 36 37 38 39 41 44 45 46 49 51 53 54 55 58 60 62 63 66 68 69 s
62 1 2 7 8 10 11 12 13 14 15 16 17 19 20 21 24 25 26 27 28 29 31 32 33 34 36 38 39 40 42 46 47 48 49 52 54 56 58 61 63 64 66 69 s
63 4 8 10 13 15 16 20 21 22 23 24 25 26 30 31 32 33 37 39 41 43 44 50 52 53 54 55 56 60 61 62 64 65 66 67 70 s
64 1 2 6 7 8 12 14 16 17 23 25 26 28 29 30 31 33 34 36 37 41 43 46 47 49 50 52 53 56 57 60 62 63 65 66 68 69 70 s
65 1 3 4 7 8 10 11 12 13 14 15 16 20 21 22 24 27 29 31 33 35 40 42 43 46 47 51 54 55 57 63 64 67 s
66 1 2 3 6 10 11 15 16 18 21 25 28 31 32 34 38 39 40 41 42 43 45 47 49 50 51 53 58 59 60 61 62 63 64 67 70 s
67 3 5 6 7 9 10 16 17 18 20 22 26 27 29 32 34 35 36 37 40 43 45 46 47 52 53 54 57 58 59 63 65 66 70 s
68 1 5 7 8 9 11 14 15 16 17 20 22 24 25 27 28 31 32 33 35 37 39 40 41 44 46 47 52 54 55 56 58 59 60 61 64 69 70 s
69 2 4 6 10 11 12 13 14 17 18 19 21 24 25 26 29 30 33 34 35 37 40 43 45 46 49 52 54 55 57 58 59 60 61 62 64 68 s
70 1 3 5 6 7 9 12 13 15 18 19 20 22 24 25 27 28 29 34 38 39 40 42 43 45 46 48 51 54 55 58 59 60 63 64 66 67 68 s
