1 4 5 8 14 22 26 27 34 35 40 44 45 53 54 64 66 68 s
2 4 7 11 13 17 20 22 27 32 33 34 41 48 63 64 s
3 9 15 18 22 32 41 42 47 55 61 62 63 67 75 s
4 1 2 10 11 16 17 24 32 44 47 49 52 53 57 58 62 63 64 66 67 68 s
5 1 7 8 9 23 29 33 45 53 58 64 66 70 73 75 s
6 9 11 16 21 31 38 39 42 44 51 52 53 54 55 57 70 72 73 74 75 s
7 2 5 17 18 19 27 28 33 36 43 44 50 60 62 75 s
8 1 5 12 16 22 26 29 31 32 33 34 39 40 41 52 53 54 55 58 65 68 71 73 s
9 3 5 6 14 21 25 26 28 31 34 36 37 38 41 43 48 50 58 60 62 68 69 70 72 s
10 4 29 32 33 35 42 44 45 46 52 54 63 65 67 71 s
11 2 4 6 13 15 16 17 19 21 24 28 29 30 31 40 51 63 69 74 s
12 8 19 21 22 26 27 35 36 37 45 47 51 53 54 56 65 70 s
13 2 11 16 17 18 24 26 32 39 40 47 50 53 58 60 62 65 66 67 71 73 74 s
14 1 9 18 22 25 30 31 45 48 49 53 60 62 66 s
15 3 11 22 25 28 29 30 35 36 42 51 52 56 63 69 71 72 s
16 4 6 8 11 13 17 20 26 27 29 34 41 42 43 53 57 59 64 68 69 s
17 2 4 7 11 13 16 18 32 33 34 36 37 45 51 53 54 55 61 64 71 s
18 3 7 13 14 17 19 24 25 29 30 31 34 35 36 51 54 60 70 73 74 s
19 7 11 12 18 23 25 38 48 50 52 64 66 71 72 74 s
20 2 16 21 22 23 26 27 39 42 47 54 55 59 63 73 75 s
21 6 9 11 12 20 25 29 30 32 33 37 40 44 45 49 53 55 56 60 64 68 74 s
22 1 2 3 8 12 14 15 20 37 39 42 49 50 56 57 61 62 64 65 67 74 s
23 5 19 20 25 27 33 45 47 48 52 58 70 71 s
24 4 11 13 18 27 28 35 38 45 46 49 52 56 57 70 s
25 9 14 15 18 19 21 23 26 38 43 44 49 50 60 65 75 s
26 1 8 9 12 13 16 20 25 29 30 31 33 37 38 46 47 48 55 72 74 75 s
27 1 2 7 12 16 20 23 24 29 31 34 35 36 40 41 53 55 57 59 62 70 s
28 7 9 11 15 24 30 31 33 41 42 44 45 48 51 53 56 60 67 68 75 s
29 5 8 10 11 15 16 18 21 26 27 46 47 59 61 64 69 s
30 11 14 15 18 21 26 28 36 42 50 51 56 57 63 65 70 71 74 75 s
31 6 8 9 11 14 18 26 27 28 33 35 39 41 44 47 54 59 61 67 s
32 2 3 4 8 10 13 17 21 34 38 39 42 44 49 58 59 61 66 67 73 74 75 s
33 2 5 7 8 10 17 21 23 26 28 31 35 38 41 45 63 64 65 70 s
34 1 2 8 9 16 17 18 27 32 42 45 49 56 69 72 s
35 1 10 12 15 18 24 27 31 33 36 46 48 53 54 57 60 61 63 65 66 73 s
36 7 9 12 15 17 18 27 30 35 37 38 41 52 57 63 68 69 s
37 9 12 17 21 22 26 36 38 39 42 44 52 60 61 64 74 s
38 6 9 19 24 25 26 32 33 36 37 44 45 49 54 55 63 67 72 74 s
39 6 8 13 20 22 31 32 37 48 49 50 51 54 55 57 63 67 68 69 72 75 s
40 1 8 11 13 21 27 42 43 46 53 59 60 64 65 66 69 72 75 s
41 2 3 8 9 16 27 28 31 33 36 45 46 51 61 62 74 75 s
42 3 6 10 15 16 20 22 28 30 32 34 37 40 43 45 47 50 53 54 55 57 59 64 67 68 70 s
43 7 9 16 25 40 42 48 49 52 54 62 68 70 74 s
44 1 4 6 7 10 21 25 28 31 32 37 38 48 49 56 60 61 74 s
45 1 5 10 12 14 17 21 23 24 28 33 34 38 41 42 49 50 58 62 64 65 66 67 69 s
46 10 24 26 29 35 40 41 51 53 54 55 60 61 65 67 71 72 74 s
47 3 4 12 13 20 23 26 29 31 42 56 59 63 65 70 75 s
48 2 9 14 19 23 26 28 35 39 43 44 50 51 55 56 57 58 59 60 64 68 69 71 73 75 s
49 4 14 21 22 24 25 32 34 38 39 43 44 45 59 60 65 67 71 72 75 s
50 7 9 13 19 22 25 30 39 42 45 48 52 60 62 67 68 71 72 s
51 6 11 12 15 17 18 28 30 39 41 46 48 52 53 56 59 62 64 69 70 s
52 4 6 8 10 15 19 23 24 36 37 43 50 51 54 59 62 64 69 70 71 s
53 1 4 5 6 8 12 13 14 16 17 21 27 28 35 40 42 46 51 60 63 64 71 s
54 1 6 8 10 12 17 18 20 31 35 38 39 42 43 46 52 55 57 59 61 63 71 75 s
55 3 6 8 17 20 21 26 27 38 39 42 46 48 54 67 68 69 s
56 12 15 21 22 24 28 30 34 44 47 48 51 57 63 65 69 70 s
57 4 6 16 22 24 27 30 35 36 39 42 48 54 56 65 66 70 73 75 s
58 4 5 8 9 13 23 32 45 48 59 60 63 69 71 s
59 16 20 27 29 31 32 40 42 47 48 49 51 52 54 58 69 73 s
60 7 9 13 14 18 21 25 28 35 37 40 44 46 48 49 50 53 58 69 73 74 s
61 3 17 22 29 31 32 35 37 41 44 46 54 62 63 69 70 73 s
62 3 4 7 9 13 14 22 27 41 43 45 50 51 52 61 66 67 68 72 s
63 2 3 4 10 11 15 20 30 33 35 36 38 39 47 53 54 56 58 61 71 72 73 75 s
64 1 2 4 5 16 17 19 21 22 29 33 37 40 42 45 48 51 52 53 65 68 69 70 s
65 8 10 12 13 22 25 30 33 35 40 45 46 47 49 56 57 64 67 68 70 73 75 s
66 1 4 5 13 14 19 32 35 40 45 57 62 67 75 s
67 3 4 10 13 22 28 31 32 38 39 42 45 46 49 50 55 62 65 66 75 s
68 1 4 8 9 16 21 28 36 39 42 43 48 50 55 62 64 65 70 72 74 s
69 9 11 15 16 29 34 36 39 40 45 48 51 52 55 56 58 59 60 61 64 73 s
70 5 6 9 12 18 23 24 27 30 33 42 43 47 51 52 56 57 61 64 65 68 72 s
71 8 10 13 15 17 19 23 30 46 48 49 50 52 53 54 58 63 73 s
72 6 9 15 19 26 34 38 39 40 46 49 50 62 63 68 70 74 s
73 5 6 8 13 18 20 32 35 48 57 59 60 61 63 65 69 71 75 s
74 6 11 13 18 19 21 22 26 30 32 37 38 41 43 44 46 60 68 72 75 s
75 3 5 6 7 20 25 26 28 30 32 39 40 41 47 48 49 54 57 63 65 66 67 73 74 s
