1 5 6 8 9 12 13 15 16 19 20 32 34 35 37 39 40 43 46 47 51 53 55 56 58 60 63 69 71 s
2 3 4 6 8 10 16 17 20 23 28 29 30 41 42 45 48 49 51 57 61 74 s
3 2 4 5 13 17 20 21 23 28 29 30 32 34 38 41 47 49 51 54 57 58 60 68 72 74 75 s
4 2 3 5 8 10 14 15 21 24 37 40 45 46 51 54 59 64 73 s
5 1 3 4 7 8 11 12 17 18 23 29 31 32 36 45 49 51 53 59 61 64 65 68 74 s
6 1 2 10 14 15 16 17 19 27 29 30 34 36 37 52 58 59 61 63 64 68 74 s
7 5 8 9 12 14 21 31 35 37 38 39 47 51 54 55 57 59 61 62 65 67 68 71 74 s
8 1 2 4 5 7 12 20 23 27 32 38 39 40 46 48 51 52 53 58 61 66 67 69 s
9 1 7 10 17 18 19 20 24 25 31 39 41 42 43 45 58 60 63 s
10 2 4 6 9 16 18 32 34 37 47 54 58 64 70 72 s
11 5 22 31 34 35 38 48 53 55 58 64 69 74 s
12 1 5 7 8 15 17 18 26 29 32 34 37 44 45 46 56 57 60 61 64 75 s
13 1 3 17 21 24 25 27 32 35 39 43 46 49 51 52 56 58 61 62 64 66 69 70 72 s
14 4 6 7 19 27 31 34 37 38 41 47 48 50 52 53 65 66 69 s
15 1 4 6 12 17 27 31 36 41 48 51 57 59 60 62 69 72 75 s
16 1 2 6 10 19 20 23 24 26 29 33 38 40 42 44 45 46 48 52 64 66 68 s
17 2 3 5 6 9 12 13 15 19 20 21 22 24 28 34 39 45 58 59 63 64 68 74 75 s
18 5 9 10 12 21 29 30 38 40 50 52 54 57 60 62 66 75 s
19 1 6 9 14 16 17 21 22 28 32 35 36 37 41 44 45 54 60 62 69 s
20 1 2 3 8 9 16 17 27 29 32 35 36 41 43 45 50 54 57 65 73 75 s
21 3 4 7 13 17 18 19 27 32 44 46 47 51 64 70 72 s
22 11 17 19 24 29 32 37 38 39 42 47 48 49 52 54 61 62 70 s
23 2 3 5 8 16 24 26 32 33 39 42 45 46 49 52 55 57 58 68 69 71 s
24 4 9 13 16 17 22 23 28 30 32 39 44 45 53 56 58 61 63 64 67 74 s
25 9 13 28 36 40 43 45 47 49 50 51 52 54 55 60 61 64 65 73 74 75 s
26 12 16 23 28 29 31 32 33 35 36 43 44 46 50 51 62 64 71 75 s
27 6 8 13 14 15 20 21 29 36 38 40 43 44 47 50 56 63 70 s
28 2 3 17 19 24 25 26 33 48 49 54 55 58 59 s
29 2 3 5 6 12 16 18 20 22 26 27 31 34 37 46 47 48 49 51 56 68 74 s
30 2 3 6 18 24 31 36 38 45 49 50 63 65 67 68 72 74 s
31 5 7 9 11 14 15 26 29 30 33 36 38 39 41 44 45 52 53 61 62 63 66 67 s
32 1 3 5 8 10 12 13 19 20 21 22 23 24 26 33 34 42 43 48 50 52 53 55 69 73 75 s
33 16 23 26 28 31 32 36 39 57 62 66 70 s
34 1 3 6 10 11 12 14 17 29 32 37 39 46 58 60 69 72 75 s
35 1 7 11 13 19 20 26 41 42 44 54 61 66 69 s
36 5 6 15 19 20 25 26 27 30 31 33 41 42 60 68 s
37 1 4 6 7 10 12 14 19 22 29 34 39 45 48 50 51 53 57 58 60 63 69 s
38 3 7 8 11 14 16 18 22 27 30 31 40 49 50 57 60 67 68 s
39 1 7 8 9 13 17 22 23 24 31 33 34 37 41 47 50 59 67 71 73 s
40 1 4 8 16 18 25 27 38 43 44 46 51 54 57 60 62 66 67 69 70 72 s
41 2 3 9 14 15 19 20 31 35 36 39 56 59 60 61 71 73 75 s
42 2 9 16 22 23 32 35 36 45 55 59 s
43 1 9 13 20 25 26 27 32 40 44 50 52 54 56 58 64 68 69 71 s
44 12 16 19 21 24 26 27 31 35 40 43 49 59 60 61 65 67 68 73 75 s
45 2 4 5 9 12 16 17 19 20 23 24 25 30 31 37 42 48 57 61 64 s
46 1 4 8 12 13 16 21 23 26 29 34 40 48 51 60 61 70 74 75 s
47 1 3 7 10 14 21 22 25 27 29 39 50 54 66 70 72 s
48 2 8 11 14 15 16 22 28 29 32 37 45 46 50 51 53 55 60 68 71 74 s
49 2 3 5 13 22 23 25 28 29 30 38 44 56 59 62 66 71 74 75 s
50 14 18 20 25 26 27 30 32 37 38 39 43 47 48 51 56 59 66 69 73 74 s
51 1 2 3 4 5 7 8 13 15 21 25 26 29 37 40 46 48 50 53 54 58 64 69 s
52 6 8 13 14 16 18 22 23 25 31 32 43 55 57 58 63 66 s
53 1 5 8 11 14 24 31 32 37 48 51 54 56 61 65 68 71 73 s
54 3 4 7 10 18 19 20 22 25 28 35 40 43 47 51 53 65 66 s
55 1 7 11 23 25 28 32 42 48 52 57 60 62 s
56 1 12 13 24 27 29 41 43 49 50 53 57 75 s
57 2 3 7 12 15 18 20 23 33 37 38 40 45 52 55 56 60 61 65 69 70 s
58 1 3 6 8 9 10 11 13 17 23 24 28 34 37 43 51 52 60 61 62 63 69 71 s
59 4 5 6 7 15 17 28 39 41 42 44 49 50 61 66 68 74 s
60 1 3 9 12 15 18 19 25 34 36 37 38 40 41 44 46 48 55 57 58 70 s
61 2 5 6 7 8 12 13 22 24 25 31 35 41 44 45 46 53 57 58 59 64 65 73 s
62 7 13 15 18 19 22 26 31 33 40 49 55 58 65 66 70 72 74 s
63 1 6 9 17 24 27 30 31 37 52 58 65 66 67 70 74 s
64 4 5 6 10 11 12 13 16 17 21 24 25 26 43 45 51 61 65 67 70 73 s
65 5 7 14 20 25 30 44 53 54 57 61 62 63 64 66 68 71 72 74 s
66 8 13 14 16 18 31 33 35 40 47 49 50 52 54 59 62 63 65 68 70 s
67 7 8 24 30 31 38 39 40 44 63 64 70 74 s
68 3 5 6 7 16 17 23 29 30 36 38 43 44 48 53 59 65 66 74 s
69 1 8 11 13 14 15 19 23 32 34 35 37 40 43 50 51 57 58 70 s
70 10 13 21 22 27 33 40 46 47 57 60 62 63 64 66 67 69 72 73 s
71 1 7 23 26 39 41 43 48 49 53 58 65 s
72 3 10 13 15 21 30 34 40 47 62 65 70 74 s
73 4 20 25 32 39 41 44 50 53 61 64 70 74 75 s
74 2 3 5 6 7 11 17 24 25 29 30 46 48 49 50 59 62 63 65 67 68 72 73 s
75 3 12 15 17 18 20 25 26 32 34 41 44 46 49 56 73 s
