1 2 6 7 9 17 22 23 24 25 26 30 36 38 49 51 54 59 61 65 68 70 72 74 s
2 1 3 11 12 13 15 18 19 27 34 35 36 37 44 46 49 53 59 62 63 70 72 73 s
3 2 8 10 12 17 18 24 33 39 42 47 48 49 53 57 64 66 67 74 s
4 6 9 17 18 22 23 31 35 36 40 41 48 49 52 56 61 65 66 69 72 73 s
5 6 13 14 25 28 29 32 35 47 49 52 53 54 58 66 69 72 73 s
6 1 4 5 9 12 21 24 32 33 37 41 44 45 46 48 55 56 58 60 61 69 74 75 s
7 1 10 14 18 20 21 22 25 28 29 31 32 35 37 39 41 43 46 48 49 59 63 64 65 66 68 69 72 74 75 s
8 3 9 11 18 20 24 26 28 33 36 42 44 45 56 63 67 71 73 s
9 1 4 6 8 11 13 14 16 19 22 27 30 32 37 39 40 41 46 49 50 53 55 56 58 59 s
10 3 7 14 16 26 27 29 33 36 45 47 72 s
11 2 8 9 14 18 24 30 31 32 42 43 44 45 46 55 57 61 62 63 65 69 70 72 s
12 2 3 6 16 22 23 24 28 29 30 37 41 42 43 47 56 57 60 61 62 66 73 s
13 2 5 9 16 20 21 23 27 31 35 37 38 41 43 47 49 51 53 55 57 69 74 75 s
14 5 7 9 10 11 16 23 24 32 33 34 36 37 38 48 55 62 63 70 71 72 73 75 s
15 2 18 22 23 24 29 30 33 35 37 41 48 51 61 65 66 67 70 75 s
16 9 10 12 13 14 18 21 22 28 38 42 45 50 53 57 59 63 67 73 74 s
17 1 3 4 25 28 29 34 39 41 43 45 49 50 62 63 67 70 71 74 s
18 2 3 4 7 8 11 15 16 20 23 25 28 29 38 40 43 44 47 49 55 56 57 65 69 75 s
19 2 9 26 28 29 32 33 36 38 39 48 54 65 70 74 s
20 7 8 13 18 36 40 49 55 64 65 68 70 72 73 s
21 6 7 13 16 22 23 24 25 32 33 42 48 49 50 51 56 58 63 67 s
22 1 4 7 9 12 15 16 21 23 31 35 36 41 45 50 65 66 68 s
23 1 4 12 13 14 15 18 21 22 29 33 37 39 43 54 56 70 72 74 s
24 1 3 6 8 11 12 14 15 21 28 30 31 33 38 41 42 49 52 58 60 69 71 75 s
25 1 5 7 17 18 21 32 34 39 42 43 44 45 50 52 54 55 56 62 70 71 72 s
26 1 8 10 19 37 41 45 48 50 51 55 59 63 68 71 75 s
27 2 9 10 13 33 37 38 39 43 46 49 50 53 60 68 69 73 74 s
28 5 7 8 12 16 17 18 19 24 31 35 36 42 46 50 53 56 70 73 s
29 5 7 10 12 15 17 18 19 23 31 35 39 42 43 45 48 67 68 70 73 s
30 1 9 11 12 15 24 33 35 39 45 48 53 54 57 60 62 64 65 73 s
31 4 7 11 13 22 24 28 29 34 50 60 63 69 72 s
32 5 6 7 9 11 14 19 21 25 37 39 40 45 47 49 60 61 66 67 73 75 s
33 3 6 8 10 14 15 19 21 23 24 27 30 43 44 47 49 53 59 64 67 74 s
34 2 14 17 25 31 35 37 39 40 44 51 52 53 54 55 58 61 63 69 s
35 2 4 5 7 13 15 22 28 29 30 34 37 38 40 41 46 50 56 58 72 75 s
36 1 2 4 8 10 14 19 20 22 28 40 45 46 50 51 53 59 62 63 65 70 s
37 2 6 7 9 12 13 14 15 23 26 27 32 34 35 38 45 46 49 51 54 63 66 67 s
38 1 13 14 16 18 19 24 27 35 37 45 46 47 53 57 66 68 71 s
39 3 7 9 17 19 23 25 27 29 30 32 34 42 43 50 56 58 59 60 61 69 s
40 4 9 18 20 32 34 35 36 45 48 49 53 58 60 63 74 75 s
41 4 6 7 9 12 13 15 17 22 24 26 35 42 43 44 46 53 54 60 62 63 73 74 s
42 3 8 11 12 16 21 24 25 28 29 39 41 51 52 54 56 59 60 62 66 69 s
43 7 11 12 13 17 18 23 25 27 29 33 39 41 48 52 54 56 57 63 67 68 74 s
44 2 6 8 11 18 25 33 34 41 46 48 53 57 58 62 63 64 66 69 70 s
45 6 8 10 11 16 17 22 25 26 29 30 32 36 37 38 40 52 56 59 67 68 72 s
46 2 6 7 9 11 27 28 35 36 37 38 41 44 47 51 53 56 58 63 66 67 70 s
47 3 5 10 12 13 18 32 33 38 46 70 74 s
48 3 4 6 7 14 15 19 21 26 29 30 40 43 44 49 50 67 72 75 s
49 1 2 3 4 5 7 9 13 17 18 20 21 24 27 32 33 37 40 48 52 55 59 63 65 71 s
50 9 16 17 21 22 25 26 27 28 31 35 36 39 48 60 67 71 72 s
51 1 13 15 21 26 34 36 37 42 46 53 57 60 61 70 72 75 s
52 4 5 24 25 34 42 43 45 49 56 62 66 69 70 71 s
53 2 3 5 9 13 16 27 28 30 33 34 36 38 40 41 44 46 51 55 59 62 69 73 74 s
54 1 5 19 23 25 30 34 37 41 42 43 58 60 63 64 65 68 s
55 6 9 11 13 14 18 20 25 26 34 49 53 56 64 74 s
56 4 6 8 9 12 18 21 23 25 28 35 39 42 43 45 46 52 55 64 65 72 74 s
57 3 11 12 13 16 18 30 38 43 44 51 59 60 63 65 70 75 s
58 5 6 9 21 24 34 35 39 40 44 46 54 61 69 70 s
59 1 2 7 9 16 26 33 36 39 42 45 49 53 57 60 62 63 64 70 71 72 74 75 s
60 6 12 24 27 30 31 32 39 40 41 42 50 51 54 57 59 61 73 75 s
61 1 4 6 11 12 15 32 34 39 51 58 60 64 68 s
62 2 11 12 14 17 25 30 36 41 42 44 52 53 59 63 67 68 69 70 71 72 s
63 2 7 8 11 14 16 17 21 26 31 34 36 37 40 41 43 44 46 49 54 57 59 62 64 66 70 71 s
64 3 7 20 30 33 44 54 55 56 59 61 63 65 66 72 74 s
65 1 4 7 11 15 18 19 20 22 30 36 49 54 56 57 64 66 75 s
66 3 4 5 7 12 15 22 32 37 38 42 44 46 52 63 64 65 68 70 74 s
67 3 8 15 16 17 21 29 32 33 37 43 45 46 48 50 62 70 72 74 s
68 1 7 20 22 26 27 29 38 43 45 54 61 62 66 69 73 s
69 4 5 6 7 11 13 18 24 27 31 34 39 42 44 52 53 58 62 68 72 73 s
70 1 2 11 14 15 17 19 20 23 25 28 29 36 44 46 47 51 52 57 58 59 62 63 66 67 71 73 s
71 8 14 17 24 25 26 38 49 50 52 59 62 63 70 75 s
72 1 2 4 5 7 10 11 14 20 23 25 31 35 45 48 50 51 56 59 62 64 67 69 73 74 s
73 2 4 5 8 12 14 16 20 27 28 29 30 32 41 53 60 68 69 70 72 s
74 1 3 6 7 13 16 17 19 23 27 33 40 41 43 47 53 55 56 59 64 66 67 72 75 s
75 6 7 13 14 15 18 24 26 32 35 40 48 51 57 59 60 65 71 74 s
