1 2 6 8 18 20 21 34 42 47 61 68 69 70 71 s
2 1 3 4 9 10 17 21 34 35 50 53 55 58 59 60 61 62 65 71 75 s
3 2 6 7 14 23 27 40 41 47 49 50 51 54 68 70 72 74 s
4 2 5 17 25 29 30 31 40 43 49 51 54 61 62 67 74 75 s
5 4 14 19 20 22 24 25 26 30 32 35 42 53 55 57 59 60 66 70 71 75 s
6 1 3 7 20 25 27 34 35 36 37 43 50 52 55 65 67 s
7 3 6 10 21 22 25 28 29 30 39 41 46 50 51 62 66 75 s
8 1 15 20 27 31 37 39 46 58 59 62 66 67 69 72 73 s
9 2 17 18 24 27 29 51 55 58 62 64 65 71 73 s
10 2 7 11 12 13 15 16 21 30 33 35 39 43 51 53 68 s
11 10 13 14 25 29 30 37 39 42 45 48 49 51 61 62 64 67 68 69 73 s
12 10 17 18 25 26 43 44 46 48 56 58 63 64 69 s
13 10 11 17 19 21 23 24 29 30 31 33 41 45 46 52 66 s
14 3 5 11 15 23 25 31 33 38 47 48 54 61 62 66 75 s
15 8 10 14 19 20 22 25 26 29 33 34 35 37 39 41 53 54 62 69 70 72 74 75 s
16 10 23 29 31 33 36 42 44 48 50 58 62 65 67 68 72 75 s
17 2 4 9 12 13 19 21 27 30 33 35 40 43 44 49 50 57 64 72 s
18 1 9 12 29 31 32 42 45 46 60 61 63 64 68 69 74 75 s
19 5 13 15 17 25 28 29 51 53 56 62 67 71 75 s
20 1 5 6 8 15 34 40 41 52 54 55 60 61 62 67 68 70 s
21 1 2 7 10 13 17 22 25 32 36 44 50 52 54 55 58 65 74 s
22 5 7 15 21 24 31 32 34 39 42 50 52 62 64 66 69 73 74 s
23 3 13 14 16 24 26 29 33 35 36 45 50 52 54 55 61 62 64 66 67 74 75 s
24 5 9 13 22 23 28 29 32 41 45 48 50 51 65 73 s
25 4 5 6 7 11 12 14 15 19 21 29 31 32 34 42 43 44 45 46 48 53 54 56 57 62 64 69 s
26 5 12 15 23 33 40 41 42 43 44 46 54 56 60 62 70 72 73 74 s
27 3 6 8 9 17 28 30 37 40 42 45 46 47 50 52 60 62 68 70 74 75 s
28 7 19 24 27 31 33 38 39 50 52 56 57 65 67 73 s
29 4 7 9 11 13 15 16 18 19 23 24 25 32 37 42 43 45 49 55 58 63 64 67 69 71 74 s
30 4 5 7 10 11 13 17 27 31 35 36 37 40 41 45 52 54 62 63 64 71 72 s
31 4 8 13 14 16 18 22 25 28 30 32 38 40 44 45 46 50 52 54 60 61 64 69 70 72 s
32 5 18 21 22 24 25 29 31 34 36 44 46 47 49 50 58 60 62 65 67 70 72 73 75 s
33 10 13 14 15 16 17 23 26 28 35 37 41 43 44 46 49 55 59 67 68 71 74 s
34 1 2 6 15 20 22 25 32 36 40 54 65 66 71 73 s
35 2 5 6 10 15 17 23 30 33 39 40 41 52 54 55 61 62 64 65 70 74 75 s
36 6 16 21 23 30 32 34 37 39 45 51 52 57 60 62 64 65 73 74 s
37 6 8 11 15 27 29 30 33 36 39 41 42 43 44 46 47 52 54 58 66 69 70 71 72 s
38 14 28 31 41 42 49 53 54 58 59 69 70 s
39 7 8 10 11 15 22 28 35 36 37 40 43 47 48 53 57 60 65 66 73 74 s
40 3 4 17 20 26 27 30 31 34 35 39 46 48 52 54 56 58 60 62 64 68 s
41 3 7 13 15 20 24 26 30 33 35 37 38 48 57 61 69 s
42 1 5 11 16 18 22 25 26 27 29 37 38 45 47 63 64 66 70 72 74 s
43 4 6 10 12 17 25 26 29 33 37 39 48 50 52 56 57 58 61 67 72 s
44 12 16 17 21 25 26 31 32 33 37 47 49 51 53 56 58 63 69 s
45 11 13 18 23 24 25 27 29 30 31 36 42 47 48 52 66 68 71 75 s
46 7 8 12 13 18 25 26 27 31 32 33 37 40 52 57 66 74 75 s
47 1 3 14 27 32 37 39 42 44 45 48 53 59 60 62 64 65 68 71 72 73 s
48 11 12 14 16 24 25 39 40 41 43 45 47 50 53 56 63 65 67 s
49 3 4 11 17 29 32 33 38 44 50 51 54 55 60 62 63 71 s
50 2 3 6 7 16 17 21 22 23 24 27 28 31 32 43 48 49 61 62 69 71 75 s
51 3 4 7 9 10 11 19 24 36 44 49 57 60 61 65 69 71 72 s
52 6 13 20 21 22 23 27 28 30 31 35 36 37 40 43 45 46 57 59 60 64 67 68 72 74 s
53 2 5 10 15 19 25 38 39 44 47 48 58 62 64 68 71 s
54 3 4 14 15 20 21 23 25 26 30 31 34 35 37 38 40 49 55 56 61 66 68 71 s
55 2 5 6 9 20 21 23 29 33 35 49 54 58 62 63 70 74 s
56 12 19 25 26 28 40 43 44 48 54 57 58 64 70 74 s
57 5 17 25 28 36 39 41 43 46 51 52 56 67 68 72 73 75 s
58 2 8 9 12 16 21 29 32 37 38 40 43 44 53 55 56 60 63 64 67 68 69 71 73 s
59 2 5 8 33 38 47 52 66 s
60 2 5 18 20 26 27 31 32 36 39 40 47 49 51 52 58 61 62 72 s
61 1 2 4 11 14 18 20 23 31 35 41 43 50 51 54 60 65 72 73 s
62 2 4 7 8 9 11 14 15 16 19 20 22 23 25 26 27 30 32 35 36 40 47 49 50 53 55 60 64 66 68 73 s
63 12 18 29 30 42 44 48 49 55 58 74 75 s
64 9 11 12 17 18 22 23 25 29 30 31 35 36 40 42 47 52 53 56 58 62 67 73 s
65 2 6 9 16 21 24 28 32 34 35 36 39 47 48 51 61 66 68 s
66 5 7 8 13 14 22 23 34 37 39 42 45 46 54 59 62 65 73 75 s
67 4 6 8 11 16 19 20 23 28 29 32 33 43 48 52 57 58 64 72 s
68 1 3 10 11 16 18 20 27 33 40 45 47 52 53 54 57 58 62 65 s
69 1 8 11 12 15 18 22 25 29 31 37 38 41 44 50 51 58 71 s
70 1 3 5 15 20 26 27 31 32 35 37 38 42 55 56 s
71 1 2 5 9 19 29 30 33 34 37 45 47 49 50 51 53 54 58 69 s
72 3 8 15 16 17 26 30 31 32 37 42 43 47 51 52 57 60 61 67 73 s
73 8 9 11 22 24 26 28 32 34 36 39 47 57 58 61 62 64 66 72 s
74 3 4 15 18 21 22 23 26 27 29 33 35 36 39 42 46 52 55 56 63 75 s
75 2 4 5 7 14 15 16 18 19 23 27 32 35 45 46 50 57 63 66 74 s
