1 7 20 21 22 25 27 33 35 37 40 41 52 53 61 71 s
2 10 11 20 26 40 44 49 52 55 57 60 61 63 68 72 s
3 7 9 11 27 33 38 40 41 42 48 55 58 60 63 70 75 s
4 5 10 13 20 22 26 30 34 36 40 41 45 46 53 55 60 64 67 68 s
5 4 7 8 16 19 22 23 24 29 32 33 36 37 42 44 45 48 51 54 57 69 71 74 s
6 19 20 21 24 29 30 35 40 43 45 52 53 57 65 66 67 72 73 74 s
7 1 3 5 14 18 27 30 34 37 43 49 51 52 56 66 67 s
8 5 10 11 13 15 17 18 20 23 30 32 34 39 47 49 54 61 62 72 73 75 s
9 3 11 14 16 20 21 25 27 29 30 31 38 39 43 44 48 55 62 64 66 67 69 s
10 2 4 8 11 12 16 18 21 22 24 27 37 38 39 41 46 51 57 59 60 62 64 65 67 69 75 s
11 2 3 8 9 10 15 19 20 22 36 42 44 45 46 52 53 54 58 71 72 s
12 10 15 20 26 33 36 37 48 49 50 52 58 64 66 71 s
13 4 8 24 27 28 30 31 37 44 47 48 49 50 66 75 s
14 7 9 15 17 26 28 33 42 46 51 53 62 64 66 69 75 s
15 8 11 12 14 16 17 18 19 23 26 29 33 34 38 40 41 46 47 50 54 58 62 65 70 71 s
16 5 9 10 15 17 27 31 36 39 40 47 48 53 56 59 68 74 s
17 8 14 15 16 19 21 23 25 29 30 42 49 50 51 58 59 61 62 64 65 75 s
18 7 8 10 15 19 22 24 31 32 33 41 44 45 47 54 57 59 73 s
19 5 6 11 15 17 18 20 30 31 38 49 54 63 65 68 72 s
20 1 2 4 6 8 9 11 12 19 23 30 31 32 43 65 68 72 75 s
21 1 6 9 10 17 22 28 31 34 37 44 46 50 53 57 58 59 66 69 75 s
22 1 4 5 10 11 18 21 23 26 27 29 36 39 42 43 49 59 63 64 71 73 75 s
23 5 8 15 17 20 22 27 28 30 42 46 63 73 75 s
24 5 6 10 13 18 25 26 29 32 33 47 57 60 68 70 75 s
25 1 9 17 24 26 30 34 37 39 42 51 52 55 60 61 63 66 67 69 70 72 73 74 s
26 2 4 12 14 15 22 24 25 33 43 50 62 63 72 s
27 1 3 7 9 10 13 16 22 23 29 30 36 38 41 58 60 72 s
28 13 14 21 23 31 32 33 49 59 60 63 67 68 71 73 74 s
29 5 6 9 15 17 22 24 27 30 34 39 42 54 59 72 74 s
30 4 6 7 8 9 13 17 19 20 23 25 27 29 31 35 47 48 50 54 55 56 57 60 66 68 75 s
31 9 13 16 18 19 20 21 28 30 33 34 45 52 64 66 s
32 5 8 18 20 24 28 34 37 41 44 45 51 55 62 68 69 71 72 s
33 1 3 5 12 14 15 18 24 26 28 31 37 42 50 51 53 60 61 62 72 74 s
34 4 7 8 15 21 25 29 31 32 38 40 41 48 51 55 56 57 60 64 68 s
35 1 6 30 43 45 47 48 50 51 53 55 63 65 71 73 74 s
36 4 5 11 12 16 22 27 38 40 43 45 49 50 52 53 54 55 58 63 64 65 66 71 s
37 1 5 7 10 12 13 21 25 32 33 50 51 55 56 58 61 66 67 70 s
38 3 9 10 15 19 27 34 36 41 43 44 45 46 47 50 51 52 53 57 58 60 61 62 65 69 73 74 s
39 8 9 10 16 22 25 29 42 43 48 58 59 60 65 68 71 s
40 1 2 3 4 6 15 16 34 36 41 42 44 45 50 51 53 55 57 61 64 65 66 72 73 75 s
41 1 3 4 10 15 18 27 32 34 38 40 42 43 45 46 49 53 54 55 60 61 62 69 73 74 75 s
42 3 5 11 14 17 22 23 25 29 33 39 40 41 49 54 68 69 s
43 6 7 9 20 22 26 35 36 38 39 41 46 48 53 54 56 57 58 63 65 69 71 72 s
44 2 5 9 11 13 18 21 32 38 40 45 47 50 52 54 58 60 64 65 66 s
45 4 5 6 11 18 31 32 35 36 38 40 41 44 49 50 52 53 54 57 64 71 74 s
46 4 10 11 14 15 21 23 38 41 43 47 48 50 52 57 58 62 63 71 74 s
47 8 13 15 16 18 24 30 35 38 44 46 51 53 57 60 63 68 69 74 75 s
48 3 5 9 12 13 16 30 34 35 39 43 46 55 60 65 67 s
49 2 7 8 12 13 17 19 22 28 36 41 42 45 51 57 61 63 71 72 s
50 12 13 15 17 21 26 30 33 35 36 37 38 40 44 45 46 52 60 67 68 71 75 s
51 5 7 10 14 17 25 32 33 34 35 37 38 40 47 49 52 54 56 61 s
52 1 2 6 7 11 12 25 31 36 38 44 45 46 50 51 55 56 60 62 65 68 70 72 73 74 s
53 1 4 6 11 14 16 21 33 35 36 38 40 41 43 45 47 55 56 59 60 65 70 73 75 s
54 5 8 11 15 18 19 29 30 36 41 42 43 44 45 51 57 58 62 69 72 s
55 2 3 4 9 25 30 32 34 35 36 37 40 41 48 52 53 64 67 68 74 s
56 7 16 30 34 37 43 51 52 53 57 58 63 64 65 67 s
57 2 5 6 10 18 21 24 30 34 38 40 43 45 46 47 49 54 56 60 63 66 68 75 s
58 3 11 12 15 17 21 27 36 37 38 39 43 44 46 54 56 64 72 74 s
59 10 16 17 18 21 22 28 29 39 53 60 61 65 69 s
60 2 3 4 10 24 25 27 28 30 33 34 38 39 41 44 47 48 50 52 53 57 59 64 68 69 73 s
61 1 2 8 17 25 33 37 38 40 41 49 51 59 70 75 s
62 8 9 10 14 15 17 26 32 33 38 41 46 52 54 63 65 73 s
63 2 3 19 22 23 25 26 28 35 36 43 46 47 49 56 57 62 66 67 70 s
64 4 9 10 12 14 17 22 31 34 36 40 44 45 55 56 58 60 67 71 74 s
65 6 10 15 17 19 20 35 36 38 39 40 43 44 48 52 53 56 59 62 72 75 s
66 6 7 9 12 13 14 21 25 30 31 36 37 40 44 57 63 67 s
67 4 6 7 9 10 25 28 37 48 50 55 56 63 64 66 69 70 73 74 s
68 2 4 16 19 20 24 28 30 32 34 39 42 47 50 52 55 57 60 69 72 75 s
69 5 9 10 14 21 25 32 38 41 42 43 47 54 59 60 67 68 71 72 74 s
70 3 15 24 25 37 52 53 61 63 67 s
71 1 5 11 12 15 22 28 32 35 36 39 43 45 46 49 50 64 69 74 75 s
72 2 6 8 11 19 20 25 26 27 29 32 33 40 43 49 52 54 58 65 68 69 s
73 6 8 18 22 23 25 28 35 38 40 41 52 53 60 62 67 75 s
74 5 6 16 25 28 29 33 35 38 41 45 46 47 52 55 58 64 67 69 71 s
75 3 8 10 13 14 17 20 21 22 23 24 30 40 41 47 50 53 57 61 65 68 71 73 s
