1 2 3 4 5 6 7 8 9 11 15 18 19 20 24 28 29 31 32 33 34 37 43 45 46 51 52 53 54 55 59 60 67 68 69 70 s
2 1 3 4 9 10 12 14 16 17 23 26 27 30 34 35 38 40 42 43 44 45 46 47 49 50 51 52 53 54 55 56 57 61 62 64 65 67 71 72 74 s
3 1 2 5 6 8 11 15 17 18 20 23 27 28 30 33 34 36 37 38 39 41 43 45 48 49 55 61 63 64 66 67 68 74 75 s
4 1 2 5 6 7 8 13 15 17 19 20 21 22 23 25 26 27 28 31 32 36 37 38 40 44 46 47 48 49 50 51 52 56 57 58 59 60 61 66 67 68 70 71 72 75 s
5 1 3 4 9 11 12 14 16 17 18 19 20 22 26 27 32 33 34 37 38 40 43 45 47 48 50 53 56 57 60 61 62 68 69 70 71 72 74 s
6 1 3 4 9 10 14 15 17 18 19 24 32 33 34 37 38 40 43 44 47 48 50 54 60 62 64 65 66 69 73 74 s
7 1 4 10 12 14 16 21 23 26 27 28 29 32 33 34 38 39 40 41 43 47 50 51 52 55 56 59 63 64 65 67 68 69 71 72 s
8 1 3 4 10 11 13 14 16 18 19 20 22 23 24 25 26 28 29 30 33 34 35 36 43 45 46 48 49 56 58 61 63 64 65 67 68 69 70 74 75 s
9 1 2 5 6 10 11 12 13 15 16 21 22 25 29 31 32 33 36 37 39 40 41 44 45 46 47 49 53 54 56 58 59 62 66 68 70 74 s
10 2 6 7 8 9 11 13 16 17 19 20 24 25 28 30 31 34 35 36 37 39 43 50 52 53 55 56 57 59 60 62 63 64 66 67 68 71 72 73 74 s
11 1 3 5 8 9 10 13 15 16 18 19 21 22 24 27 29 34 35 36 46 49 50 52 53 54 56 58 60 61 62 63 64 66 68 69 70 71 73 74 75 s
12 2 5 7 9 16 17 19 20 22 24 25 27 30 31 32 33 37 42 43 46 49 50 51 52 53 55 60 61 63 64 65 67 68 69 70 72 s
13 4 8 9 10 11 14 16 19 21 27 28 29 30 31 34 35 37 38 39 40 41 43 44 46 48 51 52 53 54 59 60 61 63 66 69 71 72 75 s
14 2 5 6 7 8 13 16 17 19 20 25 26 28 32 34 36 40 42 44 45 46 47 51 53 54 55 57 58 60 63 66 69 70 71 72 74 75 s
15 1 3 4 6 9 11 16 19 20 23 24 26 27 38 40 41 42 44 48 49 52 55 56 57 59 63 65 66 67 70 71 72 73 74 75 s
16 2 5 7 8 9 10 11 12 13 14 15 17 18 23 24 28 29 32 34 35 37 39 40 43 44 45 47 48 50 51 53 54 55 58 59 61 63 69 70 74 s
17 2 3 4 5 6 10 12 14 16 19 20 21 22 26 28 29 31 32 35 36 37 38 39 40 41 42 43 44 46 48 49 50 51 54 57 58 59 61 63 65 67 68 72 74 s
18 1 3 5 6 8 11 16 20 22 23 27 28 29 31 33 34 35 37 39 40 42 46 48 49 51 52 53 54 55 56 60 63 67 68 69 70 72 74 s
19 1 4 5 6 8 10 11 12 13 14 15 17 23 25 26 29 30 31 34 35 38 40 42 44 45 49 50 51 56 57 58 61 62 63 65 67 68 69 71 73 75 s
20 1 3 4 5 8 10 12 14 15 17 18 25 26 28 30 31 32 33 34 36 37 38 39 40 42 44 46 47 49 50 54 56 58 63 64 71 75 s
21 4 7 9 11 13 17 23 24 28 29 30 33 34 35 36 38 39 40 41 42 44 45 46 47 48 50 51 52 53 54 56 57 59 60 63 64 66 70 73 s
22 4 5 8 9 11 12 17 18 23 25 26 27 28 29 30 31 32 33 34 35 37 38 39 40 42 43 45 46 47 58 59 61 62 63 66 67 68 73 s
23 2 3 4 7 8 15 16 18 19 21 22 24 25 26 28 29 33 34 35 36 37 39 40 42 43 44 46 48 49 52 54 55 56 57 58 61 62 64 s
24 1 6 8 10 11 12 15 16 21 23 25 26 30 32 34 35 36 39 41 42 45 46 47 49 51 52 53 54 56 58 61 67 68 71 73 s
25 4 8 9 10 12 14 19 20 22 23 24 29 32 33 34 35 37 38 39 40 42 45 49 50 55 57 60 62 64 67 68 71 73 s
26 2 4 5 7 8 14 15 17 19 20 22 23 24 27 30 33 36 39 41 42 43 46 47 48 51 56 57 58 61 62 63 64 65 66 70 72 73 75 s
27 2 3 4 5 7 11 12 13 15 18 22 26 28 32 34 35 36 37 39 40 41 42 46 47 48 49 51 53 55 57 61 62 67 68 69 71 72 74 s
28 1 3 4 7 8 10 13 14 16 17 18 20 21 22 23 27 29 30 33 35 36 37 38 39 40 41 42 43 45 46 48 52 53 56 57 65 66 68 72 73 74 s
29 1 7 8 9 11 13 16 17 18 19 21 22 23 25 28 32 34 37 38 39 40 44 45 46 47 48 49 51 52 53 57 58 59 61 63 64 67 68 69 70 72 73 s
30 2 3 8 10 12 13 19 20 21 22 24 26 28 33 35 36 37 41 42 43 49 50 53 59 62 64 65 68 69 73 74 s
31 1 4 9 10 12 13 17 18 19 20 22 33 35 37 38 41 43 44 46 50 51 52 53 54 55 60 61 62 63 68 70 71 73 s
32 1 4 5 6 7 9 12 14 16 17 20 22 24 25 27 29 35 37 39 40 41 42 46 47 49 50 51 52 53 57 58 59 60 61 63 65 67 69 71 73 74 s
33 1 3 5 6 7 8 9 12 18 20 21 22 23 25 26 28 30 31 39 42 43 44 45 52 53 55 56 57 59 61 63 65 67 68 70 74 75 s
34 1 2 3 5 6 7 8 10 11 13 14 16 18 19 20 21 22 23 24 25 27 29 36 37 38 39 43 44 47 48 49 50 53 54 55 56 58 59 60 62 65 66 69 74 s
35 2 8 10 11 13 16 17 18 19 21 22 23 24 25 27 28 30 31 32 36 37 41 42 47 49 52 53 55 58 61 62 63 65 66 70 71 75 s
36 3 4 8 9 10 11 14 17 20 21 23 24 26 27 28 30 34 35 37 41 43 51 52 53 54 56 57 58 61 67 69 71 72 73 74 75 s
37 1 3 4 5 6 9 10 12 13 16 17 18 20 22 23 25 27 28 29 30 31 32 34 35 36 39 45 51 54 55 56 59 60 61 64 65 66 68 72 74 75 s
38 2 3 4 5 6 7 13 15 17 19 20 21 22 25 28 29 31 34 39 40 41 42 44 46 48 50 52 53 54 55 58 59 63 64 66 69 70 72 75 s
39 3 7 9 10 13 16 17 18 20 21 22 23 24 25 26 27 28 29 32 33 34 37 38 41 42 43 44 48 50 51 52 55 58 59 62 64 66 67 70 71 73 74 s
40 2 4 5 6 7 9 13 14 15 16 17 18 19 20 21 22 23 25 27 28 29 32 38 41 43 47 48 51 52 55 58 59 66 69 72 73 75 s
41 3 7 9 13 15 17 21 24 26 27 28 30 31 32 35 36 38 39 40 42 44 45 47 48 52 53 55 57 59 62 66 68 69 70 71 72 73 74 s
42 2 12 14 15 17 18 19 20 21 22 23 24 25 26 27 28 30 32 33 35 38 39 41 44 48 49 55 57 59 61 62 63 64 65 67 71 72 73 74 s
43 1 2 3 5 6 7 8 10 12 13 16 17 22 23 26 28 30 31 33 34 36 39 40 44 45 46 51 54 55 56 58 59 60 61 62 63 67 69 70 73 75 s
44 2 4 6 9 13 14 15 16 17 19 20 21 23 29 31 33 34 38 39 41 42 43 49 50 51 52 53 55 57 58 59 60 62 64 66 70 72 73 74 75 s
45 1 2 3 5 8 9 14 16 19 21 22 24 25 28 29 33 37 41 43 46 47 49 54 55 57 60 62 63 64 67 68 s
46 1 2 4 8 9 11 12 13 14 17 18 20 21 22 23 24 26 27 28 29 31 32 38 43 45 47 48 49 51 52 54 57 59 60 61 64 65 67 68 69 70 72 74 s
47 2 4 5 6 7 9 14 16 20 21 22 24 26 27 29 32 34 35 40 41 45 46 49 50 51 54 55 56 59 61 62 63 66 67 68 70 71 73 s
48 3 4 5 6 8 13 15 16 17 18 21 23 26 27 28 29 34 38 39 40 41 42 46 52 53 54 55 56 57 59 60 61 63 66 67 69 71 72 73 s
49 2 3 4 8 9 11 12 15 17 18 19 20 23 24 25 27 29 30 32 34 35 42 44 45 46 47 50 51 54 56 57 58 59 61 64 65 66 67 68 69 71 s
50 2 4 5 6 7 10 11 12 16 17 19 20 21 25 30 31 32 34 38 39 44 47 49 54 57 58 60 61 62 64 66 67 68 71 75 s
51 1 2 4 7 12 13 14 16 17 18 19 21 24 26 27 29 31 32 36 37 39 40 43 44 46 47 49 55 58 59 60 61 62 68 70 75 s
52 1 2 4 7 10 11 12 13 15 18 21 23 24 28 29 31 32 33 35 36 38 39 40 41 44 46 48 56 58 61 63 64 65 72 74 75 s
53 1 2 5 9 10 11 12 13 14 16 18 21 24 27 28 29 30 31 32 33 34 35 36 38 41 44 48 54 59 60 61 62 63 66 67 70 71 75 s
54 1 2 6 9 11 13 14 16 17 18 20 21 23 24 31 34 36 37 38 43 45 46 47 48 49 50 53 56 58 62 63 64 65 66 71 72 s
55 1 2 3 7 10 12 14 15 16 18 23 25 27 31 33 34 35 37 38 39 40 41 42 43 44 45 47 48 51 56 57 58 60 62 63 65 66 68 70 71 72 73 74 75 s
56 2 4 5 7 8 9 10 11 15 18 19 20 21 23 24 26 28 33 34 36 37 43 47 48 49 52 54 55 58 64 67 68 69 73 s
57 2 4 5 10 14 15 17 19 21 23 25 26 27 28 29 32 33 36 41 42 44 45 46 48 49 50 55 59 63 64 65 66 67 68 69 70 72 75 s
58 4 8 9 11 14 16 17 19 20 22 23 24 26 29 32 34 35 36 38 39 40 43 44 49 50 51 52 54 55 56 61 63 64 68 69 70 72 75 s
59 1 4 7 9 10 13 15 16 17 21 22 29 30 32 33 34 37 38 39 40 41 42 43 44 46 47 48 49 51 53 57 61 63 66 69 71 75 s
60 1 4 5 6 10 11 12 13 14 18 21 25 31 32 34 37 43 44 45 46 48 50 51 53 55 61 62 65 66 71 72 74 75 s
61 2 3 4 5 8 11 12 13 16 17 19 22 23 24 26 27 29 31 32 33 35 36 37 42 43 46 47 48 49 50 51 52 53 58 59 60 65 66 67 68 69 70 72 73 74 75 s
62 2 5 6 9 10 11 19 22 23 25 26 27 30 31 34 35 39 41 42 43 44 45 47 50 51 53 54 55 60 64 65 68 69 71 72 74 s
63 3 7 8 10 11 12 13 14 15 16 17 18 19 20 21 22 26 29 31 32 33 35 38 42 43 45 47 48 52 53 54 55 57 58 59 65 66 70 71 74 75 s
64 2 3 6 7 8 10 11 12 20 21 23 25 26 29 30 37 38 39 42 44 45 46 49 50 52 54 56 57 58 62 70 71 72 74 s
65 2 6 7 8 12 15 17 19 26 28 30 32 33 34 35 37 42 46 49 52 54 55 57 60 61 62 63 66 67 69 70 72 74 s
66 3 4 6 9 10 11 13 14 15 21 22 26 28 34 35 37 38 39 40 41 44 47 48 49 50 53 54 55 57 59 60 61 63 65 68 70 72 73 74 s
67 1 2 3 4 7 8 10 12 15 17 18 19 22 24 25 27 29 32 33 36 39 42 43 45 46 47 48 49 50 53 56 57 61 65 69 74 75 s
68 1 3 4 5 7 8 9 10 11 12 17 18 19 22 24 25 27 28 29 30 31 33 37 41 45 46 47 49 50 51 55 56 57 58 61 62 66 70 71 72 74 75 s
69 1 5 6 7 8 11 12 13 14 16 18 19 27 29 30 32 34 36 38 40 41 43 46 48 49 56 57 58 59 61 62 65 67 70 71 72 74 s
70 1 4 5 8 9 11 12 14 15 16 18 21 26 29 31 33 35 38 39 41 43 44 46 47 51 53 55 57 58 61 63 64 65 66 68 69 71 75 s
71 2 4 5 7 10 11 13 14 15 19 20 24 25 27 31 32 35 36 39 41 42 47 48 49 50 53 54 55 59 60 62 63 64 68 69 70 72 74 s
72 2 4 5 7 10 12 13 14 15 17 18 26 27 28 29 36 37 38 40 41 42 44 46 48 52 54 55 57 58 60 61 62 64 65 66 68 69 71 73 s
73 6 10 11 15 19 21 22 24 25 26 28 29 30 31 32 36 39 40 41 42 43 44 47 48 55 56 61 66 72 75 s
74 2 3 5 6 8 9 10 11 14 15 16 17 18 27 28 30 32 33 34 36 37 39 41 42 44 46 52 55 60 61 62 63 64 65 66 67 68 69 71 75 s
75 3 4 8 11 13 14 15 19 20 26 33 35 36 37 38 40 43 44 50 51 52 53 55 57 58 59 60 61 63 67 68 70 73 74 s
