1 4 6 8 10 14 16 17 18 19 20 23 24 25 26 28 29 31 32 35 37 38 39 40 44 45 48 49 55 58 60 64 66 68 69 71 72 73 74 s
2 3 4 5 7 8 9 10 12 13 14 16 19 20 22 24 29 30 32 33 34 36 37 39 40 41 42 44 46 48 57 58 59 61 64 66 69 s
3 2 6 8 13 15 16 20 22 23 24 26 27 28 31 32 33 35 37 38 41 43 44 46 47 52 53 54 56 57 59 62 63 64 65 67 70 72 73 s
4 1 2 5 6 7 8 10 11 12 15 16 17 18 20 21 22 23 24 29 32 33 38 39 40 42 46 48 49 52 53 54 55 57 58 59 63 64 65 67 68 70 s
5 2 4 7 8 9 11 12 16 17 21 29 31 32 34 35 38 39 41 42 44 46 47 52 56 59 62 64 67 68 72 74 75 s
6 1 3 4 8 10 11 12 13 14 16 19 22 23 26 27 28 31 32 35 36 38 41 42 43 47 53 56 57 59 60 61 64 65 66 68 69 70 71 75 s
7 2 4 5 11 12 15 19 24 25 27 28 29 30 31 33 36 40 43 44 46 48 49 52 53 55 56 59 60 62 63 67 68 69 72 74 s
8 1 2 3 4 5 6 9 10 11 12 16 19 20 21 23 24 26 27 29 32 34 35 40 41 42 44 45 46 48 49 51 52 53 58 59 62 63 64 70 74 s
9 2 5 8 11 18 19 21 24 27 28 31 37 38 39 40 41 43 44 46 49 50 51 54 56 57 58 61 65 67 68 70 73 74 75 s
10 1 2 4 6 8 16 17 19 21 22 23 26 28 31 32 34 36 37 38 39 42 45 50 51 53 55 56 58 59 61 63 64 65 66 68 69 70 73 74 75 s
11 4 5 6 7 8 9 12 17 20 21 22 23 28 32 33 35 36 38 41 43 46 50 51 53 58 60 62 70 71 73 75 s
12 2 4 5 6 7 8 11 13 14 16 18 19 21 28 30 32 33 34 35 41 42 43 49 51 52 55 56 58 61 62 64 65 67 68 69 70 72 s
13 2 3 6 12 15 16 20 27 28 29 30 31 32 34 38 39 43 45 46 48 49 50 53 54 56 57 58 59 60 62 64 65 67 68 71 72 74 s
14 1 2 6 12 15 18 20 22 23 24 26 28 30 31 34 36 37 38 40 42 43 45 46 48 49 50 51 52 55 58 60 61 62 66 67 68 69 73 s
15 3 4 7 13 14 24 25 26 28 30 31 34 37 39 41 42 44 45 46 49 50 52 54 55 56 57 58 59 61 62 66 67 68 75 s
16 1 2 3 4 5 6 8 10 12 13 17 20 21 22 23 24 26 29 31 32 35 37 39 40 42 43 46 47 48 50 51 52 54 55 57 59 62 64 66 67 74 75 s
17 1 4 5 10 11 16 20 23 24 25 26 27 28 30 33 34 36 37 38 40 42 48 49 51 52 53 56 57 59 60 61 63 65 66 67 68 69 70 73 74 75 s
18 1 4 9 12 14 19 20 22 23 25 27 28 29 34 35 37 39 43 45 46 48 52 53 55 59 62 65 66 67 71 72 74 s
19 1 2 6 7 8 9 10 12 18 20 22 25 26 27 28 29 31 34 35 37 39 40 43 44 45 46 48 50 51 55 56 61 62 63 67 69 71 72 74 s
20 1 2 3 4 8 11 13 14 16 17 18 19 21 25 28 29 32 33 34 35 37 38 39 40 41 42 43 44 51 53 60 61 62 64 65 66 68 69 74 75 s
21 4 5 8 9 10 11 12 16 20 23 24 28 29 30 32 34 35 40 41 44 46 47 49 51 52 53 56 57 62 63 65 66 72 s
22 2 3 4 6 10 11 14 16 18 19 23 25 29 30 31 35 38 40 42 43 45 48 49 51 52 54 56 60 62 63 65 67 68 70 71 74 s
23 1 3 4 6 8 10 11 14 16 17 18 21 22 26 28 29 30 32 35 36 38 41 42 47 49 51 53 57 59 60 61 65 67 70 71 74 s
24 1 2 3 4 7 8 9 14 15 16 17 21 26 28 29 31 32 34 35 36 38 39 41 44 47 49 50 53 54 55 57 59 62 63 65 67 68 70 71 74 s
25 1 7 15 17 18 19 20 22 26 27 28 29 30 31 32 33 38 41 45 47 48 49 50 51 52 53 55 58 59 60 62 65 67 71 75 s
26 1 3 6 8 10 14 15 16 17 19 23 24 25 27 28 29 30 31 32 34 36 37 39 42 44 45 47 50 51 55 56 57 58 59 60 61 62 65 67 72 73 75 s
27 3 6 7 8 9 13 17 18 19 25 26 30 32 33 41 44 48 49 56 57 58 59 63 65 66 68 70 71 72 73 75 s
28 1 3 6 7 9 10 11 12 13 14 15 17 18 19 20 21 23 24 25 26 29 30 31 33 34 38 39 41 42 43 44 52 54 55 60 61 62 63 66 67 69 71 s
29 1 2 4 5 7 8 13 16 18 19 20 21 22 23 24 25 26 28 30 37 39 41 45 49 50 52 54 55 58 59 60 61 62 63 64 65 66 67 68 70 71 72 74 s
30 2 7 12 13 14 15 17 21 22 23 25 26 27 28 29 31 33 34 39 40 43 44 46 47 50 52 53 56 57 58 59 63 64 65 66 68 71 72 73 s
31 1 3 5 6 7 9 10 13 14 15 16 19 22 24 25 26 28 30 32 35 36 38 39 40 42 43 44 48 49 50 52 53 56 57 58 59 61 65 67 68 71 72 74 s
32 1 2 3 4 5 6 8 10 11 12 13 16 20 21 23 24 25 26 27 31 33 37 40 41 47 51 53 55 57 58 60 61 67 70 74 75 s
33 2 3 4 7 11 12 17 20 25 27 28 30 32 34 36 37 40 41 42 43 47 51 53 54 56 58 59 60 63 65 66 67 70 71 s
34 2 5 8 10 12 13 14 15 17 18 19 20 21 24 26 28 30 33 35 37 39 40 44 48 49 51 54 55 57 58 60 61 62 72 75 s
35 1 3 5 6 8 11 12 16 18 19 20 21 22 23 24 31 34 37 39 41 43 44 46 48 49 54 58 59 63 64 65 66 67 70 71 72 73 74 75 s
36 2 6 7 10 11 14 17 23 24 26 31 33 37 38 42 47 49 51 52 53 54 55 58 60 61 62 63 67 68 69 70 73 75 s
37 1 2 3 9 10 14 15 16 17 18 19 20 26 29 32 33 34 35 36 38 40 44 45 46 47 48 53 57 58 59 62 64 67 70 74 75 s
38 1 3 4 5 6 9 10 11 13 14 17 20 22 23 24 25 28 31 36 37 39 43 45 47 48 49 51 52 53 55 60 61 62 65 66 67 69 71 s
39 1 2 4 5 9 10 13 15 16 18 19 20 24 26 28 29 30 31 34 35 38 40 41 43 45 47 48 49 50 51 55 56 66 69 70 72 75 s
40 1 2 4 7 8 9 14 16 17 19 20 21 22 30 31 32 33 34 37 39 42 43 44 46 47 48 50 51 54 56 57 58 59 60 61 63 65 66 69 70 74 75 s
41 2 3 5 6 8 9 11 12 15 20 21 23 24 25 27 28 29 32 33 35 39 43 46 48 49 50 51 54 55 58 59 61 62 64 65 67 69 73 s
42 2 4 5 6 8 10 12 14 15 16 17 20 22 23 26 28 31 33 36 40 43 44 45 46 52 53 54 55 58 59 60 63 64 65 69 70 74 75 s
43 3 6 7 9 11 12 13 14 16 18 19 20 22 28 30 31 33 35 38 39 40 41 42 45 48 49 51 52 53 56 57 59 60 61 64 67 68 69 70 71 72 73 s
44 1 2 3 5 7 8 9 15 19 20 21 24 26 27 28 30 31 34 35 37 40 42 45 46 49 52 55 56 57 58 60 67 69 71 72 74 s
45 1 8 10 13 14 15 18 19 22 25 26 29 37 38 39 42 43 44 48 49 51 53 54 56 60 61 65 67 69 70 71 72 73 74 75 s
46 2 3 4 5 7 8 9 11 13 14 15 16 18 19 21 30 35 37 40 41 42 44 47 50 52 53 54 56 57 59 60 63 64 65 66 67 68 69 70 71 72 s
47 3 5 6 16 21 23 24 25 26 30 32 33 36 37 38 39 40 46 48 49 50 51 52 53 55 57 60 61 62 63 64 65 66 70 72 74 75 s
48 1 2 4 7 8 13 14 16 17 18 19 22 25 27 31 34 35 37 38 39 40 41 43 45 47 50 51 55 56 58 62 64 66 67 68 69 74 s
49 1 4 7 8 9 12 13 14 15 17 21 22 23 24 25 27 29 31 34 35 36 38 39 41 43 44 45 47 50 51 53 54 58 60 62 65 66 67 68 69 70 71 73 74 75 s
50 9 10 11 13 14 15 16 19 24 25 26 29 30 31 39 40 41 46 47 48 49 51 52 54 55 56 58 60 61 62 63 64 70 73 74 s
51 8 9 10 11 12 14 16 17 19 20 21 22 23 25 26 32 33 34 36 38 39 40 41 43 45 47 48 49 50 54 55 57 59 61 62 64 65 66 67 68 69 70 71 72 73 s
52 3 4 5 7 8 12 14 15 16 17 18 21 22 25 28 29 30 31 36 38 42 43 44 46 47 50 53 54 57 58 59 64 66 67 68 69 72 74 s
53 3 4 6 7 8 10 11 13 17 18 20 21 23 24 25 30 31 32 33 36 37 38 42 43 45 46 47 49 52 54 55 56 58 59 60 62 63 64 65 67 68 69 71 74 75 s
54 3 4 9 13 15 16 22 24 28 29 33 34 35 36 40 41 42 45 46 49 50 51 52 53 60 62 65 67 68 70 72 74 s
55 1 4 7 10 12 14 15 16 18 19 24 25 26 28 29 32 34 36 38 39 41 42 44 47 48 50 51 53 57 58 59 61 62 63 64 65 66 69 71 72 73 74 75 s
56 3 5 6 7 9 10 12 13 15 17 19 21 22 26 27 30 31 33 39 40 43 44 45 46 48 50 53 58 59 61 66 67 75 s
57 2 3 4 6 9 13 15 16 17 21 23 24 26 27 30 31 32 34 37 40 43 44 46 47 51 52 55 59 61 68 69 70 71 74 75 s
58 1 2 4 8 9 10 11 12 13 14 15 25 26 27 29 30 31 32 33 34 35 36 37 40 41 42 44 48 49 50 52 53 55 56 62 66 68 69 70 71 72 s
59 2 3 4 5 6 7 8 10 13 15 16 17 18 23 24 25 26 27 29 30 31 33 35 37 40 41 42 43 46 51 52 53 55 56 57 61 63 67 68 70 72 74 s
60 1 6 7 11 13 14 17 20 22 23 25 26 28 29 32 33 34 36 38 40 42 43 44 45 46 47 49 50 53 54 62 63 64 66 67 68 70 73 74 75 s
61 2 6 9 10 12 14 15 17 19 20 23 26 28 29 31 32 34 36 38 40 41 43 45 47 50 51 55 56 57 59 64 67 69 71 73 74 s
62 3 5 7 8 11 12 13 14 15 16 18 19 20 21 22 24 25 26 28 29 34 36 37 38 41 47 48 49 50 51 53 54 55 58 60 63 64 66 67 68 69 73 74 75 s
63 3 4 7 8 10 17 19 21 22 24 27 28 29 30 33 35 36 40 42 46 47 50 53 55 59 60 62 66 68 70 72 73 s
64 1 2 3 4 5 6 8 10 12 13 16 20 29 30 35 37 41 42 43 46 47 48 50 51 52 53 55 60 61 62 65 66 67 72 s
65 3 4 6 9 10 12 13 17 18 20 21 22 23 24 25 26 27 29 30 31 33 35 38 40 41 42 45 46 47 49 51 53 54 55 64 66 67 68 69 71 72 75 s
66 1 2 6 10 14 15 16 17 18 20 21 27 28 29 30 33 35 38 39 40 46 47 48 49 51 52 55 56 58 60 62 63 64 65 67 69 71 72 74 s
67 3 4 5 7 9 12 13 14 15 16 17 18 19 22 23 24 25 26 28 29 31 32 33 35 36 37 38 41 43 44 45 46 48 49 51 52 53 54 56 59 60 61 62 64 65 66 69 70 72 74 s
68 1 4 5 6 7 9 10 12 13 14 15 17 20 22 24 27 29 30 31 36 43 46 48 49 51 52 53 54 57 58 59 60 62 63 65 69 73 74 s
69 1 2 6 7 10 12 14 17 19 20 28 36 38 39 40 41 42 43 44 45 46 48 49 51 52 53 55 57 58 61 62 65 66 67 68 72 75 s
70 3 4 6 8 9 10 11 12 17 22 23 24 27 29 32 33 35 36 37 39 40 42 43 45 46 47 49 50 51 54 57 58 59 60 63 67 71 s
71 1 6 11 13 18 19 22 23 24 25 27 28 29 30 31 33 35 38 43 44 45 46 49 51 53 55 57 58 61 65 66 70 72 74 s
72 1 3 5 7 12 13 18 19 21 26 27 29 30 31 34 35 39 43 44 45 46 47 51 52 54 55 58 59 63 64 65 66 67 69 71 74 75 s
73 1 3 9 10 11 14 17 26 27 30 35 36 41 43 45 49 50 51 55 60 61 62 63 68 74 s
74 1 5 7 8 9 10 13 16 17 18 19 20 22 23 24 29 31 32 35 37 40 42 44 45 47 48 49 50 52 53 54 55 57 59 60 61 62 66 67 68 71 72 73 75 s
75 5 6 9 10 11 15 16 17 20 25 26 27 32 34 35 36 37 39 40 42 45 47 49 53 55 56 57 60 62 65 69 72 74 s
