1 2 3 5 6 8 10 11 12 15 16 17 18 20 21 22 24 25 28 29 31 32 38 39 50 52 53 54 55 58 59 60 67 68 69 71 72 73 75 s
2 1 3 4 5 6 8 9 10 11 12 14 16 19 25 26 27 29 30 34 36 38 41 42 43 44 45 46 48 49 50 55 57 58 59 60 61 62 63 64 66 67 68 69 70 71 73 74 s
3 1 2 4 5 6 7 8 13 18 20 23 24 25 27 28 30 31 32 38 40 41 42 44 46 47 52 54 59 60 65 70 72 73 74 75 s
4 2 3 5 6 7 8 13 15 17 18 19 21 22 23 24 25 29 30 31 32 33 34 35 37 39 40 43 45 47 49 52 54 55 57 59 60 62 63 64 66 68 70 72 s
5 1 2 3 4 10 11 12 15 18 20 22 23 24 25 28 29 31 32 36 37 38 39 42 44 45 47 48 49 56 57 58 64 65 66 67 69 71 74 75 s
6 1 2 3 4 9 10 12 14 15 16 19 20 21 22 23 26 27 30 35 36 37 38 40 42 44 48 51 55 57 58 59 61 62 66 68 69 71 74 75 s
7 3 4 11 12 13 14 18 19 20 22 23 28 30 31 35 36 38 39 40 47 49 51 52 56 57 61 63 67 69 75 s
8 1 2 3 4 9 11 12 15 16 17 20 26 27 30 31 32 33 34 35 36 40 44 46 47 49 50 51 57 60 62 67 68 69 71 72 74 75 s
9 2 6 8 10 14 18 20 24 25 27 28 32 33 34 37 38 41 43 44 45 46 47 49 50 51 53 54 57 58 59 60 63 64 65 66 67 70 71 72 73 74 s
10 1 2 5 6 9 11 12 14 16 18 19 21 22 24 28 29 32 33 37 40 41 43 45 46 48 54 57 60 61 63 64 66 67 68 69 71 72 75 s
11 1 2 5 7 8 10 12 13 14 17 20 24 26 27 30 32 33 36 37 38 47 51 54 55 58 59 60 61 62 63 65 66 69 72 73 75 s
12 1 2 5 6 7 8 10 11 13 15 18 19 20 21 22 24 29 31 33 34 37 38 40 41 45 46 48 50 53 54 55 56 57 60 64 65 66 67 71 73 75 s
13 3 4 7 11 12 15 16 21 22 23 25 28 37 41 42 43 45 51 54 55 56 57 58 60 61 65 68 71 74 75 s
14 2 6 7 9 10 11 15 18 19 20 26 28 39 43 45 48 51 52 56 57 58 69 70 71 72 73 74 s
15 1 4 5 6 8 12 13 14 16 19 22 23 25 27 29 30 31 32 35 36 38 39 40 41 42 43 44 46 47 48 50 51 52 53 54 55 58 60 61 62 64 65 67 68 72 73 s
16 1 2 6 8 10 13 15 17 18 20 22 23 25 30 31 34 36 37 38 40 41 42 43 45 47 48 49 50 53 57 59 60 61 62 63 66 67 69 70 71 72 73 75 s
17 1 4 8 11 16 18 19 21 23 24 25 27 32 33 34 37 38 39 40 41 42 45 46 49 50 52 53 54 58 59 60 63 66 69 70 73 74 s
18 1 3 4 5 7 9 10 12 14 16 17 19 22 23 25 27 29 30 32 33 35 36 37 38 39 40 41 43 44 45 50 51 53 56 57 58 59 60 63 64 66 69 70 71 72 73 74 75 s
19 2 4 6 7 10 12 14 15 17 18 21 22 23 24 27 29 30 31 32 34 35 36 37 39 42 47 48 49 50 52 54 55 61 63 64 65 70 72 75 s
20 1 3 5 6 7 8 9 11 12 14 16 23 24 27 30 32 33 34 36 39 40 41 43 45 47 48 49 51 53 54 56 58 60 61 62 63 64 72 75 s
21 1 4 6 10 12 13 17 19 23 25 26 27 30 32 33 34 37 38 41 46 47 48 49 51 52 54 57 58 60 61 62 64 65 66 67 68 70 71 72 74 75 s
22 1 4 5 6 7 10 12 13 15 16 18 19 27 29 30 31 33 36 41 44 46 47 48 51 53 54 56 62 63 64 67 69 70 s
23 3 4 5 6 7 13 15 16 17 18 19 20 21 24 30 33 34 41 42 44 47 48 49 50 51 53 54 56 59 61 66 68 69 71 72 73 74 s
24 1 3 4 5 9 10 11 12 17 19 20 23 25 27 28 30 32 33 38 40 42 43 44 45 46 47 48 50 54 56 57 59 60 61 62 63 64 65 67 68 69 70 71 72 73 74 75 s
25 1 2 3 4 5 9 13 15 16 17 18 21 24 29 30 32 33 34 36 37 38 39 41 43 46 47 48 49 54 55 57 58 59 60 62 63 65 68 70 71 72 73 74 s
26 2 6 8 11 14 21 27 28 29 30 34 37 38 39 42 49 52 54 57 60 61 63 64 68 72 73 74 75 s
27 2 3 6 8 9 11 15 17 18 19 20 21 22 24 26 29 30 31 33 34 37 38 39 40 41 42 44 45 46 48 50 51 52 56 60 61 63 64 65 66 67 68 70 74 s
28 1 3 5 7 9 10 13 14 24 26 29 35 36 37 39 40 43 44 45 46 48 51 54 55 57 59 60 61 62 64 68 69 70 75 s
29 1 2 4 5 10 12 15 18 19 22 25 26 27 28 30 33 34 35 36 37 40 41 42 43 47 50 55 57 58 59 60 61 63 64 65 66 67 70 72 s
30 2 3 4 6 7 8 11 15 16 18 19 20 21 22 23 24 25 26 27 29 31 32 34 36 40 42 43 45 48 49 50 51 52 53 54 56 58 59 60 61 62 63 64 65 68 70 71 73 74 s
31 1 3 4 5 7 8 12 15 16 19 22 27 30 32 33 37 39 40 41 42 44 45 48 49 50 55 56 59 60 61 62 64 65 66 68 69 71 72 s
32 1 3 4 5 8 9 10 11 15 17 18 19 20 21 24 25 30 31 33 35 36 38 40 42 44 45 47 48 51 52 54 55 56 57 58 60 62 65 67 68 70 71 74 s
33 4 8 9 10 11 12 17 18 20 21 22 23 24 25 27 29 31 32 34 36 39 42 43 46 49 53 54 58 59 62 67 69 70 71 73 75 s
34 2 4 8 9 12 16 17 19 20 21 23 25 26 27 29 30 33 35 37 42 43 45 46 47 48 50 51 52 54 55 56 57 59 60 62 64 67 69 70 71 75 s
35 4 6 7 8 15 18 19 28 29 32 34 36 38 39 41 42 44 45 48 49 50 53 54 55 56 57 58 60 61 63 64 66 67 68 70 71 72 s
36 2 5 6 7 8 11 15 16 18 19 20 22 25 28 29 30 32 33 35 37 38 39 40 41 42 43 45 46 47 48 50 51 52 53 57 58 59 61 62 63 69 70 s
37 4 5 6 9 10 11 12 13 16 17 18 19 21 25 26 27 28 29 31 34 36 42 46 47 48 49 50 52 54 55 59 60 64 69 73 74 s
38 1 2 3 5 6 7 9 11 12 15 16 17 18 21 24 25 26 27 32 35 36 39 40 41 42 44 48 49 50 51 54 55 58 59 60 61 62 64 65 66 67 68 69 70 71 72 73 s
39 1 4 5 7 14 15 17 18 19 20 25 26 27 28 31 33 35 36 38 40 42 43 45 48 49 50 51 53 58 59 67 68 70 71 73 75 s
40 3 4 6 7 8 10 12 15 16 17 18 20 24 27 28 29 30 31 32 36 38 39 42 43 44 45 46 47 48 49 50 51 52 53 56 57 59 62 63 64 65 66 68 69 71 72 74 s
41 2 3 9 10 12 13 15 16 17 18 20 21 22 23 25 27 29 31 35 36 38 42 43 46 48 49 52 53 54 56 58 59 61 63 65 67 69 72 74 75 s
42 2 3 5 6 13 15 16 17 19 23 24 26 27 29 30 31 32 33 34 35 36 37 38 39 40 41 45 46 47 50 53 54 55 56 59 60 64 65 70 71 73 s
43 2 4 9 10 13 14 15 16 18 20 24 25 28 29 30 33 34 36 39 40 41 44 46 48 49 51 52 53 56 57 58 61 62 63 64 65 68 69 72 74 75 s
44 2 3 5 6 8 9 15 18 22 23 24 27 28 31 32 35 38 40 43 46 49 55 56 57 58 60 61 62 68 70 71 72 74 75 s
45 2 4 5 9 10 12 13 14 16 17 18 20 24 27 28 30 31 32 34 35 36 39 40 42 47 49 54 55 56 57 58 59 61 62 63 64 65 66 67 s
46 2 3 8 9 10 12 15 17 21 22 24 25 27 28 33 34 36 37 40 41 42 43 44 51 54 56 57 58 59 60 61 62 64 67 s
47 3 4 5 7 8 9 11 15 16 19 20 21 22 23 24 25 29 32 34 36 37 40 42 45 49 50 51 52 57 58 60 62 63 65 67 68 69 72 73 s
48 2 5 6 10 12 14 15 16 19 20 21 22 23 24 25 27 28 30 31 32 34 35 36 37 38 39 40 41 43 49 55 56 57 59 60 66 68 70 71 74 s
49 2 4 5 7 8 9 16 17 19 20 21 23 25 26 30 31 33 35 37 38 39 40 41 43 44 45 47 48 50 55 57 59 60 63 64 65 66 68 69 70 71 75 s
50 1 2 8 9 12 15 16 17 18 19 23 24 27 29 30 31 34 35 36 37 38 39 40 42 47 49 51 52 53 55 58 59 62 64 66 68 71 73 s
51 6 7 8 9 11 13 14 15 18 20 21 22 23 27 28 30 32 34 36 38 39 40 43 46 47 50 52 58 61 64 66 68 69 70 71 74 75 s
52 1 3 4 7 14 15 17 19 21 26 27 30 32 34 36 37 40 41 43 47 50 51 57 59 61 62 63 64 66 68 70 71 72 73 74 s
53 1 9 12 15 16 17 18 20 22 23 30 33 35 36 39 40 41 42 43 50 54 57 59 60 63 68 69 70 73 s
54 1 3 4 9 10 11 12 13 15 17 19 20 21 22 23 24 25 26 28 30 32 33 34 35 37 38 41 42 45 46 53 55 59 63 66 69 73 74 s
55 1 2 4 6 11 12 13 15 19 25 28 29 31 32 34 35 37 38 42 44 45 48 49 50 54 56 57 59 60 61 62 64 70 72 74 75 s
56 5 7 12 13 14 18 20 22 23 24 27 30 31 32 34 35 40 41 42 43 44 45 46 48 55 58 60 61 62 65 67 68 69 72 73 s
57 2 4 5 6 7 8 9 10 12 13 14 16 18 21 24 25 26 28 29 32 34 35 36 40 43 44 45 46 47 48 49 52 53 55 58 59 63 67 68 69 70 71 72 73 75 s
58 1 2 5 6 9 11 13 14 15 17 18 20 21 25 29 30 32 33 35 36 38 39 41 43 44 45 46 47 50 51 56 57 59 60 61 62 64 65 69 70 73 75 s
59 1 2 3 4 6 9 11 16 17 18 23 24 25 28 29 30 31 33 34 36 37 38 39 40 41 42 45 46 48 49 50 52 53 54 55 57 58 61 62 64 65 66 69 72 73 s
60 1 2 3 4 8 9 10 11 12 13 15 16 17 18 20 21 24 25 26 27 28 29 30 31 32 34 35 37 38 42 44 46 47 48 49 53 55 56 58 61 64 66 67 68 73 s
61 2 6 7 10 11 13 15 16 19 20 21 23 24 26 27 28 29 30 31 35 36 38 41 43 44 45 46 51 52 55 56 58 59 60 62 63 64 65 66 67 70 73 74 s
62 2 4 6 8 11 15 16 20 21 22 24 25 28 30 31 32 33 34 36 38 40 43 44 45 46 47 50 52 55 56 58 59 61 64 65 66 67 68 70 72 s
63 2 4 7 9 10 11 16 17 18 19 20 22 24 25 26 27 29 30 35 36 40 41 43 45 47 49 52 53 54 57 61 64 66 67 69 70 71 74 75 s
64 2 4 5 9 10 12 15 18 19 20 21 22 24 26 27 28 29 30 31 34 35 37 38 40 42 43 45 46 49 50 51 52 55 58 59 60 61 62 63 65 66 68 71 72 74 75 s
65 3 5 9 11 12 13 15 19 21 24 25 27 29 30 31 32 38 40 41 42 43 45 47 49 56 58 59 61 62 64 68 70 72 73 74 s
66 2 4 5 6 9 10 11 12 16 17 18 21 23 27 29 31 35 38 40 45 48 49 50 51 52 54 59 60 61 62 63 64 67 68 69 70 71 74 s
67 1 2 5 7 8 9 10 12 15 16 21 22 24 27 29 32 33 34 35 38 39 41 45 46 47 56 57 60 61 62 63 66 70 71 s
68 1 2 4 6 8 10 13 15 21 23 24 25 26 27 28 30 31 32 35 38 39 40 43 44 47 48 49 50 51 52 53 56 57 60 62 64 65 66 73 74 s
69 1 2 5 6 7 8 10 11 14 16 17 18 22 23 24 28 31 33 34 36 37 38 40 41 43 47 49 51 53 54 56 57 58 59 63 66 71 72 73 75 s
70 2 3 4 9 14 16 17 18 19 21 22 24 25 27 28 29 30 32 33 34 35 36 38 39 42 44 48 49 51 52 53 55 57 58 61 62 63 65 66 67 72 74 s
71 1 2 5 6 8 9 10 12 13 14 16 18 21 23 24 25 30 31 32 33 34 35 38 39 40 42 44 48 49 50 51 52 57 63 64 66 67 69 75 s
72 1 3 4 8 9 10 11 14 15 16 18 19 20 21 23 24 25 26 29 31 35 38 40 41 43 44 47 52 55 56 57 59 62 64 65 69 70 s
73 1 2 3 9 11 12 14 15 16 17 18 23 24 25 26 30 33 37 38 39 42 47 50 52 53 54 56 57 58 59 60 61 65 68 69 75 s
74 2 3 5 6 8 9 13 14 17 18 21 23 24 25 26 27 30 32 37 40 41 43 44 48 51 52 54 55 61 63 64 65 66 68 70 s
75 1 3 5 6 7 8 10 11 12 13 16 18 19 20 21 24 26 28 33 34 39 41 43 44 49 51 55 57 58 63 64 69 71 73 s
