1 5 6 10 17 24 28 32 35 36 37 41 43 47 49 51 52 60 61 63 65 73 74 77 79 s
2 3 5 12 14 16 18 26 30 37 41 51 60 71 72 77 s
3 2 8 12 17 20 21 29 31 33 34 35 39 40 41 48 49 51 57 58 61 65 68 71 72 79 s
4 6 7 8 9 13 15 30 36 43 46 47 51 54 58 62 64 71 72 78 79 s
5 1 2 7 12 13 17 21 23 24 25 34 35 39 41 51 54 55 57 62 63 71 72 75 76 s
6 1 4 10 17 20 24 29 34 36 41 45 48 52 56 57 59 60 64 69 72 74 s
7 4 5 9 11 15 19 21 22 23 25 45 48 49 56 59 61 67 68 69 71 78 s
8 3 4 15 18 23 27 29 31 32 36 39 42 43 45 46 48 49 54 62 65 74 76 77 s
9 4 7 11 13 16 17 19 24 30 31 32 35 38 40 46 48 54 58 60 66 73 76 79 s
10 1 6 12 17 27 31 36 38 43 51 52 54 62 66 75 s
11 7 9 14 17 19 23 25 33 34 38 47 54 55 56 60 61 66 72 73 75 s
12 2 3 5 10 17 18 24 26 28 30 32 36 37 43 45 47 55 57 63 66 69 73 74 75 76 s
13 4 5 9 15 23 24 29 34 40 42 43 53 57 71 74 77 78 s
14 2 11 24 28 34 39 41 44 49 54 56 58 64 68 70 71 73 77 79 s
15 4 7 8 13 17 18 19 21 24 25 34 36 44 49 50 55 60 77 s
16 2 9 18 21 23 24 27 31 37 38 41 49 56 57 61 66 71 72 73 74 76 78 79 80 s
17 1 3 5 6 9 10 11 12 15 22 26 28 30 49 50 56 57 63 65 66 68 69 74 80 s
18 2 8 12 15 16 19 20 23 24 27 29 30 33 38 41 42 43 44 46 50 53 62 64 67 70 77 s
19 7 9 11 15 18 20 22 29 31 32 36 37 39 48 51 53 57 64 67 71 75 76 s
20 3 6 18 19 26 27 31 33 45 46 49 50 58 61 63 64 68 70 71 s
21 3 5 7 15 16 23 26 29 35 36 41 51 55 58 60 61 62 64 66 67 76 s
22 7 17 19 27 28 30 33 36 44 48 49 51 53 58 63 74 76 78 s
23 5 7 8 11 13 16 18 21 25 31 36 40 49 51 56 61 68 73 74 75 77 78 s
24 1 5 6 9 12 13 14 15 16 18 33 37 38 44 48 52 56 58 59 62 64 68 71 72 s
25 5 7 11 15 23 30 33 34 36 40 55 56 57 65 69 70 74 78 s
26 2 12 17 20 21 37 39 43 48 59 62 64 66 69 75 77 s
27 8 10 16 18 20 22 28 39 55 57 64 67 68 69 71 73 75 s
28 1 12 14 17 22 27 29 32 34 35 45 46 48 49 50 57 59 68 71 76 s
29 3 6 8 13 18 19 21 28 33 40 42 44 47 48 59 61 63 64 69 75 76 77 80 s
30 2 4 9 12 17 18 22 25 42 47 62 65 66 s
31 3 8 9 10 16 19 20 23 36 42 45 48 49 52 60 62 66 69 71 72 73 74 76 78 80 s
32 1 8 9 12 19 28 33 36 37 38 39 40 41 42 43 47 48 51 52 54 58 66 72 78 s
33 3 11 18 20 22 24 25 29 32 34 35 41 42 45 51 52 57 60 62 64 69 74 77 s
34 3 5 6 11 13 14 15 25 28 33 37 40 46 47 48 54 55 56 59 61 68 71 78 s
35 1 3 5 9 21 28 33 36 37 40 41 49 50 65 69 72 78 80 s
36 1 4 6 8 10 12 15 19 21 22 23 25 31 32 35 48 51 55 62 63 64 70 75 77 79 s
37 1 2 12 16 19 24 26 32 34 35 44 45 46 47 50 59 62 63 66 67 69 71 76 s
38 9 10 11 16 18 24 32 42 44 47 56 58 62 69 71 74 76 77 80 s
39 3 5 8 14 19 26 27 32 41 44 46 50 53 59 61 62 63 64 68 69 70 75 79 s
40 3 9 13 23 25 29 32 34 35 43 53 55 58 59 62 63 67 69 70 75 76 s
41 1 2 3 5 6 14 16 18 21 32 33 35 39 49 53 64 66 67 69 70 72 77 78 s
42 8 13 18 29 30 31 32 33 38 54 56 59 60 65 66 68 72 73 76 79 s
43 1 4 8 10 12 13 18 26 32 40 49 50 61 64 68 69 77 79 s
44 14 15 18 22 24 29 37 38 39 45 48 50 61 63 71 72 74 76 s
45 6 7 8 12 20 28 31 33 37 44 54 56 58 60 62 63 65 74 75 78 79 80 s
46 4 8 9 18 20 28 34 37 39 50 53 55 57 58 60 71 73 76 77 s
47 1 4 11 12 29 30 32 34 37 38 56 59 64 69 73 74 77 78 s
48 3 6 7 8 9 19 22 24 26 28 29 31 32 34 36 44 49 52 58 63 64 66 75 76 80 s
49 1 3 7 8 14 15 16 17 20 22 23 28 31 35 41 43 48 52 58 62 69 70 71 s
50 15 17 18 20 28 35 37 39 43 44 46 54 56 60 61 62 67 71 72 78 s
51 1 2 3 4 5 10 19 21 22 23 32 33 36 52 56 61 66 70 73 76 s
52 1 6 10 24 31 32 33 48 49 51 53 56 62 67 68 75 76 80 s
53 13 18 19 22 39 40 41 46 52 54 60 61 66 70 71 72 78 s
54 4 5 8 9 10 11 14 32 34 42 45 50 53 56 57 59 65 70 75 s
55 5 11 12 15 21 25 27 34 36 40 46 57 58 59 67 73 79 s
56 6 7 11 14 16 17 23 24 25 34 38 42 45 47 50 51 52 54 57 58 59 61 72 s
57 3 5 6 12 13 16 17 19 25 27 28 33 46 54 55 56 63 64 65 68 73 80 s
58 3 4 9 14 20 21 22 24 32 38 40 45 46 48 49 55 56 59 64 68 72 78 s
59 6 7 24 26 28 29 34 37 39 40 42 47 54 55 56 58 61 67 75 76 s
60 1 2 6 9 11 15 21 31 33 42 45 46 50 53 63 64 65 73 76 80 s
61 1 3 7 11 16 20 21 23 29 34 39 43 44 50 51 53 56 59 69 70 s
62 4 5 8 10 18 21 24 26 30 31 33 36 37 38 39 40 45 49 50 52 70 73 80 s
63 1 5 12 17 20 22 29 36 37 39 40 44 45 48 57 60 64 67 69 70 71 72 73 78 80 s
64 4 6 14 18 19 20 21 24 26 27 29 33 36 39 41 43 47 48 57 58 60 63 65 66 67 68 72 75 76 s
65 1 3 8 17 25 30 35 42 45 54 57 60 64 68 71 73 74 76 s
66 9 10 11 12 16 17 21 26 30 31 32 37 41 42 48 51 53 64 68 73 75 s
67 7 18 19 21 27 37 40 41 50 52 55 59 63 64 70 71 77 79 s
68 3 7 14 17 20 23 24 27 28 34 39 42 43 52 57 58 64 65 66 71 72 75 79 80 s
69 6 7 12 17 25 26 27 29 31 33 35 37 38 39 40 41 43 47 49 61 63 70 74 s
70 14 18 20 25 36 39 40 41 49 51 53 54 61 62 63 67 69 71 72 74 77 79 s
71 2 3 4 5 7 13 14 16 19 20 24 27 28 31 34 37 38 44 46 49 50 53 63 65 67 68 70 73 74 77 78 s
72 2 3 4 5 6 11 16 24 31 32 35 41 42 44 50 53 56 58 63 64 68 70 74 78 80 s
73 1 9 11 12 14 16 23 27 31 42 46 47 51 55 57 60 62 63 65 66 71 77 s
74 1 6 8 12 13 16 17 22 23 25 31 33 38 44 45 47 65 69 70 71 72 75 77 78 s
75 5 10 11 12 19 23 26 27 29 36 39 40 45 48 52 54 59 64 66 68 74 77 s
76 5 8 9 12 16 19 21 22 28 29 31 37 38 40 42 44 46 48 51 52 59 60 64 65 s
77 1 2 8 13 14 15 18 23 26 29 33 36 38 41 43 46 47 67 70 71 73 74 75 79 s
78 4 7 13 16 22 23 25 31 32 34 35 41 45 47 50 53 58 63 71 72 74 79 80 s
79 1 3 4 9 14 16 36 39 42 43 45 55 67 68 70 77 78 s
80 16 17 29 31 35 38 45 48 52 57 60 62 63 68 72 78 s
