1 4 24 26 30 31 34 35 38 53 54 55 56 57 58 70 74 76 77 s
2 12 13 15 17 19 27 28 29 35 37 38 45 49 54 56 59 63 65 68 73 75 s
3 8 10 18 19 27 30 36 42 43 49 50 59 60 61 64 s
4 1 6 14 19 27 28 34 41 45 48 50 56 58 63 66 74 76 79 s
5 6 7 11 14 18 23 26 30 36 37 40 43 50 55 58 61 62 63 65 66 67 71 s
6 4 5 9 15 18 21 25 30 32 41 42 43 44 54 55 62 63 72 s
7 5 8 10 11 13 14 16 18 19 21 23 31 32 36 38 39 41 45 49 54 63 64 68 73 77 78 79 80 s
8 3 7 14 17 24 25 28 29 33 37 38 41 47 53 54 55 56 70 75 77 79 s
9 6 10 12 14 20 28 33 35 36 42 48 49 54 61 67 74 76 78 80 s
10 3 7 9 13 15 18 20 25 29 31 33 44 46 56 60 61 72 76 s
11 5 7 17 24 25 27 30 34 37 40 49 51 53 56 65 73 80 s
12 2 9 15 16 21 22 27 31 36 50 56 57 60 64 68 69 74 78 79 s
13 2 7 10 21 25 26 29 34 39 41 42 46 51 54 55 61 63 64 65 69 70 72 74 s
14 4 5 7 8 9 16 18 19 27 32 34 39 40 44 46 48 58 59 65 73 74 80 s
15 2 6 10 12 21 22 31 40 48 49 51 63 66 73 s
16 7 12 14 19 27 28 35 42 45 46 48 51 52 55 61 62 68 69 70 73 78 79 s
17 2 8 11 22 23 26 28 31 33 38 39 45 48 54 58 64 65 67 76 77 78 s
18 3 5 6 7 10 14 21 24 27 37 38 39 40 46 47 51 52 53 55 57 70 76 78 80 s
19 2 3 4 7 14 16 23 25 34 36 40 54 55 61 62 63 68 72 73 74 75 78 79 s
20 9 10 22 23 28 30 36 38 44 56 61 63 72 79 s
21 6 7 12 13 15 18 26 32 35 37 39 45 49 57 60 61 63 64 71 79 s
22 12 15 17 20 28 40 43 45 47 58 59 61 66 68 77 s
23 5 7 17 19 20 25 26 28 32 36 37 39 47 48 49 59 68 s
24 1 8 11 18 25 28 30 32 34 37 39 41 46 47 52 53 56 57 60 62 68 72 79 s
25 6 8 10 11 13 19 23 24 47 49 50 57 61 74 80 s
26 1 5 13 17 21 23 27 32 35 36 37 41 48 51 54 57 62 64 80 s
27 2 3 4 11 12 14 16 18 26 29 33 34 35 38 49 52 55 57 58 64 65 76 78 79 80 s
28 2 4 8 9 16 17 20 22 23 24 29 37 40 43 45 47 48 70 78 s
29 2 8 10 13 27 28 31 33 34 44 54 55 61 76 s
30 1 3 5 6 11 20 24 33 42 43 48 53 68 72 79 s
31 1 7 10 12 15 17 29 32 35 38 39 43 47 48 49 52 53 63 72 77 78 79 80 s
32 6 7 14 21 23 24 26 31 34 35 39 42 45 51 52 54 65 68 72 73 80 s
33 8 9 10 17 27 29 30 44 45 65 67 71 s
34 1 4 11 13 14 19 24 27 29 32 38 39 44 46 48 53 59 60 64 70 72 76 78 80 s
35 1 2 9 16 21 26 27 31 32 36 37 56 63 68 73 74 s
36 3 5 7 9 12 19 20 23 26 35 38 39 40 47 48 57 60 61 62 64 68 74 s
37 2 5 8 11 18 21 23 24 26 28 35 38 41 49 50 65 69 70 72 73 74 77 s
38 1 2 7 8 17 18 20 27 31 34 36 37 39 49 54 58 59 68 69 77 s
39 7 13 14 17 18 21 23 24 31 32 34 36 38 41 45 54 55 56 62 65 68 71 75 79 s
40 5 11 14 15 18 19 22 28 36 49 50 51 52 54 61 62 64 65 68 s
41 4 6 7 8 13 24 26 37 39 42 43 48 51 54 55 59 60 67 77 78 80 s
42 3 6 9 13 16 30 32 41 52 58 80 s
43 3 5 6 22 28 30 31 41 52 56 61 70 75 77 s
44 6 10 14 20 29 33 34 59 62 66 71 74 76 79 s
45 2 4 7 16 17 21 22 28 32 33 39 47 48 49 53 65 73 77 79 s
46 10 13 14 16 18 24 34 55 57 58 65 68 74 77 s
47 8 18 22 23 24 25 28 31 36 45 50 59 61 65 71 79 s
48 4 9 14 15 16 17 23 26 28 30 31 34 36 41 45 51 59 61 70 71 72 80 s
49 2 3 7 9 11 15 21 23 25 27 31 37 38 40 45 52 53 56 58 59 65 75 78 80 s
50 3 4 5 12 25 37 40 47 52 58 59 62 71 73 76 77 s
51 11 13 15 16 18 26 32 40 41 48 52 53 58 61 63 65 78 79 s
52 16 18 24 27 31 32 40 42 43 49 50 51 53 64 s
53 1 8 11 18 24 30 31 34 45 49 51 52 54 58 59 65 73 74 80 s
54 1 2 6 7 8 9 13 17 19 26 29 32 38 39 40 41 53 57 59 64 74 77 s
55 1 5 6 8 13 16 18 19 27 29 39 41 46 62 63 70 71 80 s
56 1 2 4 8 10 11 12 20 24 35 39 43 49 60 62 69 70 74 76 s
57 1 12 18 21 24 25 26 27 36 46 54 58 61 66 67 74 75 s
58 1 4 5 14 17 22 27 38 42 46 49 50 51 53 57 66 67 69 79 80 s
59 2 3 14 22 23 34 38 41 44 47 48 49 50 53 54 66 68 73 77 79 s
60 3 10 12 21 24 34 36 41 56 61 62 64 71 74 75 78 s
61 3 5 9 10 13 16 19 20 21 22 25 29 36 40 43 47 48 51 57 60 66 70 73 74 75 s
62 5 6 16 19 24 26 36 39 40 44 50 55 56 60 67 68 72 s
63 2 4 5 6 7 13 15 19 20 21 31 35 51 55 66 67 80 s
64 3 7 12 13 17 21 26 27 34 36 40 52 54 60 67 68 71 78 80 s
65 2 5 11 13 14 17 27 32 33 37 39 40 45 46 47 49 51 53 68 70 72 78 80 s
66 4 5 15 22 44 57 58 59 61 63 72 75 s
67 5 9 17 33 41 57 58 62 63 64 75 78 s
68 2 7 12 16 19 22 23 24 30 32 35 36 38 39 40 46 59 62 64 65 73 76 79 s
69 12 13 16 37 38 56 58 74 75 77 s
70 1 8 13 16 18 28 34 37 43 48 55 56 61 65 71 72 s
71 5 21 33 39 44 47 48 50 55 60 64 70 79 s
72 6 10 13 19 20 24 30 31 32 34 37 48 62 65 66 70 75 76 78 80 s
73 2 7 11 14 15 16 19 32 35 37 45 50 53 59 61 68 76 s
74 1 4 9 12 13 14 19 25 35 36 37 44 46 53 54 56 57 60 61 69 79 s
75 2 8 19 39 43 49 57 60 61 66 67 69 72 s
76 1 4 9 10 17 18 27 29 34 44 50 56 68 72 73 s
77 1 7 8 17 22 31 37 38 41 43 45 46 50 54 59 69 s
78 7 9 12 16 17 18 19 27 28 31 34 41 49 51 60 64 65 67 72 s
79 4 7 8 12 16 19 20 21 24 27 30 31 39 44 45 47 51 58 59 68 71 74 80 s
80 7 9 11 14 18 25 26 27 31 32 34 41 42 48 49 53 55 58 63 64 65 72 79 s
