1 4 7 8 13 26 27 30 32 33 37 40 41 42 45 48 50 54 55 60 71 72 73 74 78 80 s
2 4 13 15 16 20 21 24 25 27 30 36 37 39 40 41 47 49 53 54 57 64 65 72 73 s
3 9 10 11 14 15 16 18 20 24 26 27 33 35 36 38 47 48 56 57 62 63 69 70 72 78 s
4 1 2 8 10 12 15 18 20 27 32 36 41 42 49 54 55 58 63 75 s
5 6 8 9 10 11 12 16 21 23 26 29 41 42 44 46 49 53 54 55 60 61 62 69 70 72 s
6 5 7 8 9 10 12 13 18 19 24 28 31 35 36 39 42 45 47 49 50 53 54 57 58 60 66 67 68 71 74 77 s
7 1 6 14 15 17 24 27 28 30 35 36 37 38 42 50 52 62 65 66 71 73 74 75 79 s
8 1 4 5 6 9 10 16 18 21 27 29 45 51 61 67 71 73 74 75 s
9 3 5 6 8 11 12 16 19 21 23 24 26 27 28 29 30 36 38 39 40 44 54 63 70 72 74 s
10 3 4 5 6 8 13 21 22 23 27 30 31 35 36 47 51 53 58 59 60 63 66 69 75 78 79 80 s
11 3 5 9 13 17 20 23 25 36 42 44 52 58 59 60 67 71 76 80 s
12 4 5 6 9 14 18 21 25 27 29 30 33 34 37 47 50 54 55 56 64 65 68 70 79 80 s
13 1 2 6 10 11 18 23 27 28 29 35 37 43 44 52 57 60 67 73 75 78 s
14 3 7 12 15 18 19 21 25 26 31 33 37 41 45 48 53 60 63 71 72 s
15 2 3 4 7 14 18 20 23 24 29 31 34 35 40 41 42 44 46 50 52 54 56 57 62 63 64 65 71 72 73 s
16 2 3 5 8 9 37 42 48 50 51 55 59 60 61 63 80 s
17 7 11 24 29 30 31 41 46 47 48 50 58 63 68 71 72 73 79 s
18 3 4 6 8 12 13 14 15 19 20 22 27 35 36 37 45 49 56 59 60 63 68 72 s
19 6 9 14 18 39 41 44 45 46 49 58 61 63 65 67 70 74 80 s
20 2 3 4 11 15 18 29 30 33 39 40 41 42 44 46 48 53 54 62 64 67 71 76 77 78 s
21 2 5 8 9 10 12 14 22 25 27 29 30 32 40 41 42 43 45 48 49 51 54 57 59 61 63 65 68 73 74 75 79 s
22 10 18 21 26 29 30 38 40 55 62 70 72 73 s
23 5 9 10 11 13 15 29 30 34 35 37 38 40 41 46 47 56 65 72 79 s
24 2 3 6 7 9 15 17 25 27 28 32 34 35 40 42 43 45 47 51 54 59 65 66 69 73 s
25 2 11 12 14 21 24 29 30 31 32 34 39 41 53 59 63 70 71 s
26 1 3 5 9 14 22 30 39 41 49 52 60 64 65 74 76 s
27 1 2 3 4 7 8 9 10 12 13 18 21 24 29 30 35 40 42 43 47 48 49 57 58 59 62 69 71 73 75 79 s
28 6 7 9 13 24 30 36 43 46 51 55 68 70 72 76 s
29 5 8 9 12 13 15 17 20 21 22 23 25 27 31 34 38 39 54 59 67 70 74 75 78 s
30 1 2 7 9 10 12 17 20 21 22 23 25 26 27 28 31 32 36 43 47 51 52 57 61 73 s
31 6 10 14 15 17 25 29 30 39 40 41 44 54 55 57 70 71 72 77 s
32 1 4 21 24 25 30 40 43 52 61 63 64 66 68 69 76 s
33 1 3 12 14 20 39 43 48 51 64 67 68 71 73 75 77 s
34 12 15 23 24 25 29 36 42 43 45 47 55 56 59 64 65 66 72 74 78 s
35 3 6 7 10 13 15 18 23 24 27 38 39 41 43 44 45 50 56 58 62 71 77 s
36 2 3 4 6 7 9 10 11 18 28 30 34 44 46 53 56 62 63 68 73 s
37 1 2 7 12 13 14 16 18 23 38 39 42 51 52 57 58 59 68 76 77 78 80 s
38 3 7 9 22 23 29 35 37 40 45 47 49 52 53 56 64 74 76 80 s
39 2 6 9 19 20 25 26 29 31 33 35 37 40 41 53 57 58 67 68 71 74 75 79 s
40 1 2 9 15 20 21 22 23 24 27 31 32 38 39 49 59 67 69 74 75 76 s
41 1 2 4 5 14 15 17 19 20 21 23 25 26 31 35 39 54 58 59 64 70 73 76 s
42 1 4 5 6 7 11 15 16 20 21 24 27 34 37 48 54 56 59 64 69 71 73 74 77 79 80 s
43 13 21 24 27 28 30 32 33 34 35 44 55 58 71 77 78 79 s
44 5 9 11 13 15 19 20 31 35 36 43 46 48 51 53 65 68 71 73 76 78 80 s
45 1 6 8 14 18 19 21 24 34 35 38 53 55 58 65 71 75 77 80 s
46 5 15 17 19 20 23 28 36 44 48 49 55 60 63 65 67 78 s
47 2 3 6 10 12 17 23 24 27 30 34 38 49 55 69 71 78 79 s
48 1 3 14 16 17 20 21 27 33 42 44 46 49 51 56 59 70 72 73 75 77 78 80 s
49 2 4 5 6 18 19 21 26 27 38 40 46 47 48 55 59 66 67 79 80 s
50 1 6 7 12 15 16 17 35 53 55 60 61 67 72 s
51 8 10 16 21 24 28 30 33 37 44 48 52 55 61 67 76 80 s
52 7 11 13 15 26 30 32 37 38 51 55 62 65 66 67 69 71 72 76 s
53 2 5 6 10 14 20 25 36 38 39 44 45 50 54 64 65 73 76 80 s
54 1 2 4 5 6 9 12 15 20 21 24 29 31 41 42 53 61 64 66 71 78 80 s
55 1 4 5 12 16 22 28 31 34 43 45 46 47 49 50 51 52 57 59 63 64 68 73 77 s
56 3 12 15 18 23 34 35 36 38 42 48 59 60 66 70 77 s
57 2 3 6 13 15 21 27 30 31 37 39 55 58 59 61 68 70 71 73 77 80 s
58 4 6 10 11 17 19 27 35 37 39 41 43 45 57 59 63 65 66 67 68 s
59 10 11 16 18 21 24 25 27 29 34 37 40 41 42 48 49 55 56 57 58 60 64 70 77 79 80 s
60 1 5 6 10 11 13 14 16 18 26 46 50 56 59 64 68 72 76 79 s
61 5 8 16 19 21 30 32 50 51 54 57 75 s
62 3 5 7 15 20 22 27 35 36 52 72 73 74 75 76 78 s
63 3 4 9 10 14 15 16 17 18 19 21 25 32 36 46 55 58 71 75 79 s
64 2 12 15 20 26 32 33 34 38 41 42 53 54 55 59 60 71 73 76 78 s
65 2 7 12 15 19 21 23 24 26 34 44 45 46 52 53 58 73 79 s
66 6 7 10 24 32 34 49 52 54 56 58 68 71 74 76 78 s
67 6 8 11 13 19 20 29 33 39 40 46 49 50 51 52 58 73 76 80 s
68 6 12 17 18 21 28 32 33 36 37 39 44 55 57 58 60 66 69 70 71 73 74 75 78 s
69 3 5 10 24 27 32 40 42 47 52 68 70 73 s
70 3 5 9 12 19 22 25 28 29 31 41 48 56 57 59 68 69 74 76 79 80 s
71 1 6 7 8 11 14 15 17 20 25 27 31 33 35 39 42 43 44 45 47 52 54 57 63 64 66 68 73 74 78 80 s
72 1 2 3 5 9 14 15 17 18 22 23 28 31 34 48 50 52 60 62 74 76 78 s
73 1 2 7 8 13 15 17 21 22 24 27 30 33 36 41 42 44 48 53 55 57 62 64 65 67 68 69 71 75 76 77 s
74 1 6 7 8 9 19 21 26 29 34 38 39 40 42 62 66 68 70 71 72 79 80 s
75 4 7 8 10 13 21 27 29 33 39 40 45 48 61 62 63 68 73 78 79 s
76 11 20 26 28 32 37 38 40 41 44 51 52 53 60 62 64 66 67 70 72 73 80 s
77 6 20 31 33 35 37 42 43 45 48 55 56 57 59 73 79 s
78 1 3 10 13 20 29 34 37 43 44 46 47 48 54 62 64 66 68 71 72 75 s
79 7 10 12 17 21 23 27 39 42 43 47 49 59 60 63 65 70 74 75 77 s
80 1 10 11 12 16 19 37 38 42 44 45 48 49 51 53 54 57 59 67 70 71 74 76 s
