1 4 5 9 12 15 17 18 25 34 35 47 51 57 66 67 69 72 s
2 6 9 17 33 36 41 42 43 47 50 52 54 57 58 64 65 66 67 70 72 78 80 s
3 4 5 6 17 19 22 23 24 28 31 36 38 44 45 48 51 52 53 55 57 59 61 70 72 73 75 s
4 1 3 18 21 25 26 27 29 32 33 35 36 39 40 46 52 53 54 55 56 59 66 68 72 73 79 s
5 1 3 7 20 23 26 27 28 32 33 37 42 43 44 45 53 55 57 62 65 67 74 75 76 78 s
6 2 3 11 12 14 18 19 22 24 26 35 36 41 43 44 47 48 49 58 63 65 68 70 77 78 s
7 5 12 20 30 31 32 39 42 46 47 52 54 57 59 60 65 66 70 71 74 78 s
8 9 13 16 18 20 23 26 27 28 33 34 36 44 46 51 53 59 64 71 72 79 s
9 1 2 8 12 15 16 17 19 24 25 31 32 33 39 42 51 52 54 55 57 64 70 75 77 s
10 13 14 16 21 22 31 37 38 39 41 42 43 49 63 67 73 76 79 s
11 6 12 15 20 24 25 27 32 41 42 43 44 45 47 51 52 63 67 71 73 75 78 s
12 1 6 7 9 11 13 18 22 24 29 34 35 39 48 58 71 75 79 s
13 8 10 12 16 19 21 25 26 27 28 30 35 36 42 44 49 51 52 57 65 66 69 70 78 s
14 6 10 15 16 21 23 26 27 30 33 35 37 39 45 51 59 63 64 65 67 68 70 74 75 76 80 s
15 1 9 11 14 19 25 26 28 33 42 45 49 55 60 61 66 67 70 73 77 79 s
16 8 9 10 13 14 17 18 22 23 32 36 41 56 59 66 70 72 78 s
17 1 2 3 9 16 24 25 27 33 34 39 41 42 43 49 56 61 65 66 71 76 79 80 s
18 1 4 6 8 12 16 21 26 27 32 35 41 49 50 55 57 62 64 69 71 72 80 s
19 3 6 9 13 15 20 21 27 37 39 40 43 53 54 56 57 63 66 67 68 69 70 73 77 80 s
20 5 7 8 11 19 21 38 45 46 47 49 53 56 59 68 72 74 76 77 78 80 s
21 4 10 13 14 18 19 20 22 26 30 31 33 34 35 42 47 49 50 55 57 58 62 63 70 74 s
22 3 6 10 12 16 21 26 39 44 45 48 51 55 57 64 67 68 70 71 72 73 79 80 s
23 3 5 8 14 16 39 40 43 46 49 54 57 58 59 62 71 76 s
24 3 6 9 11 12 17 29 44 48 52 54 58 60 62 65 66 75 77 78 s
25 1 4 9 11 13 15 17 27 33 36 42 47 64 65 70 72 73 75 s
26 4 5 6 8 13 14 15 18 21 22 33 35 39 43 47 48 60 62 65 68 72 73 78 s
27 4 5 8 11 13 14 17 18 19 25 38 39 41 46 48 49 57 66 68 69 72 76 s
28 3 5 8 13 15 32 34 35 37 38 40 55 58 62 63 66 70 73 74 75 79 s
29 4 12 24 31 35 39 42 45 46 47 48 49 55 56 62 66 70 80 s
30 7 13 14 21 33 35 48 49 52 60 67 68 70 73 74 75 80 s
31 3 7 9 10 21 29 36 37 41 42 46 48 52 55 56 58 61 63 64 68 70 71 73 s
32 4 5 7 9 11 16 18 28 33 35 36 39 41 43 44 45 50 53 55 59 61 62 64 66 74 75 76 77 79 s
33 2 4 5 8 9 14 15 17 21 25 26 30 32 34 35 38 48 54 56 57 58 64 65 72 75 77 s
34 1 8 12 17 21 28 33 38 40 41 44 47 52 54 57 60 62 68 70 75 78 s
35 1 4 6 12 13 14 18 21 26 28 29 30 32 33 38 41 42 43 44 47 49 50 56 57 58 59 60 61 62 67 68 69 73 75 s
36 2 3 4 6 8 13 16 25 31 32 40 43 44 47 49 50 51 52 54 57 63 66 67 69 75 78 79 s
37 5 10 14 19 28 31 40 42 43 56 60 64 71 77 78 80 s
38 3 10 20 27 28 33 34 35 40 43 46 51 54 64 75 78 s
39 4 7 9 10 12 14 17 19 22 23 26 27 29 32 40 41 43 48 52 55 59 67 68 72 74 76 80 s
40 4 19 23 28 34 36 37 38 39 44 45 47 49 51 53 58 60 71 74 78 s
41 2 6 10 11 16 17 18 27 31 32 34 35 39 44 46 50 52 58 62 72 s
42 2 5 7 9 10 11 13 15 17 21 25 29 31 35 37 44 50 54 69 71 72 75 79 s
43 2 5 6 10 11 17 19 23 26 32 35 36 37 38 39 44 48 58 64 67 68 76 s
44 3 5 6 8 11 13 22 24 32 34 35 36 40 41 42 43 46 48 53 54 56 58 71 73 77 s
45 3 5 11 14 15 20 22 29 32 40 50 55 60 68 69 70 74 75 78 s
46 4 7 8 20 23 27 29 31 38 41 44 47 50 53 54 55 63 80 s
47 1 2 6 7 11 20 21 25 26 29 34 35 36 40 46 60 65 67 68 69 73 77 79 80 s
48 3 6 12 22 24 26 27 29 30 31 33 39 43 44 50 53 59 61 62 63 65 72 74 77 79 s
49 6 10 13 15 17 18 20 21 23 27 29 30 35 36 40 67 69 72 75 78 s
50 2 18 21 32 35 36 41 42 45 46 48 51 54 57 63 70 75 77 78 s
51 1 3 8 9 11 13 14 22 36 38 40 50 52 57 60 62 63 67 69 s
52 2 3 4 7 9 11 13 24 30 31 34 36 39 41 51 53 54 57 60 61 74 75 76 78 s
53 3 4 5 8 19 20 32 40 44 46 48 52 55 56 57 60 63 64 65 72 73 74 78 s
54 2 4 7 9 19 23 24 33 34 36 38 42 44 46 50 52 56 57 61 64 65 72 77 s
55 3 4 5 9 15 18 21 22 28 29 31 32 39 45 46 53 65 70 73 79 s
56 4 16 17 19 20 29 31 33 35 37 44 53 54 58 63 64 66 69 75 s
57 1 2 3 5 7 9 13 18 19 21 22 23 27 33 34 35 36 50 51 52 53 54 65 67 69 71 74 76 78 79 s
58 2 6 12 21 23 24 28 31 33 35 40 41 43 44 56 59 60 64 66 73 s
59 3 4 7 8 14 16 20 23 32 35 39 48 58 60 63 68 72 75 s
60 7 15 24 26 30 34 35 37 40 45 47 51 52 53 58 59 61 65 67 69 70 73 74 75 77 s
61 3 15 17 31 32 35 48 52 54 60 74 s
62 5 18 21 23 24 26 28 29 32 34 35 41 48 51 63 65 67 68 74 76 78 s
63 6 10 11 14 19 21 28 31 36 46 48 50 51 53 56 59 62 66 69 70 74 77 78 s
64 2 8 9 14 18 22 25 31 32 33 37 38 43 53 54 56 58 77 79 s
65 2 5 6 7 13 14 17 24 25 26 33 47 48 53 54 55 57 60 62 68 69 73 78 79 s
66 1 2 4 7 13 15 16 17 19 24 27 28 29 32 36 56 58 63 67 70 71 75 78 80 s
67 1 2 5 10 11 14 15 19 22 30 35 36 39 43 47 49 51 57 60 62 66 68 71 73 80 s
68 4 6 14 19 20 22 26 27 30 31 34 35 39 43 45 47 59 62 65 67 72 75 s
69 1 13 18 19 27 35 36 42 45 47 49 51 56 57 60 63 65 72 73 78 s
70 2 3 6 7 9 13 14 15 16 19 21 22 25 28 29 30 31 34 45 50 55 60 63 66 77 s
71 7 8 11 12 17 18 22 23 31 37 40 42 44 57 66 67 74 s
72 1 2 3 4 8 16 18 20 22 25 26 27 33 39 41 42 48 49 53 54 59 68 69 73 80 s
73 3 4 10 11 15 19 22 25 26 28 30 31 35 44 47 53 55 58 60 65 67 69 72 75 79 80 s
74 5 7 14 20 21 28 30 32 39 40 45 48 52 53 57 60 61 62 63 71 77 79 s
75 3 5 9 11 12 14 24 25 28 30 32 33 34 35 36 38 42 45 49 50 52 56 59 60 66 68 73 78 s
76 5 10 14 17 20 23 27 32 39 43 52 57 62 79 s
77 6 9 15 19 20 24 32 33 37 44 47 48 50 54 60 63 64 70 74 78 s
78 2 5 6 7 11 13 16 20 24 26 34 36 37 38 40 45 49 50 52 53 57 62 63 65 66 69 75 77 79 s
79 4 8 10 12 15 17 22 28 32 36 42 47 48 55 57 64 65 73 74 76 78 s
80 2 14 17 18 19 20 22 29 30 37 39 46 47 66 67 72 73 s
