1 2 7 9 19 34 35 38 39 43 44 52 53 57 66 67 73 75 s
2 1 17 19 22 26 33 42 58 60 62 63 70 74 75 76 s
3 13 19 22 25 28 33 39 40 42 50 51 53 54 56 59 64 67 68 73 74 80 s
4 11 13 21 29 30 31 35 37 38 42 48 50 51 55 56 60 62 63 66 71 s
5 7 15 19 23 24 28 30 31 40 41 44 48 49 50 53 54 62 70 71 74 s
6 11 14 20 21 25 27 28 32 34 37 40 42 44 45 56 59 62 63 64 67 69 71 74 78 s
7 1 5 12 18 19 20 24 29 32 35 36 46 47 48 49 50 53 54 63 72 76 s
8 15 19 21 24 25 28 30 31 33 42 46 48 53 59 63 65 66 72 75 s
9 1 11 13 14 17 18 28 29 30 41 42 46 49 52 54 56 61 62 63 64 66 68 69 73 74 75 76 79 s
10 12 14 15 20 22 24 25 27 31 35 37 46 50 52 58 60 65 70 74 76 77 80 s
11 4 6 9 20 24 39 48 51 54 69 70 74 75 76 s
12 7 10 14 16 17 20 21 22 28 31 32 37 39 42 44 47 48 50 51 53 57 69 72 73 80 s
13 3 4 9 19 33 36 39 40 46 50 62 70 s
14 6 9 10 12 16 18 23 24 25 27 36 38 49 50 55 58 59 65 69 73 77 s
15 5 8 10 16 18 29 40 43 45 47 54 55 59 64 66 68 73 74 76 78 79 s
16 12 14 15 21 23 24 33 36 41 50 54 60 61 68 69 79 s
17 2 9 12 25 33 36 41 54 60 64 71 72 76 77 78 s
18 7 9 14 15 21 23 26 27 28 31 32 33 34 37 38 43 45 46 47 48 51 54 55 62 65 68 70 72 74 75 78 s
19 1 2 3 5 7 8 13 28 36 40 41 44 47 57 60 61 63 65 68 78 s
20 6 7 10 11 12 23 25 26 29 30 35 37 38 40 47 48 51 53 55 57 58 63 70 73 75 77 78 s
21 4 6 8 12 16 18 24 27 37 43 46 53 57 60 62 74 78 80 s
22 2 3 10 12 24 27 35 37 38 41 45 49 50 52 55 65 70 78 s
23 5 14 16 18 20 26 27 33 36 41 42 43 48 52 53 61 64 73 s
24 5 7 8 10 11 14 16 21 22 25 36 40 46 51 54 65 70 78 s
25 3 6 8 10 14 17 20 24 26 27 28 32 33 35 43 44 49 54 56 59 60 71 76 s
26 2 18 20 23 25 31 35 41 44 45 46 47 51 52 54 55 56 57 58 60 61 63 66 68 72 79 s
27 6 10 14 18 21 22 23 25 29 30 31 32 34 36 37 48 50 51 52 53 62 63 65 68 70 71 73 76 s
28 3 5 6 8 9 12 18 19 25 29 41 45 50 52 55 56 60 69 70 73 74 76 78 s
29 4 7 9 15 20 27 28 39 40 43 52 58 60 63 65 66 68 71 76 s
30 4 5 8 9 20 27 32 33 34 37 38 39 42 43 45 50 52 56 58 59 63 71 76 s
31 4 5 8 10 12 18 26 27 33 36 39 42 51 54 55 61 63 68 73 75 s
32 6 7 12 18 25 27 30 34 43 46 49 64 67 68 69 73 74 77 79 s
33 2 3 8 13 16 17 18 23 25 30 31 41 47 52 58 68 73 77 79 s
34 1 6 18 27 30 32 36 38 39 41 49 52 53 54 55 57 58 62 63 64 66 72 78 s
35 1 4 7 10 20 22 25 26 36 40 44 48 53 54 56 72 s
36 7 13 14 16 17 19 23 24 27 31 34 35 37 39 51 52 57 68 69 70 71 75 78 80 s
37 4 6 10 12 18 20 21 22 27 30 36 39 41 42 43 51 53 56 57 61 64 s
38 1 4 14 18 20 22 30 34 39 50 51 54 56 58 60 65 77 78 79 s
39 1 3 11 12 13 29 30 31 34 36 37 38 40 42 44 45 47 48 51 53 56 61 68 72 76 79 s
40 3 5 6 13 15 19 20 24 29 35 39 42 47 49 53 57 63 69 71 72 77 s
41 5 9 16 17 19 22 23 26 28 33 34 37 47 49 53 54 58 59 64 65 69 71 76 80 s
42 2 3 4 6 8 9 12 23 30 31 37 39 40 45 46 51 52 56 60 61 69 76 s
43 1 15 18 21 23 25 29 30 32 37 49 51 65 72 73 74 76 78 s
44 1 5 6 12 19 25 26 35 39 47 51 53 56 62 69 70 72 77 78 80 s
45 6 15 18 22 26 28 30 39 42 47 51 56 59 60 62 64 72 77 78 80 s
46 7 8 9 10 13 18 21 24 26 32 42 48 54 58 60 61 63 65 66 67 77 s
47 7 12 15 18 19 20 26 33 39 40 41 44 45 50 53 57 59 61 62 72 77 78 s
48 4 5 7 8 11 12 18 20 23 27 35 39 46 49 51 60 66 71 75 76 s
49 5 7 9 14 22 25 32 34 40 41 43 48 53 57 58 61 65 68 71 72 75 77 s
50 3 4 5 7 10 12 13 14 16 22 27 28 30 38 47 53 54 55 67 72 75 s
51 3 4 11 12 18 20 24 26 27 31 36 37 38 39 42 43 44 45 48 52 63 65 66 69 72 75 76 77 79 s
52 1 9 10 22 23 26 27 28 29 30 33 34 36 42 51 53 54 57 58 66 78 s
53 1 3 5 7 8 12 20 21 23 27 34 35 37 39 40 41 44 47 49 50 52 57 58 60 62 66 68 69 s
54 3 5 7 9 11 15 16 17 18 24 25 26 31 34 35 38 41 46 50 52 60 62 65 68 71 72 77 79 s
55 4 14 15 18 20 22 26 28 31 34 50 56 63 64 65 68 69 72 75 77 80 s
56 3 4 6 9 25 26 28 30 35 37 38 39 42 44 45 55 57 62 63 67 73 76 s
57 1 12 19 20 21 26 34 36 37 40 47 49 52 53 56 62 64 68 70 76 s
58 2 10 14 20 26 29 30 33 34 38 41 46 49 52 53 62 67 68 72 78 79 s
59 3 6 8 14 15 25 30 41 45 47 60 61 62 64 66 72 79 s
60 2 4 10 16 17 19 21 25 26 28 29 38 42 45 46 48 53 54 59 66 69 78 s
61 9 16 19 23 26 31 37 39 42 46 47 49 59 72 77 78 79 s
62 2 4 5 6 9 13 18 21 27 34 44 45 47 53 54 56 57 58 59 63 65 69 71 77 s
63 2 4 6 7 8 9 19 20 26 27 29 30 31 34 40 46 51 55 56 62 66 70 72 78 s
64 3 6 9 15 17 23 32 34 37 41 45 55 57 59 67 68 71 76 79 80 s
65 8 10 14 18 19 22 24 27 29 38 41 43 46 49 51 54 55 62 67 70 72 73 74 s
66 1 4 8 9 15 26 29 34 46 48 51 52 53 59 60 63 68 73 77 79 80 s
67 1 3 6 32 46 50 56 58 64 65 74 75 77 s
68 3 9 15 16 18 19 26 27 29 31 32 33 36 39 49 53 54 55 57 58 64 66 69 76 77 80 s
69 6 9 11 12 14 16 28 32 36 40 41 42 44 51 53 55 60 62 68 73 80 s
70 2 5 10 11 13 18 20 22 24 27 28 36 44 57 63 65 71 80 s
71 4 5 6 17 25 27 29 30 36 40 41 48 49 54 62 64 70 72 79 s
72 7 8 12 17 18 26 34 35 39 40 43 44 45 47 49 50 51 54 55 58 59 61 63 65 71 74 75 77 79 s
73 1 3 9 12 14 15 20 23 27 28 31 32 33 43 56 65 66 69 74 75 s
74 2 3 5 6 9 10 11 15 18 21 28 32 43 65 67 72 73 75 77 80 s
75 1 2 8 9 11 18 20 31 36 48 49 50 51 55 67 72 73 74 77 s
76 2 7 9 10 11 15 17 25 27 28 29 30 39 41 42 43 48 51 56 57 64 68 s
77 10 14 17 20 32 33 38 40 44 45 46 47 49 51 54 55 61 62 66 67 68 72 74 75 80 s
78 6 15 17 18 19 20 21 22 24 28 34 36 38 43 44 45 47 52 58 60 61 63 79 s
79 9 15 16 26 32 33 38 39 51 54 58 59 61 64 66 71 72 78 80 s
80 3 10 12 21 36 41 44 45 55 64 66 68 69 70 74 77 79 s
