1 2 3 6 7 9 17 18 20 21 24 25 27 28 29 32 33 34 37 38 43 45 47 50 54 55 61 62 66 67 68 69 70 72 73 74 75 78 80 s
2 1 3 9 10 12 14 16 17 19 25 27 31 33 34 35 36 37 39 40 43 47 50 51 52 53 56 58 60 61 62 66 68 69 70 71 72 73 74 75 80 s
3 1 2 6 7 8 9 11 15 18 22 23 24 25 26 27 31 34 35 40 41 44 46 47 48 49 50 56 58 59 60 61 64 71 72 73 75 76 s
4 5 6 7 8 17 18 20 25 26 28 29 30 31 33 34 35 36 37 40 41 42 43 45 46 47 48 49 50 52 53 54 55 56 57 59 61 62 65 66 72 73 76 78 79 s
5 4 9 10 11 14 15 16 20 21 24 25 28 29 30 31 32 36 40 43 44 45 46 49 51 52 55 59 61 62 66 67 69 71 74 75 76 77 s
6 1 3 4 9 11 12 13 17 20 22 23 24 25 28 29 30 32 36 38 44 47 48 51 52 55 56 57 58 59 64 67 68 69 71 72 73 76 79 s
7 1 3 4 10 13 15 16 17 19 20 21 23 24 26 28 31 32 35 37 38 48 49 52 53 55 57 58 59 61 63 65 68 69 71 73 76 s
8 3 4 9 10 13 14 15 17 18 20 21 23 24 25 26 27 28 31 33 36 38 39 41 42 44 46 48 51 54 55 57 58 59 61 65 66 67 68 71 72 73 79 80 s
9 1 2 3 5 6 8 16 20 24 25 27 29 31 32 34 38 41 43 46 47 48 49 54 57 59 62 63 64 66 68 70 71 72 73 74 76 78 79 s
10 2 5 7 8 12 14 15 16 18 20 22 23 26 31 33 37 38 44 47 51 52 61 63 64 66 74 78 s
11 3 5 6 12 13 19 20 24 25 26 30 32 35 37 39 40 41 44 46 48 51 53 54 55 59 60 62 64 65 67 71 74 75 79 s
12 2 6 10 11 14 15 16 18 19 22 24 26 28 29 32 34 36 38 43 44 48 51 54 55 56 57 61 62 63 64 65 67 68 70 71 73 74 76 77 78 79 s
13 6 7 8 11 14 16 17 20 22 24 28 31 33 35 37 38 40 41 46 51 54 55 56 58 59 60 63 64 68 70 71 72 74 76 78 79 80 s
14 2 5 8 10 12 13 16 19 24 26 29 34 38 41 43 45 46 48 51 52 53 54 56 58 60 62 64 65 66 67 68 69 70 72 73 74 77 78 80 s
15 3 5 7 8 10 12 17 22 23 25 29 31 34 37 41 42 43 44 47 49 52 53 55 56 58 59 61 67 68 69 72 73 75 77 s
16 2 5 7 9 10 12 13 14 18 19 21 22 23 24 27 29 33 34 36 40 41 42 44 47 48 49 51 52 56 57 58 61 63 64 65 66 70 73 74 76 77 79 s
17 1 2 4 6 7 8 13 15 18 24 28 29 30 32 33 34 36 37 38 39 41 42 48 50 51 52 56 60 62 65 66 67 69 73 75 76 78 s
18 1 3 4 8 10 12 16 17 19 23 24 27 31 32 33 34 35 36 37 38 39 42 43 52 54 56 57 59 60 66 74 75 78 79 s
19 2 7 11 12 14 16 18 20 21 23 24 25 26 27 28 31 34 36 37 41 47 48 49 50 52 54 55 57 59 61 62 63 64 65 68 69 70 76 78 79 80 s
20 1 4 5 6 7 8 9 10 11 13 19 22 26 32 33 37 39 41 42 43 46 47 49 50 51 52 54 55 56 59 62 65 66 67 70 73 74 75 76 80 s
21 1 5 7 8 16 19 23 27 29 30 31 32 34 35 36 37 39 40 41 44 46 47 48 49 52 55 56 57 59 62 64 68 71 74 76 77 79 80 s
22 3 6 10 12 13 15 16 20 23 24 27 30 31 32 37 42 43 44 48 49 50 51 52 54 55 56 58 59 60 64 67 69 72 73 76 77 78 80 s
23 3 6 7 8 10 15 16 18 19 21 22 25 26 28 29 40 41 42 45 51 52 53 55 56 57 58 61 62 64 66 71 73 74 77 79 80 s
24 1 3 5 6 7 8 9 11 12 13 14 16 17 18 19 22 27 28 31 32 34 35 37 38 39 41 42 43 44 45 47 49 53 55 56 58 61 66 68 70 73 77 78 79 80 s
25 1 2 3 4 5 6 8 9 11 15 19 23 31 33 34 35 38 40 44 45 47 50 51 52 53 54 55 56 60 61 62 64 65 68 70 71 75 78 s
26 3 4 7 8 10 11 12 14 19 20 23 27 28 29 30 32 34 35 36 37 38 39 40 42 43 44 46 47 50 51 54 57 58 62 64 65 66 68 70 72 73 74 75 76 77 80 s
27 1 2 3 8 9 16 18 19 21 22 24 26 28 29 31 33 36 37 38 40 41 43 44 50 52 59 60 61 62 65 66 67 68 69 70 71 72 73 74 75 76 77 79 80 s
28 1 4 5 6 7 8 12 13 17 19 23 24 26 27 29 30 31 32 33 34 35 36 37 39 40 41 42 43 44 46 47 48 50 51 53 56 57 58 59 60 61 63 65 66 68 70 71 75 78 s
29 1 4 5 6 9 12 14 15 16 17 21 23 26 27 28 30 31 32 33 35 44 45 46 48 49 51 52 55 56 57 58 60 61 62 63 64 65 66 68 70 71 73 74 75 79 s
30 4 5 6 11 17 21 22 26 28 29 34 36 41 43 44 45 47 50 54 56 58 61 63 64 65 66 67 68 69 70 71 72 73 s
31 2 3 4 5 7 8 9 10 13 15 18 19 21 22 24 25 27 28 29 33 34 35 37 38 39 40 41 42 43 46 49 50 51 52 54 55 57 58 62 63 68 70 71 76 80 s
32 1 5 6 7 9 11 12 17 18 20 21 22 24 26 28 29 33 35 37 38 41 42 44 46 49 50 51 52 53 55 58 59 60 64 65 66 68 71 74 77 78 80 s
33 1 2 4 8 10 13 16 17 18 20 25 27 28 29 31 32 34 35 36 37 40 41 43 46 48 49 51 52 53 54 56 57 58 60 63 64 65 67 72 73 75 76 80 s
34 1 2 3 4 9 12 14 15 16 17 18 19 21 24 25 26 28 30 31 33 38 39 41 42 47 48 50 51 52 54 55 56 58 59 60 61 62 63 64 69 73 76 79 80 s
35 2 3 4 7 11 13 18 21 24 25 26 28 29 31 32 33 37 38 40 41 47 48 49 50 52 53 54 56 57 58 60 61 62 65 69 70 72 73 74 75 77 78 79 80 s
36 2 4 5 6 8 12 16 17 18 19 21 26 27 28 30 33 37 39 41 43 44 45 49 51 52 54 55 57 59 60 66 67 70 71 73 75 77 79 80 s
37 1 2 4 7 10 11 13 15 17 18 19 20 21 22 24 26 27 28 31 32 33 35 36 40 42 43 46 47 52 53 54 55 57 58 59 61 63 64 65 69 70 71 74 76 78 79 80 s
38 1 6 7 8 9 10 12 13 14 17 18 24 25 26 27 31 32 34 35 39 40 42 44 47 52 53 54 59 61 62 63 66 68 71 73 74 78 79 s
39 2 8 11 17 18 20 21 24 26 28 31 34 36 38 44 45 47 48 49 50 51 55 56 57 64 65 67 70 74 75 76 77 s
40 2 3 4 5 11 13 16 21 23 25 26 27 28 31 33 35 37 38 42 43 44 46 48 49 51 52 53 54 61 62 63 64 66 68 69 70 72 74 77 80 s
41 3 4 8 9 11 13 14 15 16 17 19 20 21 23 24 27 28 30 31 32 33 34 35 36 42 43 44 45 48 49 50 52 54 55 59 60 62 64 65 67 68 69 72 73 75 76 77 78 80 s
42 4 8 15 16 17 18 20 22 23 24 26 28 31 32 34 37 38 40 41 44 45 47 49 50 51 52 57 59 60 63 65 66 67 70 72 78 s
43 1 2 4 5 9 12 14 15 18 20 22 24 26 27 28 30 31 33 36 37 40 41 44 45 47 49 52 54 55 57 58 59 61 62 64 68 69 70 73 75 76 78 79 s
44 3 5 6 8 10 11 12 15 16 21 22 24 25 26 27 28 29 30 32 36 38 39 40 41 42 43 45 46 48 53 54 55 56 57 59 60 61 63 64 65 67 70 76 77 78 79 80 s
45 1 4 5 14 23 24 25 29 30 36 39 41 42 43 44 46 47 48 54 55 56 57 58 59 60 62 63 64 65 66 67 72 74 75 78 79 s
46 3 4 5 8 9 11 13 14 20 21 26 28 29 31 32 33 37 40 44 45 47 49 51 52 55 56 58 60 64 65 69 71 72 74 75 78 79 80 s
47 1 2 3 4 6 9 10 15 16 19 20 21 24 25 26 28 30 34 35 37 38 39 42 43 45 46 48 52 53 54 55 57 63 66 67 68 69 71 72 77 78 s
48 3 4 6 7 8 9 11 12 14 16 17 19 21 22 28 29 33 34 35 39 40 41 44 45 47 52 55 58 60 61 63 64 67 69 71 73 76 77 78 80 s
49 3 4 5 7 9 15 16 19 20 21 22 24 29 31 32 33 35 36 39 40 41 42 43 46 50 51 52 54 55 57 59 60 61 62 64 68 69 70 74 75 76 79 s
50 1 2 3 4 17 19 20 22 25 26 27 28 30 31 32 34 35 39 41 42 49 53 54 55 56 58 62 64 68 69 70 73 76 s
51 2 5 6 8 10 11 12 13 14 16 17 20 22 23 25 26 28 29 31 32 33 34 36 39 40 42 46 49 53 54 59 62 63 66 67 72 74 75 77 79 80 s
52 2 4 5 6 7 10 14 15 16 17 18 19 20 21 22 23 25 27 29 31 32 33 34 35 36 37 38 40 41 42 43 46 47 48 49 53 55 57 58 59 61 63 64 65 66 67 68 69 70 72 77 s
53 2 4 7 11 14 15 23 24 25 28 32 33 35 37 38 40 44 47 50 51 52 54 56 60 63 64 67 68 69 73 75 76 78 s
54 1 4 8 9 11 12 13 14 18 19 20 22 25 26 30 31 33 34 35 36 37 38 40 41 43 44 45 47 49 50 51 53 55 56 59 60 61 62 63 65 68 69 70 71 77 79 80 s
55 1 4 5 6 7 8 11 12 13 15 19 20 21 22 23 24 25 29 31 32 34 36 37 39 41 43 44 45 46 47 48 49 50 52 54 56 57 62 64 66 69 72 73 74 75 76 77 78 79 s
56 2 3 4 6 12 13 14 15 16 17 18 20 21 22 23 24 25 28 29 30 33 34 35 39 44 45 46 50 53 54 55 58 59 61 64 65 66 68 71 72 79 s
57 4 6 7 8 9 12 16 18 19 21 23 26 28 29 31 33 35 36 37 39 42 43 44 45 47 49 52 55 59 63 64 65 69 70 74 76 77 79 80 s
58 2 3 6 7 8 13 14 15 16 22 23 24 26 28 29 30 31 32 33 34 35 37 43 45 46 48 50 52 56 60 62 69 70 71 74 75 76 79 80 s
59 3 4 5 6 7 8 9 11 13 15 18 19 20 21 22 27 28 32 34 36 37 38 41 42 43 44 45 49 51 52 54 56 57 60 61 62 63 66 68 71 72 73 74 77 79 s
60 2 3 11 13 14 17 18 22 25 27 28 29 32 33 34 35 36 41 42 44 45 46 48 49 53 54 58 59 63 64 66 68 71 72 73 74 75 76 77 78 80 s
61 1 2 3 4 5 7 8 10 12 15 16 19 23 24 25 27 28 29 30 34 35 37 38 40 43 44 48 49 52 54 56 59 64 65 67 69 72 73 74 76 77 80 s
62 1 2 4 5 9 11 12 14 17 19 20 21 23 25 26 27 29 31 34 35 38 40 41 43 45 49 50 51 54 55 58 59 63 64 65 67 70 72 76 77 79 80 s
63 7 9 10 12 13 16 19 28 29 30 31 33 34 37 38 40 42 44 45 47 48 51 52 53 54 57 59 60 62 64 65 66 71 73 76 79 80 s
64 3 6 9 10 11 12 13 14 16 19 21 22 23 25 26 29 30 32 33 34 37 39 40 41 43 44 45 46 48 49 50 52 53 55 56 57 60 61 62 63 67 68 71 73 75 76 77 78 80 s
65 4 7 8 11 12 14 16 17 19 20 25 26 27 28 29 30 32 33 35 37 39 41 42 44 45 46 52 54 56 57 61 62 63 66 68 70 71 72 73 74 78 80 s
66 1 2 4 5 8 9 10 14 16 17 18 20 23 24 26 27 28 29 30 32 36 38 40 42 45 47 51 52 55 56 59 60 63 65 67 68 69 70 78 79 80 s
67 1 5 6 8 11 12 14 15 17 20 22 27 30 33 36 39 41 42 44 45 47 48 51 52 53 61 62 64 66 69 71 73 75 76 77 78 79 s
68 1 2 6 7 8 9 12 13 14 15 19 21 24 25 26 27 28 29 30 31 32 38 40 41 43 47 49 50 52 53 54 56 59 60 64 65 66 76 77 s
69 1 2 5 6 7 14 15 17 19 22 27 30 34 35 37 40 41 43 46 47 48 49 50 52 53 54 55 57 58 61 66 67 70 73 76 77 78 s
70 1 2 9 12 13 14 16 19 20 24 25 26 27 28 29 30 31 35 36 37 39 40 42 43 44 49 50 52 54 57 58 62 65 66 69 72 75 80 s
71 2 3 5 6 7 8 9 11 12 13 21 23 25 27 28 29 30 31 32 36 37 38 46 47 48 54 56 58 59 60 63 64 65 67 72 73 75 80 s
72 1 2 3 4 6 8 9 13 14 15 22 26 27 30 33 35 40 41 42 45 46 47 51 52 55 56 59 60 61 62 65 70 71 77 78 79 s
73 1 2 3 4 6 7 8 9 12 14 15 16 17 20 22 23 24 26 27 29 30 33 34 35 36 38 41 43 48 50 53 55 59 60 61 63 64 65 67 69 71 76 s
74 1 2 5 9 10 11 12 13 14 16 18 20 21 23 26 27 29 32 35 37 38 39 40 45 46 49 51 55 57 58 59 60 61 65 75 77 s
75 1 2 3 5 11 15 17 18 20 25 26 27 28 29 33 35 36 39 41 43 45 46 49 51 53 55 58 60 64 67 70 71 74 79 s
76 3 4 5 6 7 9 12 13 16 17 19 20 21 22 26 27 31 33 34 37 39 41 43 44 48 49 50 53 55 57 58 60 61 62 63 64 67 68 69 73 79 80 s
77 5 12 14 15 16 21 22 23 24 26 27 32 35 36 39 40 41 44 47 48 51 52 54 55 57 59 60 61 62 64 67 68 69 72 74 79 80 s
78 1 4 9 10 12 13 14 17 18 19 22 24 25 28 32 35 37 38 41 42 43 44 45 46 47 48 53 55 60 64 65 66 67 69 72 s
79 4 6 8 9 11 12 13 16 18 19 21 23 24 27 29 34 35 36 37 38 43 44 45 46 49 51 54 55 56 57 58 59 62 63 66 67 72 75 76 77 s
80 1 2 8 13 14 19 20 21 22 23 24 26 27 31 32 33 34 35 36 37 40 41 44 46 48 51 54 57 58 60 61 62 63 64 65 66 70 71 76 77 s
