1 5 9 10 11 12 13 14 15 20 22 23 24 25 27 28 29 31 34 35 36 37 39 43 45 49 50 52 54 56 57 60 62 64 66 67 68 73 78 79 s
2 5 6 7 10 11 12 14 17 18 25 26 27 28 30 31 32 33 34 39 42 46 47 48 49 51 54 57 61 62 63 65 68 70 73 75 77 78 s
3 4 5 8 9 12 13 15 18 19 20 22 26 27 28 29 32 33 34 35 36 38 39 41 42 43 49 50 52 56 57 61 62 63 64 68 70 71 72 73 74 75 79 80 s
4 3 5 6 7 9 13 14 15 16 17 21 23 24 27 31 34 35 39 41 42 44 47 48 50 51 54 55 59 60 62 64 72 77 79 80 s
5 1 2 3 4 7 9 10 12 21 26 28 29 30 40 41 42 43 44 45 47 48 51 53 54 58 62 64 66 67 68 69 70 72 73 75 77 79 80 s
6 2 4 9 10 11 13 14 16 17 18 19 21 25 26 28 31 32 34 35 36 37 40 43 45 47 48 51 53 55 60 61 62 64 66 67 68 70 75 77 s
7 2 4 5 8 12 14 15 18 20 21 22 24 27 30 38 41 43 44 47 50 51 52 53 55 56 59 60 62 64 65 66 71 73 76 77 s
8 3 7 12 17 21 22 24 25 27 30 31 32 36 40 41 43 44 45 46 48 49 50 51 52 53 55 56 66 67 68 69 71 74 76 80 s
9 1 3 4 5 6 11 12 13 14 19 21 24 25 27 30 31 32 34 40 41 43 44 47 50 53 55 57 60 63 66 69 71 74 77 78 s
10 1 2 5 6 13 14 15 20 21 22 24 27 29 31 32 33 34 35 36 40 42 43 44 45 51 54 58 62 64 67 69 70 71 73 75 76 77 78 80 s
11 1 2 6 9 13 14 16 17 19 20 22 23 28 30 32 33 34 35 36 37 38 39 40 42 44 45 48 49 54 57 58 59 61 62 63 66 67 69 70 71 72 73 74 75 76 78 79 80 s
12 1 2 3 5 7 8 9 13 14 16 17 18 20 24 30 31 32 33 34 35 43 44 45 46 47 49 56 58 61 65 66 68 69 70 75 77 78 79 s
13 1 3 4 6 9 10 11 12 19 28 29 31 32 33 35 38 41 43 51 52 53 54 56 58 59 60 61 62 63 66 67 70 71 72 73 74 77 78 s
14 1 2 4 6 7 9 10 11 12 15 19 22 25 26 28 30 31 32 33 38 41 42 47 48 50 51 52 53 55 59 60 61 63 64 65 66 71 78 80 s
15 1 3 4 7 10 14 16 17 18 22 23 24 25 28 29 30 33 34 36 37 46 50 52 54 55 56 60 61 63 66 68 71 73 75 77 78 79 s
16 4 6 11 12 15 18 20 22 23 24 25 26 28 33 34 37 38 40 42 46 50 51 53 55 56 64 66 68 69 70 72 74 80 s
17 2 4 6 8 11 12 15 18 19 20 21 22 24 29 30 31 32 34 39 41 42 43 47 48 49 50 54 60 62 64 71 74 75 77 78 79 s
18 2 3 6 7 12 15 16 17 20 22 25 30 33 37 39 41 44 45 46 47 49 50 51 52 53 54 55 57 59 62 64 65 67 71 72 77 78 s
19 3 6 9 11 13 14 17 22 25 26 27 28 29 31 32 33 35 40 41 43 44 46 47 50 54 55 59 61 62 66 70 74 75 78 s
20 1 3 7 10 11 12 16 17 18 21 22 27 29 31 32 35 38 39 40 42 44 45 51 55 56 58 61 62 64 70 74 s
21 4 5 6 7 8 9 10 17 20 22 27 28 32 33 34 37 39 40 41 42 43 44 45 47 49 52 53 55 58 61 62 63 65 66 67 68 70 71 73 74 78 80 s
22 1 3 7 8 10 11 14 15 16 17 18 19 20 21 24 27 29 31 33 35 36 37 38 39 40 42 44 45 48 50 57 58 59 63 67 69 72 73 77 78 80 s
23 1 4 11 15 16 24 25 27 29 30 32 33 35 36 37 38 43 47 48 50 53 55 56 58 59 64 65 66 68 69 71 76 77 78 80 s
24 1 4 7 8 9 10 12 15 16 17 22 23 28 29 33 34 35 39 41 43 44 46 47 48 54 62 66 67 68 70 71 72 77 79 s
25 1 2 6 8 9 14 15 16 18 19 23 28 30 31 32 33 34 36 38 41 43 44 45 46 51 53 55 56 57 58 59 61 65 67 68 70 75 76 79 s
26 2 3 5 6 14 16 19 27 28 29 30 31 33 35 36 37 39 41 42 43 45 51 54 57 61 63 66 68 69 70 73 76 79 s
27 1 2 3 4 7 8 9 10 19 20 21 22 23 26 30 31 33 34 35 36 37 38 39 43 45 47 48 49 51 52 53 54 55 59 61 63 64 66 67 69 71 72 76 78 79 s
28 1 2 3 5 6 11 13 14 15 16 19 21 24 25 26 30 32 33 39 40 41 46 49 50 51 58 60 61 62 63 65 66 67 69 70 71 72 74 77 80 s
29 1 3 5 10 13 15 17 19 20 22 23 24 26 31 33 40 41 42 44 46 47 50 56 57 58 59 60 61 65 68 71 74 75 76 78 79 80 s
30 2 5 7 8 9 11 12 14 15 17 18 23 25 26 27 28 33 34 39 43 49 53 56 58 62 66 67 68 69 73 75 s
31 1 2 4 6 8 9 10 12 13 14 17 19 20 22 25 26 27 29 33 34 36 37 38 39 40 42 45 48 53 56 60 61 66 70 71 73 74 78 s
32 2 3 6 8 9 10 11 12 13 14 17 19 20 21 23 25 28 33 34 35 36 37 40 41 46 47 51 53 54 55 59 61 63 68 70 72 73 76 77 78 79 80 s
33 2 3 10 11 12 13 14 15 16 18 19 21 22 23 24 25 26 27 28 29 30 31 32 35 37 38 42 45 46 47 48 51 52 53 54 55 56 57 60 61 62 66 71 72 73 74 75 77 78 80 s
34 1 2 3 4 6 9 10 11 12 15 16 17 21 24 25 27 30 31 32 37 39 41 42 46 48 50 52 53 55 58 60 61 64 68 70 72 76 77 79 80 s
35 1 3 4 6 10 11 12 13 19 20 22 23 24 26 27 32 33 37 38 39 40 41 42 47 48 50 52 53 56 62 63 64 68 69 70 71 72 75 76 s
36 1 3 6 8 10 11 15 22 23 25 26 27 31 32 39 43 44 48 49 53 54 55 56 57 59 61 64 66 67 68 69 70 71 74 75 78 s
37 1 6 11 15 16 18 21 22 23 26 27 31 32 33 34 35 38 39 40 42 43 45 49 51 53 56 58 59 62 63 66 69 71 72 78 79 s
38 3 7 11 13 14 16 20 22 23 25 27 31 33 35 37 39 43 46 49 50 52 54 55 57 58 63 64 67 68 70 73 76 77 78 79 s
39 1 2 3 4 11 17 18 20 21 22 24 26 27 28 30 31 34 35 36 37 38 41 42 44 46 47 49 53 54 58 62 64 65 66 67 71 72 73 74 75 76 80 s
40 5 6 8 9 10 11 16 19 20 21 22 28 29 31 32 35 37 41 42 44 46 47 49 51 53 56 58 63 64 65 66 67 68 69 75 77 78 80 s
41 3 4 5 7 8 9 13 14 17 18 19 21 24 25 26 28 29 32 34 35 39 40 44 46 48 49 50 53 54 55 56 57 58 61 62 67 68 69 70 71 73 75 76 80 s
42 2 3 4 5 10 11 14 16 17 20 21 22 26 29 31 33 34 35 37 39 40 43 44 46 47 48 49 56 57 58 59 60 63 64 67 68 69 70 74 78 79 80 s
43 1 3 5 6 7 8 9 10 12 13 17 19 21 23 24 25 26 27 30 36 37 38 42 44 45 46 49 50 52 54 55 58 60 63 64 65 66 67 69 70 76 78 79 s
44 4 5 7 8 9 10 11 12 18 19 20 21 22 24 25 29 36 39 40 41 42 43 45 46 49 52 54 55 56 59 60 61 62 67 68 69 70 s
45 1 5 6 8 10 11 12 18 20 21 22 25 26 27 31 33 37 43 44 46 47 49 50 51 55 56 59 60 62 65 66 67 68 71 72 77 80 s
46 2 8 12 15 16 18 19 24 25 28 29 32 33 34 38 39 40 41 42 43 44 45 49 52 53 54 55 56 58 59 60 63 66 67 72 73 74 75 76 78 79 80 s
47 2 4 5 6 7 9 12 14 17 18 19 21 23 24 27 29 32 33 35 39 40 42 45 49 51 52 55 57 58 59 60 61 62 63 64 65 67 69 70 71 75 76 77 79 s
48 2 4 5 6 8 11 14 17 22 23 24 27 31 33 34 35 36 41 42 49 51 52 53 55 56 58 59 61 62 65 67 68 69 70 71 73 74 75 78 80 s
49 1 2 3 8 11 12 17 18 21 27 28 30 36 37 38 39 40 41 42 43 44 45 46 47 48 50 52 53 54 56 59 60 67 68 69 71 72 73 75 80 s
50 1 3 4 7 8 9 14 15 16 17 18 19 22 23 28 29 34 35 38 41 43 45 49 52 54 55 59 60 61 64 67 69 72 74 77 79 s
51 2 4 5 6 7 8 10 13 14 16 18 20 25 26 27 28 32 33 37 40 45 47 48 55 56 60 61 63 64 66 67 71 72 74 79 s
52 1 3 7 8 13 14 15 18 21 27 33 34 35 38 43 44 46 47 48 49 50 54 57 59 60 61 63 64 65 67 68 69 70 71 72 73 74 78 79 80 s
53 5 6 7 8 9 13 14 16 18 21 23 25 27 30 31 32 33 34 35 36 37 39 40 41 46 48 49 54 56 57 58 59 60 61 65 69 70 72 73 75 79 80 s
54 1 2 4 5 10 11 13 15 17 18 19 24 26 27 32 33 36 38 39 41 43 44 46 49 50 52 53 55 60 68 70 71 72 73 74 75 76 78 79 s
55 4 6 7 8 9 14 15 16 18 19 20 21 23 25 27 32 33 34 36 38 41 43 44 45 46 47 48 50 51 54 56 57 58 61 62 63 66 70 71 72 74 75 76 77 79 s
56 1 3 7 8 12 13 15 16 20 23 25 29 30 31 33 35 36 37 40 41 42 44 45 46 48 49 51 53 55 58 59 60 61 63 64 65 68 69 70 71 79 s
57 1 2 3 9 11 18 22 25 26 29 33 36 38 41 42 47 52 53 55 59 61 62 63 65 66 70 72 73 74 79 s
58 5 10 11 12 13 20 21 22 23 25 28 29 30 34 37 38 39 40 41 42 43 46 47 48 53 55 56 59 60 61 63 67 68 69 71 72 73 74 76 77 79 s
59 4 7 11 13 14 18 19 22 23 25 27 29 32 36 37 42 44 45 46 47 48 49 50 52 53 56 57 58 60 62 63 65 66 71 72 73 74 76 78 79 80 s
60 1 4 6 7 9 13 14 15 17 28 29 31 33 34 42 43 44 45 46 47 49 50 51 52 53 54 56 58 59 63 64 66 69 73 75 78 79 s
61 2 3 6 11 12 13 14 15 19 20 21 25 26 27 28 29 31 32 33 34 36 41 44 47 48 50 51 52 53 55 56 57 58 64 65 67 68 69 71 72 73 76 78 s
62 1 2 3 4 5 6 7 10 11 13 17 18 19 20 21 24 28 30 33 35 37 39 41 44 45 47 48 55 57 59 65 66 67 68 69 71 72 74 75 76 77 s
63 2 3 9 11 13 14 15 21 22 26 27 28 32 35 37 38 40 42 43 46 47 51 52 55 56 57 58 59 60 65 68 69 70 74 76 78 s
64 1 3 4 5 6 7 10 14 16 17 18 20 23 27 34 35 36 38 39 40 42 43 47 50 51 52 56 60 61 65 66 69 72 73 74 79 s
65 2 7 12 14 18 21 23 25 28 29 39 40 43 45 47 48 52 53 56 57 59 61 62 63 64 68 69 71 72 73 78 s
66 1 5 6 7 8 9 11 12 13 14 15 16 19 21 23 24 26 27 28 30 31 33 36 37 39 40 43 45 46 51 55 57 59 60 62 64 67 68 69 71 72 75 77 78 80 s
67 1 5 6 8 10 11 13 18 21 22 24 25 27 28 30 36 38 39 40 41 42 43 44 45 46 47 48 49 50 51 52 58 61 62 66 71 72 73 74 75 77 78 s
68 1 2 3 5 6 8 12 15 16 21 23 24 25 26 29 30 32 34 35 36 38 40 41 42 44 45 48 49 52 54 56 58 61 62 63 65 66 69 70 73 75 76 s
69 5 8 9 10 11 12 16 22 23 26 27 28 30 35 36 37 40 41 42 43 44 47 48 49 50 52 53 56 58 60 61 62 63 64 65 66 68 72 75 78 s
70 2 3 5 6 10 11 12 13 16 19 20 21 24 25 26 28 31 32 34 35 36 38 41 42 43 44 47 48 52 53 54 55 56 57 63 68 75 77 78 79 80 s
71 3 7 8 9 10 11 13 14 15 17 18 21 23 24 27 28 29 31 33 35 36 37 39 41 45 47 48 49 51 52 54 55 56 58 59 61 62 65 66 67 72 75 76 78 80 s
72 3 4 5 11 13 16 18 22 24 27 28 32 33 34 35 37 39 45 46 49 50 51 52 53 54 55 57 58 59 61 62 64 65 66 67 69 71 73 75 77 79 s
73 1 2 3 5 7 10 11 13 15 21 22 26 30 31 32 33 38 39 41 46 48 49 52 53 54 57 58 59 60 61 64 65 67 68 72 75 78 79 80 s
74 3 8 9 11 13 16 17 19 20 21 28 29 31 33 36 39 42 46 48 50 51 52 54 55 57 58 59 62 63 64 67 75 76 79 80 s
75 2 3 5 6 10 11 12 15 17 19 25 29 30 33 35 36 39 40 41 46 47 48 49 53 54 55 60 62 66 67 68 69 70 71 72 73 74 77 79 s
76 7 8 10 11 23 25 26 27 29 32 34 35 38 39 41 43 46 47 54 55 58 59 61 62 63 68 71 74 77 78 79 s
77 2 4 5 6 7 9 10 12 13 15 17 18 22 23 24 28 32 33 34 38 40 45 47 50 55 58 62 66 67 70 72 75 76 78 80 s
78 1 2 9 10 11 12 13 14 15 17 18 19 21 22 23 27 29 31 32 33 36 37 38 40 42 43 46 48 52 54 59 60 61 63 65 66 67 69 70 71 73 76 77 79 s
79 1 3 4 5 11 12 15 17 24 25 26 27 29 32 34 37 38 42 43 46 47 50 51 52 53 54 55 56 57 58 59 60 64 70 72 73 74 75 76 78 s
80 3 4 5 8 10 11 14 16 21 22 23 28 29 32 33 34 39 40 41 42 45 46 48 49 52 53 59 66 70 71 73 74 77 s
