1 2 6 7 10 13 15 17 28 30 31 33 35 36 37 38 40 42 51 53 55 57 58 59 61 64 66 68 72 73 74 75 77 s
2 1 3 5 14 15 18 19 20 21 29 32 33 34 36 37 41 42 43 44 46 50 51 54 56 57 58 59 60 61 63 65 67 68 69 70 71 73 75 77 78 79 80 s
3 2 5 10 11 12 14 17 19 22 24 25 27 28 31 34 36 38 40 41 42 43 46 49 50 52 55 59 63 64 66 68 69 71 72 74 77 79 80 s
4 7 9 10 16 17 18 21 22 23 25 27 28 29 30 34 35 39 40 43 44 47 48 49 51 52 54 56 60 62 63 64 65 67 68 70 71 73 75 76 77 78 79 80 s
5 2 3 6 7 8 11 15 17 19 20 23 24 26 28 29 30 32 33 38 41 46 47 48 49 50 52 53 56 57 60 61 62 64 65 66 67 71 73 75 76 77 78 79 80 s
6 1 5 7 11 12 14 17 18 19 20 21 23 25 26 32 33 34 36 37 40 41 42 43 49 50 52 53 54 55 57 61 64 65 67 69 71 73 74 75 76 77 80 s
7 1 4 5 6 11 12 13 16 18 19 20 21 22 23 26 27 28 32 33 34 35 36 37 40 41 42 43 44 46 49 55 56 62 63 65 66 67 68 70 71 73 75 76 80 s
8 5 9 11 14 15 17 20 22 24 26 27 28 30 31 32 34 35 38 39 40 41 43 48 49 50 57 60 61 67 68 70 71 72 73 78 80 s
9 4 8 12 14 21 22 23 24 28 31 33 36 37 38 41 43 46 49 50 51 54 55 64 66 67 68 70 72 74 75 76 s
10 1 3 4 12 13 14 15 16 19 23 24 25 26 28 30 31 32 33 38 39 40 45 48 49 50 51 55 56 57 63 64 66 67 69 75 76 78 s
11 3 5 6 7 8 13 14 15 16 17 18 19 21 22 23 27 28 29 30 31 35 37 38 42 43 45 46 50 52 54 57 60 61 62 64 65 66 67 68 72 74 76 79 s
12 3 6 7 9 10 13 16 17 18 20 21 25 26 27 32 37 38 40 41 43 48 49 51 52 54 55 57 59 61 64 65 66 68 71 72 73 75 76 79 80 s
13 1 7 10 11 12 14 16 19 20 23 24 25 26 30 31 35 38 39 43 44 46 48 51 52 55 58 59 60 62 63 64 65 68 73 75 79 80 s
14 2 3 6 8 9 10 11 13 16 17 18 20 21 22 23 28 31 33 34 35 38 40 41 42 45 46 51 57 59 67 69 70 71 73 74 77 78 80 s
15 1 2 5 8 10 11 16 19 20 22 25 26 30 32 33 34 35 37 38 41 42 44 45 46 50 51 52 53 54 57 58 59 60 61 64 65 66 67 77 79 80 s
16 4 7 10 11 12 13 14 15 17 19 20 24 25 30 34 35 36 39 40 43 44 47 48 51 52 53 54 57 58 59 60 64 65 66 67 70 71 72 74 75 76 80 s
17 1 3 4 5 6 8 11 12 14 16 23 25 27 28 30 32 36 39 41 42 43 44 45 48 49 52 53 57 58 61 66 67 68 69 71 72 73 78 79 s
18 2 4 6 7 11 12 14 19 23 25 27 32 33 34 35 36 37 38 41 43 44 45 47 48 50 53 54 55 57 58 61 62 63 64 67 68 69 71 72 73 74 78 80 s
19 2 3 5 6 7 10 11 13 15 16 18 20 22 23 24 25 26 28 30 31 33 35 36 37 38 40 42 43 44 45 48 50 51 53 54 57 58 59 63 64 66 67 71 74 75 77 80 s
20 2 5 6 7 8 12 13 14 15 16 19 24 25 28 32 33 38 39 43 45 48 49 50 52 55 56 60 62 64 65 67 69 70 71 72 73 74 76 77 78 79 80 s
21 2 4 6 7 9 11 12 14 22 25 28 29 30 31 34 38 39 43 46 49 52 53 54 55 57 59 62 64 69 70 73 74 76 80 s
22 3 4 7 8 9 11 14 15 19 21 23 25 26 27 30 31 32 33 34 36 37 38 44 45 47 48 49 50 51 52 55 57 58 59 62 65 66 69 70 71 72 73 74 75 76 77 78 79 s
23 4 5 6 7 9 10 11 13 14 17 18 19 22 25 26 28 29 30 31 42 49 50 51 53 54 58 59 60 62 63 65 66 67 69 70 71 74 76 77 78 80 s
24 3 5 8 9 10 13 16 19 20 26 27 32 33 34 36 38 40 43 44 48 50 51 54 56 58 60 61 62 64 65 66 67 68 70 73 78 80 s
25 3 4 6 10 12 13 15 16 17 18 19 20 21 22 23 27 29 30 31 35 36 38 39 40 41 44 46 47 48 49 52 53 56 57 59 61 62 64 66 67 68 70 71 74 78 80 s
26 5 6 7 8 10 12 13 15 19 22 23 24 29 30 31 32 34 40 42 44 47 49 50 51 52 54 55 56 60 61 62 65 66 67 69 70 72 73 75 76 77 80 s
27 3 4 7 8 11 12 17 18 22 24 25 30 32 33 36 37 38 39 41 42 43 46 48 51 52 53 54 57 58 59 62 65 66 67 70 71 73 76 79 80 s
28 1 3 4 5 7 8 9 10 11 14 17 19 20 21 23 35 37 39 40 41 43 47 48 50 52 53 55 57 58 59 60 61 62 63 64 65 71 73 74 77 78 79 s
29 2 4 5 11 21 23 25 26 30 32 34 35 36 37 38 41 44 45 46 48 54 56 57 58 59 60 65 66 67 68 70 74 76 78 s
30 1 4 5 8 10 11 13 15 16 17 19 21 22 23 25 26 27 29 32 33 40 41 43 46 47 48 49 52 53 55 56 58 63 64 65 71 72 76 79 s
31 1 3 8 9 10 11 13 14 19 21 22 23 25 26 35 36 39 40 41 42 43 44 46 48 50 52 53 54 55 56 57 59 61 62 63 65 66 68 70 71 72 75 76 80 s
32 2 5 6 7 8 10 12 15 17 18 20 22 24 26 27 29 30 33 35 36 37 38 40 41 42 43 45 47 48 50 51 53 56 59 60 61 65 67 69 71 76 77 80 s
33 1 2 5 6 7 9 10 14 15 18 19 20 22 24 27 30 32 34 35 38 39 41 43 44 46 47 48 50 51 52 53 54 57 58 62 65 66 69 71 72 74 75 76 78 79 80 s
34 2 3 4 6 7 8 14 15 16 18 21 22 24 26 29 33 36 39 47 48 49 50 51 53 58 61 62 63 65 69 70 71 73 74 76 s
35 1 4 7 8 11 13 14 15 16 18 19 25 28 29 31 32 33 40 41 42 43 44 46 47 48 49 50 52 53 54 57 58 62 63 68 69 70 71 73 74 78 s
36 1 2 3 6 7 9 16 17 18 19 22 24 25 27 29 31 32 34 37 39 40 43 44 49 52 57 60 62 63 66 67 69 73 74 75 77 78 79 80 s
37 1 2 6 7 9 11 12 15 18 19 22 27 28 29 32 36 38 40 41 42 44 46 47 50 51 53 55 56 57 58 61 63 65 66 67 68 69 70 71 72 73 77 78 s
38 1 3 5 8 9 10 11 12 13 14 15 18 19 20 21 22 24 25 27 29 32 33 37 40 41 42 44 46 47 52 54 55 58 59 60 62 64 66 67 68 69 71 73 77 78 79 80 s
39 4 8 10 13 16 17 20 21 25 27 28 31 33 34 36 40 41 44 45 46 47 48 49 50 51 53 55 56 57 58 59 61 63 65 66 67 70 72 73 74 75 76 77 78 79 80 s
40 1 3 4 6 7 8 10 12 14 16 19 24 25 26 28 30 31 32 35 36 37 38 39 41 42 46 48 50 52 54 55 57 62 64 66 67 71 72 73 75 76 78 79 80 s
41 2 3 5 6 7 8 9 12 14 15 17 18 25 27 28 29 30 31 32 33 35 37 38 39 40 42 43 45 48 52 58 59 61 62 63 64 65 68 69 74 80 s
42 1 2 3 6 7 11 14 15 17 19 23 26 27 31 32 35 37 38 40 41 43 45 49 51 52 54 56 58 61 63 64 65 66 67 68 70 71 79 s
43 2 3 4 6 7 8 9 11 12 13 16 17 18 19 20 21 24 27 28 30 31 32 33 35 36 41 42 45 47 50 51 54 57 58 59 60 63 64 65 68 76 s
44 2 4 7 13 15 16 17 18 19 22 24 25 26 29 31 33 35 36 37 38 39 47 49 50 53 54 55 56 57 58 59 60 62 63 64 66 68 69 75 78 s
45 10 11 14 15 17 18 19 20 22 29 32 39 41 42 43 48 49 51 54 55 58 60 62 64 65 66 67 73 74 76 77 78 s
46 2 3 5 7 9 11 13 14 15 21 25 27 29 30 31 33 35 37 38 39 40 48 51 54 55 57 58 59 61 66 69 72 74 75 76 s
47 4 5 16 18 22 25 26 28 30 32 33 34 35 37 38 39 43 44 49 50 51 55 57 59 60 61 66 72 77 79 80 s
48 4 5 8 10 12 13 16 17 18 19 20 22 24 25 27 28 29 30 31 32 33 34 35 39 40 41 45 46 49 55 56 58 59 60 65 67 69 71 72 73 74 76 80 s
49 3 4 5 6 7 8 9 10 12 17 20 21 22 23 25 26 30 34 35 36 39 42 44 45 47 48 50 51 53 54 56 58 60 61 64 67 69 70 74 77 78 s
50 2 3 5 6 8 9 10 11 15 18 19 20 22 23 24 26 28 31 32 33 34 35 37 39 40 43 44 47 49 54 55 60 62 64 65 66 67 68 69 73 75 s
51 1 2 4 9 10 12 13 14 15 16 19 22 23 24 26 27 32 33 34 37 39 42 43 45 46 47 49 53 56 66 67 72 74 76 79 s
52 3 4 5 6 11 12 13 15 16 17 20 21 22 25 26 27 28 30 31 33 35 36 38 40 41 42 53 54 56 57 58 60 61 62 65 66 67 68 71 74 77 78 s
53 1 5 6 15 16 17 18 19 21 23 25 27 28 30 31 32 33 34 35 37 39 44 49 51 52 54 55 59 64 65 66 67 69 72 74 75 76 77 78 s
54 2 4 6 9 11 12 15 16 18 19 21 23 24 26 27 29 31 33 35 38 40 42 43 44 45 46 49 50 52 53 55 57 61 62 64 65 67 68 69 72 73 75 76 78 79 80 s
55 1 3 6 7 9 10 12 13 18 20 21 22 26 28 30 31 37 38 39 40 44 45 46 47 48 50 53 54 59 60 62 63 66 68 69 71 74 80 s
56 2 4 5 7 10 20 24 25 26 29 30 31 32 37 39 42 44 48 49 51 52 58 61 67 72 77 79 s
57 1 2 5 6 8 10 11 12 14 15 16 17 18 19 21 22 25 27 28 29 31 33 35 36 37 39 40 43 44 46 47 52 54 58 60 61 62 63 64 68 69 71 72 74 75 s
58 1 2 13 15 16 17 18 19 22 23 24 27 28 29 30 33 34 35 37 38 39 41 42 43 44 45 46 48 49 52 56 57 63 65 66 67 70 71 74 75 76 77 80 s
59 1 2 3 12 13 14 15 16 19 21 22 23 25 27 28 29 31 32 38 39 41 43 44 46 47 48 53 55 60 62 69 72 73 75 76 77 79 s
60 2 4 5 8 11 13 15 16 20 23 24 26 28 29 32 36 38 43 44 45 47 48 49 50 52 55 57 59 61 62 64 69 72 73 74 75 77 78 79 80 s
61 1 2 5 6 8 11 12 15 17 18 24 25 26 28 31 32 34 37 39 41 42 46 47 49 52 54 56 57 60 62 63 65 66 67 68 71 76 77 78 80 s
62 4 5 7 11 13 18 20 21 22 23 24 25 26 27 28 31 33 34 35 36 38 40 41 44 45 50 52 54 55 57 59 60 61 64 65 68 69 70 74 76 77 s
63 2 3 4 7 10 13 18 19 23 28 30 31 34 35 36 37 39 41 42 43 44 55 57 58 61 64 67 68 69 70 73 77 79 s
64 1 3 4 5 6 9 10 11 12 13 15 16 18 19 20 21 24 25 28 30 38 40 41 42 43 44 45 49 50 53 54 57 60 62 63 66 69 72 74 75 76 77 78 80 s
65 2 4 5 6 7 11 12 13 15 16 20 22 23 24 26 27 28 29 30 31 32 33 34 37 39 41 42 43 45 48 50 52 53 54 58 61 62 67 68 70 71 72 73 76 77 79 s
66 1 3 5 7 9 10 11 12 15 16 17 19 22 23 24 25 26 27 29 31 33 36 37 38 39 40 42 44 45 46 47 50 51 52 53 55 58 61 64 67 70 73 76 78 80 s
67 2 4 5 6 7 8 9 10 11 14 15 16 17 18 19 20 23 24 25 26 27 29 32 36 37 38 39 40 42 45 48 49 50 51 52 53 54 56 58 61 63 65 66 68 75 77 78 80 s
68 1 2 3 4 7 8 9 11 12 13 17 18 24 25 29 31 35 37 38 41 42 43 44 50 52 54 55 57 61 62 63 65 67 69 70 75 78 s
69 2 3 6 10 14 17 18 20 21 22 23 26 32 33 34 35 36 37 38 41 44 46 48 49 50 53 54 55 57 59 60 62 63 64 68 70 76 78 s
70 2 4 7 8 9 14 16 20 21 22 23 24 25 26 27 29 31 34 35 37 39 42 49 58 62 63 65 66 68 69 75 80 s
71 2 3 4 5 6 7 8 12 14 16 17 18 19 20 22 23 25 27 28 30 31 32 33 34 35 37 38 40 42 48 52 55 57 58 61 65 72 73 74 75 78 79 80 s
72 1 3 8 9 11 12 16 17 18 20 22 26 30 31 33 37 39 40 46 47 48 51 53 54 56 57 59 60 64 65 71 74 76 77 79 s
73 1 2 4 5 6 7 8 12 13 14 17 18 20 21 22 24 26 27 28 34 35 36 37 38 39 40 45 48 50 54 59 60 63 65 66 71 75 80 s
74 1 3 6 9 11 14 16 18 19 20 21 22 23 25 28 29 33 34 35 36 39 41 45 46 48 49 51 52 53 55 57 58 60 62 64 71 72 77 79 80 s
75 1 2 4 5 6 7 9 10 12 13 16 19 22 26 31 33 36 39 40 44 46 50 53 54 57 58 59 60 64 67 68 70 71 73 78 79 s
76 4 5 6 7 9 10 11 12 16 20 21 22 23 26 27 29 30 31 32 33 34 39 40 43 45 46 48 51 53 54 58 59 61 62 64 65 66 69 72 77 78 80 s
77 1 2 3 4 5 6 14 15 19 20 22 23 26 28 32 36 37 38 39 45 47 49 52 53 56 58 59 60 61 62 63 64 65 67 72 74 76 80 s
78 2 4 5 8 10 14 17 18 20 22 23 24 25 28 29 33 35 36 37 38 39 40 44 45 49 52 53 54 60 61 64 66 67 68 69 71 75 76 79 s
79 2 3 4 5 11 12 13 15 17 20 22 27 28 30 33 36 38 39 40 42 47 51 54 56 59 60 63 65 71 72 74 75 78 80 s
80 2 3 4 5 6 7 8 12 13 14 15 16 18 19 20 21 23 24 25 26 27 31 32 33 36 38 39 40 41 47 48 54 55 58 60 61 64 66 67 70 71 73 74 76 77 79 s
