1 3 5 6 7 9 12 16 18 22 24 25 28 29 30 32 33 34 35 38 39 40 41 42 43 46 47 48 51 53 54 55 56 60 63 64 65 68 70 71 73 75 76 77 79 s
2 3 6 8 9 11 12 14 15 16 17 19 20 21 23 24 27 28 30 32 34 35 38 41 43 44 46 48 50 51 53 56 59 62 64 65 67 68 71 73 75 78 79 80 s
3 1 2 4 6 8 10 11 13 14 16 17 18 20 21 25 29 31 32 34 37 39 45 49 50 51 52 53 58 60 63 64 65 66 70 72 73 76 78 s
4 3 6 7 8 10 12 14 15 16 17 19 22 23 24 25 28 31 32 34 39 40 45 48 49 50 54 56 57 58 59 61 62 67 72 74 75 80 s
5 1 6 7 8 11 12 13 14 15 19 20 23 26 27 29 30 32 34 35 36 39 40 41 42 46 47 49 50 51 54 55 57 59 60 61 63 64 66 67 69 71 72 73 75 76 77 78 79 s
6 1 2 3 4 5 7 8 9 10 16 17 25 26 29 30 32 33 35 36 38 39 41 43 45 48 50 51 53 55 56 57 58 59 60 61 65 66 68 70 72 73 79 s
7 1 4 5 6 8 9 10 11 16 19 21 25 27 28 29 30 32 35 37 38 45 46 47 48 51 53 55 56 58 59 60 65 68 69 70 73 75 76 77 78 80 s
8 2 3 4 5 6 7 11 12 14 16 17 20 24 25 27 28 29 31 36 37 40 42 43 45 49 51 52 54 58 59 61 66 69 70 74 78 79 s
9 1 2 6 7 13 15 17 20 21 22 24 26 30 32 33 34 35 37 38 39 40 44 45 47 48 53 55 66 68 69 77 79 80 s
10 3 4 6 7 13 15 16 17 18 20 21 23 25 27 30 32 33 36 38 39 41 42 43 49 50 51 53 56 57 59 61 62 67 68 69 70 72 75 76 79 s
11 2 3 5 7 8 18 19 25 27 29 30 35 36 37 38 39 43 45 48 49 54 57 58 61 63 65 68 71 74 78 s
12 1 2 4 5 8 13 15 16 18 19 24 25 28 29 30 33 34 35 36 43 44 46 51 52 59 60 62 63 64 67 70 72 74 79 s
13 3 5 9 10 12 15 18 19 27 30 32 33 35 38 39 41 42 43 47 48 52 53 55 56 61 62 63 64 65 66 67 68 71 76 79 s
14 2 3 4 5 8 15 16 19 23 24 28 29 30 34 35 38 39 40 43 49 50 52 54 57 60 62 67 69 73 75 76 77 78 79 80 s
15 2 4 5 9 10 12 13 14 17 18 19 20 21 22 23 24 25 26 27 28 29 33 34 35 38 41 46 48 50 51 53 56 57 58 59 62 63 66 67 68 70 71 72 73 77 80 s
16 1 2 3 4 6 7 8 10 12 14 18 20 21 26 27 29 33 35 37 39 41 43 45 46 47 48 52 54 58 62 64 66 68 69 70 71 73 74 75 76 78 80 s
17 2 3 4 6 8 9 10 15 18 21 23 24 25 28 30 34 36 38 40 41 44 45 46 50 51 52 57 58 60 64 71 72 73 75 77 78 79 s
18 1 3 10 11 12 13 15 16 17 19 20 22 24 33 34 40 42 43 47 48 53 54 55 57 58 60 61 63 67 68 69 71 74 78 79 80 s
19 2 4 5 7 11 12 13 14 15 18 20 22 23 26 28 29 30 33 34 37 38 40 41 42 43 45 46 49 51 52 53 54 55 56 57 58 64 65 67 71 74 75 76 77 78 79 80 s
20 2 3 5 8 9 10 15 16 18 19 21 25 28 31 34 35 36 38 41 42 46 47 51 53 54 55 56 58 59 60 64 66 70 71 72 74 76 77 78 79 80 s
21 2 3 7 9 10 15 16 17 20 23 25 26 29 31 33 36 37 38 39 40 41 45 46 50 52 54 55 56 58 61 62 63 65 67 69 70 71 73 75 76 78 79 s
22 1 4 9 15 18 19 24 27 29 34 37 39 43 45 46 47 48 49 50 52 53 55 58 59 60 64 66 67 68 70 71 72 73 74 75 76 80 s
23 2 4 5 10 14 15 17 19 21 24 25 27 30 31 32 34 35 38 40 41 42 44 48 49 50 53 54 56 58 59 61 62 63 68 70 73 75 76 78 80 s
24 1 2 4 8 9 12 14 15 17 18 22 23 26 30 31 32 35 36 37 41 43 44 45 46 47 49 50 51 52 55 59 60 62 64 65 66 67 71 72 73 74 75 78 80 s
25 1 3 4 6 7 8 10 11 12 15 17 20 21 23 28 30 34 42 44 46 47 48 51 56 57 58 59 61 63 64 66 68 69 72 77 78 80 s
26 5 6 9 15 16 19 21 24 28 31 32 33 34 38 41 42 44 47 48 49 51 52 53 54 57 60 63 65 68 69 70 71 72 75 76 s
27 2 5 7 8 10 11 13 15 16 22 23 28 29 31 32 33 35 36 38 39 40 42 43 46 47 49 51 52 53 55 60 62 63 64 71 73 79 80 s
28 1 2 4 7 8 12 14 15 17 19 20 25 26 27 30 31 38 39 40 42 46 47 49 50 55 57 63 64 65 67 69 70 71 72 74 75 76 78 80 s
29 1 3 5 6 7 8 11 12 14 15 16 19 21 22 27 30 32 34 36 38 40 41 42 44 45 46 50 51 55 57 59 60 61 63 64 66 67 68 69 70 71 75 78 79 80 s
30 1 2 5 6 7 9 10 11 12 13 14 17 19 23 24 25 28 29 31 33 34 35 36 40 41 44 48 49 52 54 55 57 58 60 64 65 67 70 71 72 75 76 77 78 s
31 3 4 8 20 21 23 24 26 27 28 30 32 35 39 42 46 47 48 49 54 57 59 62 64 69 76 77 78 79 s
32 1 2 3 4 5 6 7 9 10 13 23 24 26 27 29 31 33 34 35 37 38 39 40 44 45 48 50 54 55 56 58 60 61 62 63 64 66 69 70 71 72 78 s
33 1 6 9 10 12 13 15 16 18 19 21 26 27 30 32 35 40 44 45 47 48 50 57 58 61 64 65 66 69 70 71 72 73 74 75 76 77 78 80 s
34 1 2 3 4 5 9 12 14 15 17 18 19 20 22 23 25 26 29 30 32 36 39 43 44 46 47 50 51 52 57 58 59 65 69 70 71 74 76 79 80 s
35 1 2 5 6 7 9 11 12 13 14 15 16 20 23 24 27 30 31 32 33 37 39 40 41 42 44 45 46 47 49 51 52 53 55 56 57 58 59 60 64 66 68 72 74 75 76 77 80 s
36 5 6 8 10 11 12 17 20 21 24 27 29 30 34 37 39 40 41 43 44 45 47 48 49 50 52 53 56 59 60 63 64 65 66 67 70 72 74 75 76 79 80 s
37 3 7 8 9 11 16 19 21 22 24 32 35 36 38 39 40 41 44 45 48 56 59 61 63 66 67 68 69 70 72 74 75 77 79 s
38 1 2 6 7 9 10 11 13 14 15 17 19 20 21 23 26 27 28 29 32 37 39 40 42 44 45 46 47 49 51 52 53 56 57 60 61 62 65 66 68 69 70 72 73 79 80 s
39 1 3 4 5 6 9 10 11 13 14 16 21 22 27 28 31 32 34 35 36 37 38 40 42 46 47 48 49 50 51 55 56 57 58 59 60 61 62 64 66 67 73 75 78 79 s
40 1 4 5 8 9 14 17 18 19 21 23 27 28 29 30 32 33 35 36 37 38 39 41 43 44 45 46 47 48 49 50 54 56 57 58 59 61 63 66 68 69 70 72 73 75 76 77 79 80 s
41 1 2 5 6 10 13 15 16 17 19 20 21 23 24 26 29 30 35 36 37 40 42 43 44 45 46 47 48 50 51 54 55 58 59 60 63 64 65 67 71 72 74 77 80 s
42 1 5 8 10 13 18 19 20 23 25 26 27 28 29 31 35 38 39 41 43 46 48 50 52 53 54 55 58 60 63 67 68 69 70 71 74 75 79 s
43 1 2 6 8 10 11 12 13 14 16 18 19 22 24 27 34 36 40 41 42 44 46 47 51 52 53 55 58 60 62 67 71 75 78 79 s
44 2 9 12 17 23 24 25 26 29 30 32 33 34 35 36 37 38 40 41 43 46 47 48 52 53 54 57 60 61 62 65 66 69 70 71 73 75 77 78 79 80 s
45 3 4 6 7 8 9 11 16 17 19 21 22 24 29 32 33 35 36 37 38 40 41 47 48 50 52 53 54 55 56 58 60 61 64 65 66 68 69 70 72 73 74 75 s
46 1 2 5 7 12 15 16 17 19 20 21 22 24 25 27 28 29 31 34 35 38 39 40 41 42 43 44 47 48 49 50 51 52 53 55 57 60 61 62 63 65 66 68 69 70 72 73 79 80 s
47 1 5 7 9 13 16 18 20 22 24 25 26 27 28 31 33 34 35 36 38 39 40 41 43 44 45 46 50 51 52 56 57 58 62 63 65 66 68 73 75 76 77 78 80 s
48 1 2 4 6 7 9 11 13 15 16 18 22 23 25 26 30 31 32 33 36 37 39 40 41 42 44 45 46 52 54 55 57 60 62 69 71 76 77 79 s
49 3 4 5 8 10 11 14 19 22 23 24 26 27 28 30 31 35 36 38 39 40 46 52 54 55 56 59 60 63 64 65 67 69 70 71 73 78 80 s
50 2 3 4 5 6 10 14 15 17 21 22 23 24 28 29 32 33 34 36 39 40 41 42 45 46 47 54 55 56 58 60 62 63 64 65 66 67 68 70 71 73 74 75 76 78 79 80 s
51 1 2 3 5 6 7 8 10 12 15 17 19 20 24 25 26 27 29 34 35 38 39 41 43 46 47 54 56 57 58 59 60 61 62 66 67 69 70 71 74 77 79 80 s
52 3 8 12 13 14 16 17 19 21 22 24 26 27 30 34 35 36 38 42 43 44 45 46 47 48 49 53 55 61 62 64 66 67 68 70 73 74 75 76 78 79 80 s
53 1 2 3 6 7 9 10 13 15 18 19 20 22 23 26 27 35 36 38 42 43 44 45 46 52 54 55 56 61 62 63 66 67 68 70 76 79 s
54 1 4 5 8 11 14 16 18 19 20 21 23 26 30 31 32 40 41 42 44 45 48 49 50 51 53 55 57 60 61 67 69 73 75 78 80 s
55 1 5 6 7 9 13 18 19 20 21 22 24 27 28 29 30 32 35 39 41 42 43 45 46 48 49 50 52 53 54 56 58 59 60 64 68 71 72 73 74 75 77 79 80 s
56 1 2 4 6 7 10 13 15 19 20 21 23 25 32 35 36 37 38 39 40 45 47 49 50 51 53 55 58 59 61 62 64 65 66 69 70 71 78 79 80 s
57 4 5 6 10 11 14 15 17 18 19 25 26 28 29 30 31 33 34 35 38 39 40 44 46 47 48 51 54 58 59 61 62 64 65 67 69 74 76 80 s
58 3 4 6 7 8 11 15 16 17 18 19 20 21 22 23 25 30 32 33 34 35 39 40 41 42 43 45 47 50 51 55 56 57 60 61 63 64 65 73 78 s
59 2 4 5 6 7 8 10 12 15 20 22 23 24 25 29 31 34 35 36 37 39 40 41 49 51 55 56 57 61 62 63 64 65 66 67 68 69 70 72 76 78 79 s
60 1 3 5 6 7 12 14 17 18 20 22 24 26 27 29 30 32 35 36 38 39 41 42 43 44 45 46 48 49 50 51 54 55 58 62 65 66 67 68 69 71 72 73 75 76 77 78 80 s
61 4 5 6 8 10 11 13 18 21 23 25 29 32 33 37 38 39 40 44 45 46 51 52 53 54 56 57 58 59 62 66 68 70 71 73 75 77 79 80 s
62 2 4 10 12 13 14 15 16 21 23 24 27 31 32 38 39 43 44 46 47 48 50 51 52 53 56 57 59 60 61 64 67 68 69 70 73 74 76 78 80 s
63 1 3 5 11 12 13 15 18 21 23 25 26 27 28 29 32 36 37 40 41 42 46 47 49 50 53 58 59 68 69 70 71 76 77 80 s
64 1 2 3 5 12 13 16 17 19 20 22 24 25 27 28 29 30 31 32 33 35 36 39 41 45 49 50 52 55 56 57 58 59 62 65 68 70 73 75 76 78 80 s
65 1 2 3 6 7 11 13 19 21 24 26 28 30 33 34 36 38 41 44 45 46 47 49 50 56 57 58 59 60 64 70 72 78 80 s
66 3 5 6 8 9 13 15 16 20 22 24 25 29 32 33 35 36 37 38 39 40 44 45 46 47 50 51 52 53 56 59 60 61 68 70 73 75 80 s
67 2 4 5 10 12 13 14 15 18 19 21 22 24 28 29 30 36 37 39 41 42 43 49 50 51 52 53 54 57 59 60 62 68 69 72 73 77 78 79 80 s
68 1 2 6 7 9 10 11 13 15 16 18 22 23 25 26 29 35 37 38 40 42 45 46 47 50 52 53 55 59 60 61 62 63 64 66 67 69 70 71 72 73 74 75 76 77 79 s
69 5 7 8 9 10 14 16 18 21 25 26 28 29 31 32 33 34 37 38 40 42 44 45 46 48 49 51 54 56 57 59 60 62 63 67 68 70 71 72 73 74 75 79 80 s
70 1 3 6 7 8 10 12 15 16 20 21 22 23 26 28 29 30 32 33 34 36 37 38 40 42 44 45 46 49 50 51 52 53 56 59 61 62 63 64 65 66 68 69 72 74 75 77 78 s
71 1 2 5 11 13 15 16 17 18 19 20 21 22 24 26 27 28 29 30 32 33 34 41 42 43 44 48 49 50 51 55 56 60 61 63 68 69 75 78 80 s
72 3 4 5 6 10 12 15 17 20 22 24 25 26 28 30 32 33 35 36 37 38 40 41 45 46 55 59 60 65 67 68 69 70 73 74 75 76 77 s
73 1 2 3 5 6 7 14 15 16 17 21 22 23 24 27 33 38 39 40 44 45 46 47 49 50 52 54 55 58 60 61 62 64 66 67 68 69 72 74 76 80 s
74 4 8 11 12 16 18 19 20 22 24 28 33 34 35 36 37 41 42 45 50 51 52 55 57 62 68 69 70 72 73 76 77 79 80 s
75 1 2 4 5 7 10 14 16 17 19 21 22 23 24 26 28 29 30 33 35 36 37 39 40 42 43 44 45 47 50 52 54 55 60 61 64 66 68 69 70 71 72 77 78 s
76 1 3 5 7 10 13 14 16 19 20 21 22 23 26 28 30 31 33 34 35 36 40 47 48 50 52 53 57 59 60 62 63 64 68 72 73 74 77 79 s
77 1 5 7 9 14 15 17 19 20 25 30 31 33 35 37 40 41 44 47 48 51 55 60 61 63 67 68 70 72 74 75 76 78 s
78 2 3 5 7 8 11 14 16 17 18 19 20 21 23 24 25 28 29 30 31 32 33 39 43 44 47 49 50 52 54 56 58 59 60 62 64 65 67 70 71 75 77 80 s
79 1 2 5 6 8 9 10 12 13 14 17 18 19 20 21 27 29 31 34 36 37 38 39 40 42 43 44 46 48 50 51 52 53 55 56 59 61 67 68 69 74 76 s
80 2 4 7 9 14 15 16 18 19 20 22 23 24 25 27 28 29 33 34 35 36 38 40 41 44 46 47 49 50 51 52 54 55 56 57 60 61 62 63 64 65 66 67 69 71 73 74 78 s
