1 2 3 5 8 10 12 13 14 16 20 21 22 24 26 27 28 29 32 34 35 37 38 40 41 42 43 45 46 47 48 49 50 54 56 57 58 61 62 64 66 68 69 71 74 77 s
2 1 4 5 6 7 8 10 11 12 13 14 16 17 19 20 21 23 24 25 27 28 29 31 32 33 34 37 41 42 44 47 52 53 57 58 59 60 62 64 68 71 77 78 80 s
3 1 4 7 8 9 14 15 16 18 19 22 23 27 28 35 38 40 45 51 52 53 54 55 56 58 59 63 66 67 68 69 70 75 77 78 79 s
4 2 3 5 6 7 8 10 12 14 16 17 21 22 26 29 30 31 32 34 39 40 41 42 43 51 53 56 61 63 64 66 68 70 71 74 75 76 s
5 1 2 4 7 8 9 10 17 21 23 24 25 27 29 32 33 35 41 42 43 45 46 49 51 53 54 56 57 60 61 62 63 66 67 68 69 70 73 76 77 78 s
6 2 4 7 8 9 11 14 19 20 26 27 28 29 33 34 35 39 42 44 45 49 50 55 56 61 62 64 65 69 70 71 72 73 75 s
7 2 3 4 5 6 8 11 12 15 22 23 24 25 27 29 30 32 33 34 35 36 39 40 42 43 45 46 47 48 49 50 51 53 55 57 58 60 61 62 63 64 65 67 70 76 78 79 80 s
8 1 2 3 4 5 6 7 11 13 15 16 17 20 21 28 32 33 34 35 37 38 41 42 44 46 48 52 54 55 56 59 61 62 65 67 69 70 71 72 74 75 76 77 s
9 3 5 6 15 17 18 21 22 23 25 26 27 28 29 30 35 37 39 41 43 46 47 48 49 50 57 58 60 61 64 66 68 69 71 73 74 78 79 s
10 1 2 4 5 12 16 21 23 27 28 30 31 33 34 35 38 39 41 42 44 45 49 50 51 52 54 55 56 57 60 61 65 71 74 75 76 77 78 79 s
11 2 6 7 8 14 15 18 21 23 24 30 31 32 34 35 37 39 40 43 47 50 51 54 56 64 65 66 68 70 71 73 74 76 77 80 s
12 1 2 4 7 10 13 14 17 21 22 25 28 31 32 35 36 41 45 46 48 50 51 56 59 61 62 63 64 65 67 69 72 73 75 78 80 s
13 1 2 8 12 18 19 21 26 27 30 31 32 33 35 37 38 39 40 42 46 50 51 52 54 55 57 60 61 62 65 68 70 72 75 77 79 s
14 1 2 3 4 6 11 12 15 16 17 18 20 21 23 24 25 29 30 31 32 35 38 39 40 41 44 47 48 53 54 55 56 57 59 61 62 63 64 65 68 71 72 74 76 77 s
15 3 7 8 9 11 14 17 18 19 20 21 22 23 26 28 29 30 31 34 36 37 38 40 43 47 50 51 52 54 57 60 64 65 66 68 69 71 73 76 77 78 80 s
16 1 2 3 4 8 10 14 17 19 21 22 23 24 26 27 28 31 35 36 37 38 41 42 44 48 49 54 55 56 58 60 63 68 71 72 73 74 75 76 79 80 s
17 2 4 5 8 9 12 14 15 16 19 20 21 22 23 25 29 30 33 35 36 38 39 41 44 45 46 47 52 53 54 55 56 57 59 60 62 63 64 65 66 67 68 69 70 72 73 74 75 76 78 79 80 s
18 3 9 11 13 14 15 23 24 25 29 30 32 33 34 37 39 42 43 45 46 48 49 50 51 52 53 55 56 57 59 61 63 64 65 66 68 69 72 73 74 77 79 s
19 2 3 6 13 15 16 17 20 21 25 26 27 28 30 31 32 34 35 37 39 40 41 42 44 45 46 51 54 55 56 58 60 62 63 64 68 70 71 73 77 s
20 1 2 6 8 14 15 17 19 21 22 25 26 27 28 30 37 38 39 41 43 44 45 47 48 51 53 57 58 60 62 64 65 66 67 68 71 73 75 77 78 79 80 s
21 1 2 4 5 8 9 10 11 12 13 14 15 16 17 19 20 26 29 32 36 38 42 43 48 49 51 54 55 56 57 58 62 63 64 66 67 73 74 79 s
22 1 3 4 7 9 12 15 16 17 20 25 27 28 32 33 34 35 37 38 40 41 44 45 46 49 51 52 54 55 58 59 60 61 63 68 69 70 71 73 76 80 s
23 2 3 5 7 9 10 11 14 15 16 17 18 24 25 26 27 31 34 35 36 37 38 43 44 45 46 47 50 51 53 54 56 58 62 64 65 66 68 70 71 73 77 79 s
24 1 2 5 7 11 14 16 18 23 25 28 31 32 36 39 40 41 42 43 48 49 50 51 54 55 56 58 59 65 71 74 75 77 78 80 s
25 2 5 7 9 12 14 17 18 19 20 22 23 24 26 29 30 35 36 39 41 43 46 47 48 49 50 51 52 53 55 60 61 62 64 65 72 73 74 77 78 s
26 1 4 6 9 13 15 16 19 20 21 23 25 27 30 31 34 35 36 41 44 45 50 51 56 58 59 60 61 62 67 70 71 72 74 75 77 78 79 s
27 1 2 3 5 6 7 9 10 13 16 19 20 22 23 26 28 29 30 32 34 37 38 41 42 44 45 46 48 49 61 63 68 71 72 73 76 77 78 s
28 1 2 3 6 8 9 10 12 15 16 19 20 22 24 27 31 32 34 36 37 38 41 42 43 46 47 48 49 52 55 56 59 61 65 66 67 69 70 72 73 74 75 76 79 s
29 1 2 4 5 6 7 9 14 15 17 18 21 25 27 32 33 37 38 39 40 41 42 44 45 46 47 48 49 52 57 59 61 65 68 73 75 76 77 78 79 s
30 4 7 9 10 11 13 14 15 17 18 19 20 25 26 27 32 33 34 38 39 40 44 47 50 52 59 60 62 64 65 68 70 73 74 75 77 78 s
31 2 4 10 11 12 13 14 15 16 19 23 24 26 28 33 34 35 37 38 39 40 42 46 47 50 52 55 57 59 60 62 64 65 66 67 70 71 74 77 80 s
32 1 2 4 5 7 8 11 12 13 14 18 19 21 22 24 27 28 29 30 34 36 37 38 40 42 43 46 47 49 50 53 55 60 61 62 63 66 68 69 71 73 74 79 s
33 2 5 6 7 8 10 13 17 18 22 29 30 31 34 35 36 39 40 42 46 47 51 53 56 59 62 63 64 66 67 68 70 71 74 76 77 78 80 s
34 1 2 4 6 7 8 10 11 15 18 19 22 23 26 27 28 30 31 32 33 35 36 37 38 39 40 44 46 49 51 53 54 57 58 59 60 61 63 64 66 69 70 72 74 76 79 80 s
35 1 3 5 6 7 8 9 10 11 12 13 14 16 17 19 22 23 25 26 31 33 34 38 41 44 46 51 52 53 55 56 57 60 61 62 63 66 67 68 69 70 71 72 76 79 80 s
36 7 12 15 16 17 21 23 24 25 26 28 32 33 34 37 41 43 47 50 51 52 53 54 56 57 59 61 65 67 68 69 70 71 73 77 79 s
37 1 2 8 9 11 13 15 16 18 19 20 22 23 27 28 29 31 32 34 36 39 42 43 48 49 50 51 52 55 56 57 60 61 62 64 65 66 67 68 69 73 76 77 78 79 80 s
38 1 3 8 10 13 14 15 16 17 20 21 22 23 27 28 29 30 31 32 34 35 43 44 47 51 53 54 56 57 58 59 66 67 68 69 70 74 75 76 78 s
39 4 6 7 9 10 11 13 14 17 18 19 20 24 25 29 30 31 33 34 37 40 43 48 50 51 52 54 57 58 60 65 66 67 74 75 76 78 s
40 1 3 4 7 11 13 14 15 19 22 24 29 30 31 32 33 34 39 43 44 45 47 48 49 51 62 63 65 66 67 68 69 70 71 74 77 79 s
41 1 2 4 5 8 9 10 12 14 16 17 19 20 22 24 25 26 27 28 29 35 36 44 50 51 52 53 56 60 61 62 63 64 65 66 70 71 72 73 75 77 79 s
42 1 2 4 5 6 7 8 10 13 16 18 19 21 24 27 28 29 31 32 33 37 44 46 48 49 50 51 55 56 58 59 60 62 64 66 71 72 73 74 75 79 s
43 1 4 5 7 9 11 15 18 20 21 23 24 25 28 32 36 37 38 39 40 45 47 50 54 55 56 57 60 62 63 66 67 68 70 71 72 73 75 76 78 80 s
44 2 6 8 10 14 16 17 19 20 22 23 26 27 29 30 34 35 38 40 41 42 48 51 55 57 60 61 62 63 65 66 70 76 77 78 79 80 s
45 1 3 5 6 7 10 12 17 18 19 20 22 23 26 27 29 40 43 49 50 52 56 61 62 63 65 67 70 71 74 76 78 s
46 1 5 7 8 9 12 13 17 18 19 22 23 25 27 28 29 31 32 33 34 35 42 47 48 49 50 51 53 54 55 56 57 60 64 68 70 72 76 78 79 s
47 1 2 7 9 11 14 15 17 20 23 25 28 29 30 31 32 33 36 38 40 43 46 48 49 50 51 52 53 55 58 59 61 62 68 69 73 74 75 78 79 80 s
48 1 7 8 9 12 14 16 18 20 21 24 25 27 28 29 37 39 40 42 44 46 47 49 51 53 55 56 58 59 61 63 64 67 69 76 77 78 79 80 s
49 1 5 6 7 9 10 16 18 21 22 24 25 27 28 29 32 34 37 40 42 45 46 47 48 50 52 56 61 63 65 69 72 76 78 s
50 1 6 7 9 10 11 12 13 15 18 23 24 25 26 30 31 32 36 37 39 41 42 43 45 46 47 49 52 53 56 57 58 59 61 62 63 67 70 71 75 79 s
51 3 4 5 7 10 11 12 13 15 18 19 20 21 22 23 24 25 26 33 34 35 36 37 38 39 40 41 42 44 46 47 48 55 57 58 59 61 62 65 66 67 68 71 75 76 78 s
52 2 3 8 10 13 15 17 18 22 25 28 29 30 31 35 36 37 39 41 45 47 49 50 55 56 57 58 61 62 64 65 66 69 72 76 78 79 s
53 2 3 4 5 7 14 17 18 20 23 25 32 33 34 35 36 38 41 46 47 48 50 54 58 59 60 62 63 64 68 69 70 73 75 78 79 s
54 1 3 5 8 10 11 13 14 15 16 17 19 21 22 23 24 34 36 38 39 43 46 53 56 57 59 61 63 65 66 67 69 70 71 72 75 76 77 80 s
55 3 6 7 8 10 13 14 16 17 18 19 21 22 24 25 28 31 32 35 37 42 43 44 46 47 48 51 52 56 58 59 61 62 64 67 68 69 71 72 73 74 75 78 80 s
56 1 3 4 5 6 8 10 11 12 14 16 17 18 19 21 23 24 26 28 33 35 36 37 38 41 42 43 45 46 48 49 50 52 54 55 62 63 66 68 71 73 74 78 80 s
57 1 2 5 7 9 10 13 14 15 17 18 20 21 29 31 34 35 36 37 38 39 43 44 46 50 51 52 54 60 61 62 64 65 66 68 69 70 72 74 75 76 77 79 80 s
58 1 2 3 7 9 16 19 20 21 22 23 24 26 34 38 39 42 47 48 50 51 52 53 55 60 61 62 66 67 68 69 70 74 79 80 s
59 2 3 8 12 14 17 18 22 24 26 28 29 30 31 33 34 36 38 42 47 48 50 51 53 54 55 60 62 63 64 65 66 67 70 73 74 79 s
60 2 5 7 9 10 13 15 16 17 19 20 22 25 26 30 31 32 34 35 37 39 41 42 43 44 46 53 57 58 59 63 64 66 69 72 76 77 78 79 80 s
61 1 4 5 6 7 8 9 10 12 13 14 18 22 25 26 27 28 29 32 34 35 36 37 41 44 45 47 48 49 50 51 52 54 55 57 58 62 63 67 68 74 75 76 77 79 s
62 1 2 5 6 7 8 12 13 14 17 19 20 21 23 25 26 30 31 32 33 35 37 40 41 42 43 44 45 47 50 51 52 53 55 56 57 58 59 61 63 72 73 74 76 78 79 80 s
63 3 4 5 7 12 14 16 17 18 19 21 22 27 32 33 34 35 40 41 43 44 45 48 49 50 53 54 56 59 60 61 62 66 67 70 71 72 76 78 s
64 1 2 4 6 7 9 11 12 14 15 17 18 19 20 21 23 25 30 31 33 34 37 41 42 46 48 52 53 55 57 59 60 68 70 71 73 75 76 77 79 s
65 6 7 8 10 11 12 13 14 15 17 18 20 23 24 25 28 29 30 31 36 37 39 40 41 44 45 49 51 52 54 57 59 66 67 72 73 75 77 80 s
66 1 3 4 5 9 11 15 17 18 20 21 23 28 31 32 33 34 35 37 38 39 40 41 42 43 44 51 52 54 56 57 58 59 60 63 65 67 68 69 70 72 73 74 75 76 77 78 79 80 s
67 3 5 7 8 12 17 20 21 26 28 31 33 35 36 37 38 39 40 43 45 48 50 51 54 55 58 59 61 63 65 66 71 73 75 77 78 s
68 1 2 3 4 5 9 11 13 14 15 16 17 18 19 20 22 23 27 29 30 32 33 35 36 37 38 40 43 46 47 51 53 55 56 57 58 61 64 66 71 72 77 79 s
69 1 3 5 6 8 9 12 15 17 18 22 28 32 34 35 36 37 38 40 47 48 49 52 53 54 55 57 58 60 66 70 72 73 76 77 78 s
70 3 4 5 6 7 8 11 13 17 19 22 23 26 28 30 31 33 34 35 36 38 40 41 43 44 45 46 50 53 54 57 58 59 63 64 66 69 74 76 77 79 s
71 1 2 4 6 8 9 10 11 14 15 16 19 20 22 23 24 26 27 31 32 33 35 36 40 41 42 43 45 50 51 54 55 56 63 64 67 68 79 s
72 6 8 12 13 14 16 17 18 25 26 27 28 34 35 41 42 43 46 49 52 54 55 57 60 62 63 65 66 68 69 73 74 76 78 79 80 s
73 5 6 9 11 12 15 16 17 18 19 20 21 22 23 25 27 28 29 30 32 36 37 41 42 43 47 53 55 56 59 62 64 65 66 67 69 72 76 77 78 80 s
74 1 4 8 9 10 11 14 16 17 18 21 24 25 26 28 30 31 32 33 34 38 39 40 42 45 47 55 56 57 58 59 61 62 66 70 72 76 78 79 s
75 3 4 6 8 10 12 13 16 17 20 24 26 28 29 30 38 39 41 42 43 47 50 51 53 54 55 57 61 64 65 66 67 76 77 80 s
76 4 5 7 8 10 11 14 15 16 17 22 27 28 29 33 34 35 37 38 39 43 44 45 46 48 49 51 52 54 57 60 61 62 63 64 66 69 70 72 73 74 75 77 78 79 80 s
77 1 2 3 5 8 10 11 13 14 15 18 19 20 23 24 25 26 27 29 30 31 33 36 37 40 41 44 48 54 57 60 61 64 65 66 67 68 69 70 73 75 76 78 79 80 s
78 2 3 5 7 9 10 12 15 17 20 24 25 26 27 29 30 33 37 38 39 43 44 45 46 47 48 49 51 52 53 55 56 60 62 63 66 67 69 72 73 74 76 77 s
79 3 7 9 10 13 16 17 18 20 21 23 26 28 29 32 34 35 36 37 40 41 42 44 46 47 48 50 52 53 57 58 59 60 61 62 64 66 68 70 71 72 74 76 77 s
80 2 7 11 12 15 16 17 20 22 24 31 33 34 35 37 43 44 47 48 54 55 56 57 58 60 62 65 66 72 73 75 76 77 s
