1 4 5 24 27 39 40 42 51 55 56 60 62 63 69 70 71 72 73 76 81 s
2 12 20 21 28 30 31 35 36 38 48 63 64 68 69 71 72 79 81 s
3 8 9 13 14 17 20 21 23 24 27 31 32 35 42 46 48 54 67 69 71 74 75 78 s
4 1 6 10 14 15 18 19 24 32 34 36 43 44 47 53 55 65 73 75 77 81 84 s
5 1 8 11 12 14 21 23 44 45 47 50 52 55 59 60 65 76 77 s
6 4 7 10 12 16 21 23 24 27 37 39 43 50 51 54 56 59 63 66 73 77 78 82 s
7 6 8 9 10 15 18 19 26 34 38 44 48 49 54 55 56 66 69 71 73 74 76 78 81 83 84 s
8 3 5 7 9 12 16 17 18 22 42 44 47 49 52 55 62 65 72 73 74 77 85 s
9 3 7 8 14 16 18 23 25 26 29 31 34 36 37 39 42 44 52 53 59 63 64 66 76 81 83 s
10 4 6 7 22 25 26 30 38 43 44 47 52 55 62 67 68 74 76 80 83 s
11 5 13 16 20 25 28 29 31 32 34 35 36 37 40 41 42 44 46 50 53 54 56 66 68 77 s
12 2 5 6 8 25 27 28 33 39 41 48 49 57 58 59 68 69 82 s
13 3 11 14 18 20 25 27 29 32 36 40 42 58 64 70 71 77 84 s
14 3 4 5 9 13 17 19 22 24 27 28 33 37 38 39 42 44 47 58 59 65 73 78 80 s
15 4 7 20 29 31 37 43 49 69 74 79 84 s
16 6 8 9 11 21 22 26 31 36 37 47 50 51 52 61 62 66 67 70 77 81 82 s
17 3 8 14 18 22 29 34 40 44 48 49 51 54 58 59 72 82 84 s
18 4 7 8 9 13 17 21 22 26 32 33 38 46 51 57 59 68 70 72 81 83 s
19 4 7 14 20 23 28 36 40 41 49 54 58 59 65 69 71 77 79 80 s
20 2 3 11 13 15 19 22 26 31 34 37 38 40 56 58 62 63 66 73 76 78 80 82 s
21 2 3 5 6 16 18 22 23 26 27 28 35 47 52 60 63 68 70 75 84 85 s
22 8 10 14 16 17 18 20 21 23 25 27 28 33 34 48 52 55 56 59 60 65 68 74 75 79 85 s
23 3 5 6 9 19 21 22 29 36 37 45 46 52 53 57 67 68 70 78 79 84 s
24 1 3 4 6 14 29 34 41 44 47 51 54 55 65 71 s
25 9 10 11 12 13 22 31 32 37 41 47 50 53 62 63 64 65 66 73 75 76 77 84 85 s
26 7 9 10 16 18 20 21 29 32 35 42 44 46 55 60 69 74 80 s
27 1 3 6 12 13 14 21 22 29 34 38 47 48 49 54 67 68 70 73 80 81 s
28 2 11 12 14 19 21 22 29 39 40 44 45 51 53 63 64 69 71 74 75 76 80 s
29 9 11 13 15 17 23 24 26 27 28 34 37 38 40 51 53 65 66 72 76 77 79 82 83 84 s
30 2 10 37 42 43 44 49 52 55 61 63 66 69 70 72 74 75 79 81 85 s
31 2 3 9 11 15 16 20 25 32 37 39 40 50 61 62 69 71 75 81 s
32 3 4 11 13 18 25 26 31 33 35 41 50 53 56 61 65 66 67 70 74 79 81 84 s
33 12 14 18 22 32 40 50 58 60 64 69 72 74 77 80 83 84 s
34 4 7 9 11 17 20 22 24 27 29 36 41 42 43 44 46 54 55 59 67 69 73 75 84 85 s
35 2 3 11 21 26 32 36 41 42 45 46 47 49 51 53 54 55 60 61 64 65 69 73 76 77 79 s
36 2 4 9 11 13 16 19 23 34 35 49 51 53 55 58 60 66 71 72 77 84 s
37 6 9 11 14 15 16 20 23 25 29 30 31 44 51 52 56 59 60 61 63 64 66 69 84 s
38 2 7 10 14 18 20 27 29 40 50 56 58 67 70 71 75 80 82 83 s
39 1 6 9 12 14 28 31 40 41 46 47 49 51 65 73 79 80 s
40 1 11 13 17 19 20 28 29 31 33 38 39 41 43 52 53 54 56 66 73 76 78 83 s
41 11 12 19 24 25 32 34 35 39 40 49 58 61 75 76 81 s
42 1 3 8 9 11 13 14 26 30 34 35 45 46 47 50 58 59 64 66 68 72 74 75 79 83 s
43 4 6 10 15 30 34 40 44 49 52 54 59 62 64 65 67 73 82 83 s
44 4 5 7 8 9 10 11 14 17 24 26 28 30 34 37 43 45 48 54 60 63 69 71 83 85 s
45 5 23 28 35 42 44 46 47 48 50 53 54 66 67 69 70 s
46 3 11 18 23 26 34 35 39 42 45 47 49 51 52 66 67 69 76 77 79 80 s
47 4 5 8 10 14 16 21 24 25 27 35 39 42 45 46 50 51 52 59 60 66 67 80 s
48 2 3 7 12 17 22 27 44 45 54 55 56 63 65 68 80 83 s
49 7 8 12 15 17 19 27 30 35 36 39 41 43 46 51 52 55 56 62 63 64 67 69 71 76 80 83 s
50 5 6 11 16 25 31 32 33 38 42 45 47 51 53 57 63 71 73 80 s
51 1 6 16 17 18 24 28 29 35 36 37 39 46 47 49 50 53 56 62 64 73 74 77 78 82 84 s
52 5 8 9 10 16 21 22 23 30 37 40 43 46 47 49 53 56 58 59 60 62 68 71 73 81 84 s
53 4 9 11 23 25 28 29 32 35 36 40 45 50 51 52 55 62 65 69 72 76 s
54 3 6 7 11 17 19 24 27 34 35 40 43 44 45 48 55 56 58 76 78 79 80 81 84 s
55 1 4 5 7 8 10 22 24 26 30 34 35 36 48 49 53 54 65 66 68 72 77 82 s
56 1 6 7 11 20 22 32 37 38 40 48 49 51 52 54 58 61 62 70 73 77 78 80 81 s
57 12 18 23 50 59 61 63 69 70 71 72 76 82 s
58 12 13 14 17 19 20 33 36 38 41 42 52 54 56 62 63 65 69 72 73 76 81 s
59 5 6 9 12 14 17 18 19 22 34 37 42 43 47 52 57 61 65 75 82 83 s
60 1 5 21 22 26 33 35 36 37 44 47 52 64 66 67 69 71 72 78 79 80 s
61 16 30 31 32 35 37 41 56 57 59 64 65 68 69 76 78 82 83 85 s
62 1 8 10 16 20 25 31 43 49 51 52 53 56 58 63 64 68 73 75 80 84 s
63 1 2 6 9 20 21 25 28 30 37 44 48 49 50 57 58 62 68 72 75 77 81 s
64 2 9 13 25 28 33 35 37 42 43 49 51 60 61 62 70 75 78 80 83 s
65 4 5 8 14 19 22 24 25 29 32 35 39 43 48 53 55 58 59 61 69 70 72 73 75 79 83 s
66 6 7 9 11 16 20 25 29 30 32 36 37 40 42 45 46 47 55 60 80 82 s
67 3 10 16 23 27 32 34 38 43 45 46 47 49 60 71 77 84 85 s
68 2 10 11 12 18 21 22 23 27 42 48 52 55 61 62 63 72 74 76 81 s
69 1 2 3 7 12 15 19 26 28 30 31 33 34 35 37 44 45 46 49 53 57 58 60 61 65 72 75 79 s
70 1 13 16 18 21 23 27 30 32 38 45 56 57 64 65 74 77 80 84 s
71 1 2 3 7 13 19 24 28 31 36 38 44 49 50 52 57 60 67 73 76 77 78 81 84 s
72 1 2 8 17 18 29 30 33 36 42 53 55 57 58 60 63 65 68 69 74 76 79 80 81 s
73 1 4 6 7 8 14 20 25 27 34 35 39 40 43 50 51 52 56 58 62 65 71 81 84 85 s
74 3 7 8 10 15 22 26 28 30 32 33 42 51 68 70 72 75 77 79 82 s
75 3 4 21 22 25 28 30 31 34 38 41 42 59 62 63 64 65 69 74 77 s
76 1 5 7 9 10 20 25 28 29 35 40 41 46 49 53 54 57 58 61 68 71 72 82 s
77 4 5 6 8 11 13 16 19 25 29 33 35 36 46 51 55 56 63 67 70 71 74 75 80 83 s
78 3 6 7 14 20 23 40 51 54 56 60 61 64 71 80 s
79 2 15 19 22 23 29 30 32 35 39 42 46 54 60 65 69 72 74 s
80 10 14 19 20 26 27 28 33 38 39 46 47 48 49 50 54 56 60 62 64 66 70 72 77 78 s
81 1 2 4 7 9 16 18 27 30 31 32 41 52 54 56 58 63 68 71 72 73 s
82 6 12 16 17 20 29 38 43 51 55 57 59 61 66 74 76 84 s
83 7 9 10 18 29 33 38 40 42 43 44 48 49 59 61 64 65 77 84 s
84 4 7 13 15 17 21 23 25 29 32 33 34 36 37 51 52 54 62 67 70 71 73 82 83 s
85 8 21 22 25 30 34 44 61 67 73 s
