1 9 10 12 14 17 30 32 33 56 58 63 70 72 75 76 78 80 83 s
2 5 6 7 15 16 28 29 35 36 38 39 40 43 45 47 50 52 56 57 58 59 61 62 65 66 67 68 71 77 s
3 4 10 11 21 24 25 26 30 31 33 37 38 39 41 44 45 55 60 61 62 63 67 69 73 76 79 80 83 84 s
4 3 8 14 18 19 20 25 26 28 29 31 33 34 44 45 52 57 60 63 65 70 71 72 76 79 s
5 2 6 14 15 16 18 20 26 27 31 33 35 36 48 50 52 56 63 65 74 78 83 s
6 2 5 12 13 15 19 22 30 31 38 40 42 48 58 63 65 68 71 76 81 84 s
7 2 8 9 10 16 19 22 25 27 29 31 36 40 45 47 51 54 57 59 64 65 72 73 80 s
8 4 7 9 10 13 14 17 22 26 30 35 36 38 51 56 57 61 63 66 70 75 82 s
9 1 7 8 10 11 13 15 20 21 23 28 31 32 35 41 42 54 56 57 61 62 66 70 71 75 78 79 80 81 84 s
10 1 3 7 8 9 13 18 24 25 26 28 37 39 50 55 56 59 60 63 67 70 72 74 78 80 85 s
11 3 9 12 14 15 16 29 37 46 48 50 54 57 62 71 74 76 79 84 s
12 1 6 11 15 19 20 21 24 29 34 38 42 44 50 53 60 63 65 72 74 76 77 85 s
13 6 8 9 10 16 19 20 25 26 30 34 35 41 43 52 53 54 58 60 78 80 s
14 1 4 5 8 11 18 20 27 32 36 40 45 46 50 54 56 59 66 73 74 76 81 83 84 s
15 2 5 6 9 11 12 16 21 26 40 42 45 48 49 52 58 68 69 75 81 82 84 s
16 2 5 7 11 13 15 18 19 28 33 35 41 45 49 50 54 57 59 64 65 66 69 74 s
17 1 8 21 24 26 43 47 50 57 59 60 62 68 73 74 76 83 84 s
18 4 5 10 14 16 21 27 28 31 33 35 39 40 42 43 48 63 70 71 73 81 s
19 4 6 7 12 13 16 21 24 25 27 33 44 46 48 49 51 56 62 65 68 76 77 78 80 83 s
20 4 5 9 12 13 14 25 28 30 35 36 37 39 40 47 50 51 52 53 55 58 61 63 67 76 80 84 85 s
21 3 9 12 15 17 18 19 24 30 35 36 41 44 47 49 54 56 58 60 68 71 77 78 80 84 s
22 6 7 8 23 24 25 27 31 37 38 42 47 48 50 61 64 65 72 73 74 78 s
23 9 22 28 29 38 45 46 48 50 53 65 67 85 s
24 3 10 12 17 19 21 22 25 30 36 37 38 44 46 49 66 68 70 72 73 76 79 84 s
25 3 4 7 10 13 19 20 22 24 27 28 32 34 40 44 45 46 50 53 64 67 68 81 83 84 s
26 3 4 5 8 10 13 15 17 27 29 30 39 40 43 55 57 61 62 63 66 70 80 84 s
27 5 7 14 18 19 22 25 26 28 29 32 37 42 45 54 58 61 64 68 71 73 75 80 82 s
28 2 4 9 10 16 18 20 23 25 27 33 37 38 42 45 51 53 56 60 61 62 63 64 65 72 73 74 75 76 78 79 82 s
29 2 4 7 11 12 23 26 27 30 31 40 42 51 54 58 59 64 70 80 85 s
30 1 3 6 8 13 20 21 24 26 29 34 41 42 43 56 59 66 67 70 72 78 85 s
31 3 4 5 6 7 9 18 22 29 34 37 38 52 53 56 61 69 74 76 77 79 80 81 85 s
32 1 9 14 25 27 33 37 43 44 49 50 51 54 56 57 58 59 63 65 68 69 72 74 77 79 81 84 s
33 1 3 4 5 16 18 19 28 32 39 48 49 52 53 55 57 59 60 69 71 75 78 79 81 84 s
34 4 12 13 25 30 31 37 38 42 48 49 50 54 63 64 67 71 72 73 75 78 79 82 s
35 2 5 8 9 13 16 18 20 21 36 37 48 52 58 60 61 63 69 70 75 78 85 s
36 2 5 7 8 14 20 21 24 35 44 48 49 51 55 56 59 60 61 64 65 68 72 76 77 80 83 84 85 s
37 3 10 11 20 22 24 27 28 31 32 34 35 44 47 56 57 62 64 65 67 69 73 77 82 s
38 2 3 6 8 12 22 23 24 28 31 34 39 40 48 49 56 62 63 67 72 79 81 83 84 85 s
39 2 3 10 18 20 26 33 38 42 43 44 56 60 63 66 68 70 78 81 83 s
40 2 6 7 14 15 18 20 25 26 29 38 42 47 52 53 54 58 59 62 71 72 73 80 s
41 3 9 13 16 21 30 49 54 56 57 61 65 68 74 83 s
42 6 9 12 15 18 22 27 28 29 30 34 39 40 48 50 51 52 53 57 64 65 66 72 76 81 s
43 2 13 17 18 26 30 32 39 47 50 51 53 59 64 71 75 78 s
44 3 4 12 19 21 24 25 32 36 37 39 45 53 55 56 58 63 65 68 82 s
45 2 3 4 7 14 15 16 23 25 27 28 44 48 49 52 55 59 64 68 74 76 84 s
46 11 14 19 23 24 25 48 49 59 65 70 76 78 85 s
47 2 7 17 20 21 22 37 40 43 57 63 66 68 70 71 72 73 74 s
48 5 6 11 15 18 19 22 23 33 34 35 36 38 42 45 46 51 54 56 57 58 60 62 63 84 s
49 15 16 19 21 24 32 33 34 36 38 41 45 46 50 52 57 59 62 68 70 73 75 78 79 85 s
50 2 5 10 11 12 14 16 17 20 22 23 25 32 34 42 43 49 51 58 64 67 70 76 77 80 83 s
51 7 8 19 20 28 29 32 36 42 43 48 50 52 53 60 62 71 76 79 s
52 2 4 5 13 15 20 31 33 35 40 42 45 49 51 55 56 61 69 70 73 80 82 84 s
53 12 13 20 23 25 28 31 33 40 42 43 44 51 54 58 60 62 75 85 s
54 7 9 11 13 14 16 21 27 29 32 34 40 41 48 53 56 57 58 61 63 70 73 74 80 s
55 3 10 20 26 33 36 44 45 52 57 58 59 65 70 71 72 74 78 79 80 83 84 s
56 1 2 5 8 9 10 14 19 21 28 30 31 32 36 37 38 39 41 44 48 52 54 57 62 65 68 72 76 78 s
57 2 4 7 8 9 11 16 17 26 32 33 37 41 42 47 48 49 54 55 56 59 60 61 65 66 67 68 70 80 82 83 84 85 s
58 1 2 6 13 15 20 21 27 29 32 35 40 44 48 50 53 54 55 67 69 70 71 78 83 85 s
59 2 7 10 14 16 17 29 30 32 33 36 40 43 45 46 49 55 57 64 65 72 74 75 s
60 3 4 10 12 13 17 21 28 33 35 36 39 48 51 53 57 63 66 69 71 72 73 75 76 77 81 83 85 s
61 2 3 8 9 20 22 26 27 28 31 35 36 41 52 54 57 69 70 72 74 77 79 82 83 s
62 2 3 9 11 17 19 26 28 37 38 40 48 49 51 53 56 70 75 77 81 84 s
63 1 3 4 5 6 8 10 12 18 20 26 28 32 34 35 38 39 44 47 48 54 60 64 65 70 74 76 77 78 84 85 s
64 7 16 22 25 27 28 29 34 36 37 42 43 45 50 59 63 65 73 84 85 s
65 2 4 5 6 7 12 16 19 22 23 28 32 36 37 41 42 44 46 55 56 57 59 63 64 66 81 83 s
66 2 8 9 14 16 24 26 30 39 42 47 57 60 65 68 70 71 84 s
67 2 3 10 20 23 25 30 34 37 38 50 57 58 68 71 73 76 80 82 84 s
68 2 6 15 17 19 21 24 25 27 32 36 39 41 44 45 47 49 56 57 66 67 72 75 80 84 85 s
69 3 15 16 31 32 33 35 37 52 58 60 61 72 73 78 s
70 1 4 8 9 10 18 24 26 29 30 35 39 46 47 49 50 52 54 55 57 58 61 62 63 66 85 s
71 2 4 6 9 11 18 21 27 33 34 40 43 47 51 55 58 60 66 67 74 82 84 85 s
72 1 4 7 10 12 22 24 28 30 32 34 36 38 40 42 47 55 56 59 60 61 68 69 74 77 s
73 3 7 14 17 18 22 24 27 28 34 37 40 47 49 52 54 60 64 67 69 76 78 85 s
74 5 10 11 12 14 16 17 22 28 31 32 41 45 47 54 55 59 61 63 71 72 78 79 80 83 85 s
75 1 8 9 15 27 28 33 34 35 43 49 53 59 60 62 68 81 83 s
76 1 3 4 6 11 12 14 17 19 20 24 28 31 36 42 45 46 50 51 56 60 63 67 73 79 85 s
77 2 12 19 21 31 32 36 37 50 60 61 62 63 72 85 s
78 1 5 9 10 13 19 21 22 28 30 33 34 35 39 43 46 49 55 56 58 63 69 73 74 80 81 82 s
79 3 4 9 11 24 28 31 32 33 34 38 49 51 55 61 74 76 82 84 s
80 1 3 7 9 10 13 19 20 21 26 27 29 31 36 40 50 52 54 55 57 67 68 74 78 84 s
81 6 9 14 15 18 25 31 32 33 38 39 42 60 62 65 75 78 85 s
82 8 15 27 28 34 37 44 52 57 61 67 71 78 79 85 s
83 1 3 5 14 17 19 25 36 38 39 41 50 55 57 58 60 61 65 74 75 85 s
84 3 6 9 11 14 15 17 20 21 24 25 26 32 33 36 38 45 48 52 55 57 62 63 64 66 67 68 71 79 80 s
85 10 12 20 23 29 30 31 35 36 38 46 49 53 57 58 60 63 64 68 70 71 73 74 76 77 81 82 83 s
