1 8 9 11 14 25 26 29 32 36 38 40 41 50 56 58 59 60 66 77 82 s
2 4 7 13 16 18 19 20 25 28 29 30 33 41 44 46 58 59 63 65 68 70 72 73 74 81 83 s
3 12 20 22 35 37 41 42 43 45 48 49 51 53 54 57 72 77 79 80 s
4 2 8 9 10 14 15 22 23 29 34 35 36 37 43 44 49 54 56 59 60 62 70 71 73 76 77 79 81 83 s
5 8 10 12 21 23 26 27 28 31 48 50 56 59 69 75 76 79 81 s
6 10 11 21 24 27 36 40 47 54 57 58 61 64 s
7 2 8 11 13 15 18 20 21 28 31 32 33 38 39 40 43 44 56 58 64 70 73 79 82 84 s
8 1 4 5 7 11 17 18 22 27 28 30 31 35 38 44 48 49 56 61 73 75 77 79 81 82 83 85 s
9 1 4 14 15 16 17 18 19 24 31 36 38 45 58 62 72 74 77 80 81 84 s
10 4 5 6 13 14 24 25 28 38 49 57 58 60 62 67 68 72 77 79 80 83 s
11 1 6 7 8 13 16 21 23 26 28 32 38 43 46 51 55 56 63 67 69 70 74 77 79 80 84 s
12 3 5 18 20 27 29 32 49 50 54 60 63 74 77 78 81 82 83 84 s
13 2 7 10 11 17 19 21 22 34 43 56 62 63 68 70 72 75 78 81 83 85 s
14 1 4 9 10 16 19 20 22 28 29 32 35 41 42 43 44 52 54 55 56 61 63 65 66 67 72 79 85 s
15 4 7 9 16 23 25 27 38 40 47 48 59 61 65 66 69 71 73 76 83 s
16 2 9 11 14 15 19 22 24 28 41 45 47 49 50 53 55 63 66 68 73 74 80 82 83 s
17 8 9 13 23 26 31 33 40 43 46 52 53 63 64 65 70 73 81 82 s
18 2 7 8 9 12 19 29 31 36 37 40 42 47 49 52 54 55 56 67 74 77 79 85 s
19 2 9 13 14 16 18 20 22 30 43 49 55 59 60 61 62 69 71 75 79 81 82 85 s
20 2 3 7 12 14 19 29 30 31 34 36 40 43 44 46 50 57 59 64 65 70 75 80 s
21 5 6 7 11 13 28 29 33 36 37 39 42 43 44 47 48 49 51 66 77 81 84 s
22 3 4 8 13 14 16 19 23 28 35 37 40 42 45 48 52 53 61 63 72 74 77 80 81 85 s
23 4 5 11 15 17 22 25 29 33 34 40 41 43 45 53 55 57 64 69 74 76 79 82 s
24 6 9 10 16 25 27 30 37 39 41 42 43 44 61 66 67 75 s
25 1 2 10 15 23 24 32 39 40 41 43 50 52 53 56 57 60 62 64 65 72 74 75 76 81 s
26 1 5 11 17 28 31 34 35 36 39 44 47 50 56 61 64 67 68 78 80 s
27 5 6 8 12 15 24 28 36 37 39 41 47 51 57 58 61 63 66 68 75 81 83 85 s
28 2 5 7 8 10 11 14 16 21 22 26 27 33 36 49 50 52 53 63 71 74 77 84 s
29 1 2 4 12 14 18 20 21 23 54 58 60 66 69 73 76 78 85 s
30 2 8 19 20 24 33 38 43 50 51 58 59 60 62 66 75 76 78 s
31 5 7 8 9 17 18 20 26 33 38 41 49 50 51 55 60 61 62 64 69 73 77 78 80 81 s
32 1 7 11 12 14 25 33 34 37 40 41 46 50 52 55 61 62 64 65 66 71 74 82 84 s
33 2 7 17 21 23 28 30 31 32 37 42 48 49 53 54 57 58 60 64 67 68 69 73 75 77 83 s
34 4 13 20 23 26 32 35 41 45 47 52 54 55 63 66 68 69 72 s
35 3 4 8 14 22 26 34 40 47 53 57 65 70 73 83 85 s
36 1 4 6 9 18 20 21 26 27 28 37 44 49 50 51 55 65 68 74 84 s
37 3 4 18 21 22 24 27 32 33 36 39 41 44 46 49 50 56 63 64 67 71 72 74 76 80 82 s
38 1 7 8 9 10 11 15 30 31 41 46 50 53 58 60 61 73 74 s
39 7 21 24 25 26 27 37 51 52 57 58 59 60 62 65 73 77 82 84 s
40 1 6 7 15 17 18 20 22 23 25 32 35 44 45 52 57 61 62 67 69 74 75 79 84 s
41 1 2 3 14 16 23 24 25 27 31 32 34 37 38 43 46 55 63 64 71 74 78 85 s
42 3 14 18 21 22 24 33 51 53 56 63 64 72 73 75 78 79 80 84 s
43 3 4 7 11 13 14 17 19 20 21 23 24 25 30 41 45 50 51 59 60 62 72 73 76 81 82 s
44 2 4 7 8 14 20 21 24 26 36 37 40 45 47 48 49 51 55 59 66 79 83 84 s
45 3 9 16 22 23 34 40 43 44 50 51 52 55 57 58 70 75 79 84 s
46 2 11 17 20 32 37 38 41 47 51 52 55 56 60 67 70 73 74 75 79 s
47 6 15 16 18 21 26 27 34 35 44 46 48 51 53 54 56 60 61 66 71 72 76 79 80 81 84 85 s
48 3 5 8 15 21 22 33 44 47 49 51 53 56 58 62 63 68 70 77 82 s
49 3 4 8 10 12 16 18 19 21 28 31 33 36 37 44 48 50 54 58 62 68 69 70 71 72 78 81 85 s
50 1 5 12 16 20 25 26 28 30 31 32 36 37 38 43 45 49 58 60 63 69 76 s
51 3 11 21 27 30 31 36 39 42 43 44 45 46 47 48 53 57 59 64 67 79 s
52 14 17 18 22 25 28 32 34 39 40 45 46 56 59 61 63 70 73 77 80 83 s
53 3 16 17 22 23 25 28 33 35 38 42 47 48 51 54 59 63 68 69 71 72 73 82 85 s
54 3 4 6 12 14 18 29 33 34 47 49 53 56 62 67 70 73 74 81 82 83 s
55 11 14 16 18 19 23 31 32 34 36 41 44 45 46 57 72 80 84 s
56 1 4 5 7 8 11 13 14 18 25 26 37 42 46 47 48 52 54 58 60 63 64 65 66 67 71 74 77 80 s
57 3 6 10 20 23 25 27 33 35 39 40 45 51 55 58 71 82 85 s
58 1 2 6 7 9 10 27 29 30 33 38 39 45 48 49 50 56 57 60 62 64 65 75 83 s
59 1 2 4 5 15 19 20 30 39 43 44 51 52 53 67 71 74 78 s
60 1 4 10 12 19 25 29 30 31 33 38 39 43 46 47 50 56 58 63 66 69 77 78 s
61 6 8 14 15 19 22 24 26 27 31 32 38 40 47 52 69 72 77 82 83 85 s
62 4 9 10 13 19 25 30 31 32 39 40 43 48 49 54 58 69 70 71 73 76 78 83 s
63 2 11 12 13 14 16 17 22 27 28 34 37 41 42 48 50 52 53 56 60 78 79 81 s
64 6 7 17 20 23 25 26 31 32 33 37 41 42 51 56 58 65 67 69 70 72 s
65 2 14 15 17 20 25 32 35 36 39 56 58 64 67 72 73 74 76 77 79 82 s
66 1 14 15 16 21 24 27 29 30 32 34 44 47 56 60 70 74 77 78 79 81 82 s
67 10 11 14 18 24 26 33 37 40 46 51 54 56 59 64 65 69 73 81 s
68 2 10 13 16 26 27 33 34 36 48 49 53 69 73 76 77 78 82 84 s
69 5 11 15 19 23 29 31 33 34 40 49 50 53 60 61 62 64 67 68 70 76 s
70 2 4 7 11 13 17 20 35 45 46 48 49 52 54 62 64 66 69 71 75 79 s
71 4 15 19 28 32 37 41 47 49 53 56 57 59 62 70 72 74 76 78 79 82 85 s
72 2 3 9 10 13 14 22 25 34 37 42 43 47 49 53 55 61 64 65 71 s
73 2 4 7 8 15 16 17 29 31 33 35 38 39 42 43 46 52 53 54 62 65 67 68 80 84 s
74 2 9 11 12 16 18 22 23 25 28 32 36 37 38 40 41 46 54 56 59 65 66 71 80 s
75 5 8 13 19 20 24 25 27 30 33 40 42 45 46 58 70 78 79 s
76 4 5 15 23 25 29 30 37 43 47 50 62 65 68 69 71 80 82 84 85 s
77 1 3 4 8 9 10 11 12 18 21 22 28 31 33 39 48 52 56 60 61 65 66 68 s
78 12 13 26 29 30 31 41 42 49 59 60 62 63 66 68 71 75 83 84 s
79 3 4 5 7 8 10 11 14 18 19 23 40 42 44 45 46 47 51 63 65 66 70 71 75 81 84 85 s
80 3 9 10 11 16 20 22 26 31 37 42 47 52 55 56 73 74 76 81 s
81 2 4 5 8 9 12 13 17 19 21 22 25 27 31 43 47 49 54 63 66 67 79 80 s
82 1 7 8 12 16 17 19 23 32 37 39 43 48 53 54 57 61 65 66 68 71 76 84 s
83 2 4 8 10 12 13 15 16 27 33 35 44 52 54 58 61 62 78 s
84 7 9 11 12 21 28 32 36 39 40 42 44 45 47 55 68 73 76 78 79 82 s
85 8 13 14 18 19 22 27 29 35 41 47 49 53 57 61 71 76 79 s
