1 5 6 7 11 12 16 17 20 22 26 34 37 48 49 54 57 58 60 65 66 68 71 72 76 78 81 s
2 3 6 8 10 11 13 17 24 27 29 30 33 34 36 38 39 44 49 54 55 60 69 71 75 78 80 82 83 85 s
3 2 4 16 18 19 20 22 24 26 27 29 31 33 35 36 40 45 46 47 50 52 58 59 65 66 68 77 79 s
4 3 5 12 15 17 18 19 22 27 30 39 40 41 50 51 61 68 71 78 79 81 82 84 s
5 1 4 12 13 21 22 24 27 30 32 34 38 39 40 46 49 50 57 65 67 71 76 78 80 83 s
6 1 2 8 9 10 11 12 13 18 20 23 25 26 29 33 34 47 52 54 56 59 62 63 65 69 71 s
7 1 14 15 17 26 33 35 37 41 46 48 53 54 58 59 62 67 68 70 71 77 82 s
8 2 6 9 11 15 20 25 34 39 41 42 50 61 80 83 s
9 6 8 11 12 15 22 31 36 37 39 41 42 46 53 59 62 65 70 78 80 81 s
10 2 6 11 12 15 16 17 19 20 23 25 38 39 40 43 49 55 57 63 64 67 70 72 79 81 82 83 s
11 1 2 6 8 9 10 13 18 21 23 34 44 47 49 50 51 57 58 62 64 67 s
12 1 4 5 6 9 10 13 17 26 27 28 31 60 64 68 74 78 81 s
13 2 5 6 11 12 14 15 24 25 27 30 41 43 45 46 47 49 54 57 58 61 65 71 72 73 75 76 79 84 s
14 7 13 23 24 27 29 31 34 35 41 45 46 50 53 56 63 67 69 73 74 76 78 81 82 85 s
15 4 7 8 9 10 13 19 26 29 38 39 42 48 49 54 61 65 71 77 82 83 s
16 1 3 10 17 21 25 40 44 45 47 48 49 51 61 78 82 83 85 s
17 1 2 4 7 10 12 16 22 23 28 33 37 47 48 58 63 70 74 77 79 80 82 84 s
18 3 4 6 11 21 23 31 35 39 40 45 49 52 54 61 63 66 71 76 77 s
19 3 4 10 15 20 30 33 39 52 53 56 57 61 72 85 s
20 1 3 6 8 10 19 32 35 36 41 53 55 58 66 68 77 79 82 85 s
21 5 11 16 18 29 30 31 35 42 46 49 51 52 54 55 66 68 84 85 s
22 1 3 4 5 9 17 25 29 31 32 46 47 50 52 54 60 62 63 68 70 74 83 s
23 6 10 11 14 17 18 26 28 37 42 44 52 56 58 62 64 68 72 77 82 84 s
24 2 3 5 13 14 30 32 34 37 39 52 55 57 58 59 64 69 81 82 85 s
25 6 8 10 13 16 22 28 31 37 39 43 44 49 55 58 59 68 71 73 s
26 1 3 6 7 12 15 23 27 29 36 38 42 44 46 48 49 56 61 62 65 67 68 74 77 79 84 85 s
27 2 3 4 5 12 13 14 26 30 36 42 44 58 59 72 74 76 81 83 s
28 12 17 23 25 37 38 39 41 46 51 52 55 56 61 63 69 71 78 80 82 84 s
29 2 3 6 14 15 21 22 26 34 35 39 40 46 47 48 50 53 54 57 64 68 69 72 74 s
30 2 4 5 13 19 21 24 27 41 44 57 67 68 82 s
31 3 9 12 14 18 21 22 25 37 44 46 52 55 61 65 70 71 73 75 80 84 85 s
32 5 20 22 24 39 41 46 48 49 58 61 70 74 80 81 83 s
33 2 3 6 7 17 19 35 36 40 42 53 59 67 68 69 71 73 80 81 83 s
34 1 2 5 6 8 11 14 24 29 35 37 40 41 42 44 46 47 49 50 52 58 59 60 61 65 66 76 84 s
35 3 7 14 18 20 21 29 33 34 44 47 51 53 62 63 64 76 79 83 85 s
36 2 3 9 20 26 27 33 38 46 49 54 57 58 61 67 71 72 75 78 79 84 s
37 1 7 9 17 23 24 25 28 31 34 44 47 52 54 57 58 59 61 64 79 84 s
38 2 5 10 15 26 28 36 45 54 68 70 76 79 82 s
39 2 4 5 8 9 10 15 18 19 24 25 28 29 32 41 53 56 63 67 71 72 78 s
40 3 4 5 10 16 18 29 33 34 41 51 56 62 64 66 73 79 81 83 s
41 4 7 8 9 13 14 20 28 30 32 34 39 40 45 46 47 48 49 51 56 59 60 63 69 76 79 81 82 s
42 8 9 15 21 23 26 27 33 34 46 52 56 59 62 68 72 74 75 77 84 85 s
43 10 13 25 50 55 64 68 69 71 72 74 79 82 84 s
44 2 11 16 23 25 26 27 30 31 34 35 37 46 51 55 58 60 64 71 72 79 s
45 3 13 14 16 18 38 41 49 53 58 60 66 70 71 72 79 82 s
46 3 5 7 9 13 14 21 22 26 28 29 31 32 34 36 41 42 44 47 52 58 59 61 67 76 77 s
47 3 6 11 13 16 17 22 29 34 35 37 41 46 51 60 63 64 65 67 69 71 72 79 s
48 1 7 15 16 17 26 29 32 41 49 54 55 58 63 66 67 76 80 82 s
49 1 2 5 10 11 13 15 16 18 21 25 26 32 34 36 41 45 48 51 57 59 61 64 66 71 72 77 s
50 3 4 5 8 11 14 22 29 34 43 54 59 63 83 s
51 4 11 16 21 28 35 40 41 44 47 49 56 59 61 63 70 71 73 77 78 s
52 3 6 18 19 21 22 23 24 28 31 34 37 42 46 54 59 62 73 s
53 7 9 14 19 20 29 33 35 39 45 55 56 65 67 68 73 76 81 s
54 1 2 6 7 13 15 18 21 22 29 36 37 38 48 50 52 55 56 58 60 73 77 80 84 s
55 2 10 20 21 24 25 28 31 43 44 48 53 54 61 62 65 67 73 74 79 82 85 s
56 6 14 19 23 26 28 39 40 41 42 51 53 54 63 71 74 81 83 s
57 1 5 10 11 13 19 24 29 30 36 37 49 61 63 64 67 69 80 81 83 85 s
58 1 3 7 11 13 17 20 23 24 25 27 32 34 36 37 44 45 46 48 54 60 65 68 70 72 76 s
59 3 6 7 9 24 25 27 33 34 37 41 42 46 49 50 51 52 65 67 69 73 74 76 77 81 82 84 s
60 1 2 12 22 34 41 44 45 47 54 58 64 72 75 76 78 81 82 s
61 4 8 13 15 16 18 19 26 28 31 32 34 36 37 46 49 51 55 57 70 72 73 78 81 82 s
62 6 7 9 11 22 23 26 35 40 42 52 55 68 71 76 85 s
63 6 10 14 17 18 22 28 35 39 41 47 48 50 51 56 57 66 71 72 77 79 83 85 s
64 10 11 12 23 24 29 35 37 40 43 44 47 49 57 60 68 76 79 80 84 s
65 1 3 5 6 9 13 15 26 31 34 47 53 55 58 59 67 72 75 76 s
66 1 3 18 20 21 34 40 45 48 49 63 69 80 s
67 5 7 10 11 14 26 30 33 36 39 46 47 48 53 55 57 59 65 72 82 85 s
68 1 3 4 7 12 20 21 22 23 25 26 29 30 33 38 42 43 53 58 62 64 78 79 85 s
69 2 6 14 24 28 29 33 41 43 47 57 59 66 70 71 78 82 s
70 7 9 10 17 22 31 32 38 45 51 58 61 69 71 73 77 80 s
71 1 2 4 5 6 7 13 15 18 25 28 31 33 36 39 43 44 45 47 49 51 56 62 63 69 70 73 76 78 79 83 s
72 1 10 13 19 23 27 29 36 39 42 43 44 45 47 49 58 60 61 63 65 67 78 81 85 s
73 13 14 25 31 33 40 51 52 53 54 55 59 61 70 71 74 77 78 s
74 12 14 17 22 26 27 29 32 42 43 55 56 59 73 81 82 83 84 85 s
75 2 13 31 36 42 60 65 79 82 83 s
76 1 5 13 14 18 27 34 35 38 41 46 48 53 58 59 60 62 64 65 71 78 83 s
77 3 7 15 17 18 20 23 26 42 46 49 51 54 59 63 70 73 s
78 1 2 4 5 9 12 14 16 28 36 39 51 60 61 68 69 71 72 73 76 82 85 s
79 3 4 10 13 17 20 26 35 36 37 38 40 41 43 44 45 47 55 63 64 68 71 75 80 81 82 83 84 s
80 2 5 8 9 17 28 31 32 33 48 54 57 64 66 70 79 84 s
81 1 4 9 10 12 14 24 27 32 33 40 41 53 56 57 59 60 61 72 74 79 82 s
82 2 4 7 10 14 15 16 17 20 23 24 28 30 38 41 43 45 48 55 59 60 61 67 69 74 75 78 79 81 s
83 2 5 8 10 15 16 22 27 32 33 35 40 50 56 57 63 71 74 75 76 79 s
84 4 13 17 21 23 26 28 31 34 36 37 42 43 54 59 64 74 79 80 s
85 2 14 16 19 20 21 24 26 31 35 42 55 57 62 63 67 68 72 74 78 s
