1 4 7 16 17 22 27 28 31 33 36 41 55 56 62 64 73 75 84 s
2 8 11 14 18 28 31 32 42 43 44 46 48 50 51 54 63 64 66 68 72 74 76 77 78 80 82 83 84 85 s
3 9 11 12 25 28 31 32 33 34 36 37 42 44 48 52 56 60 65 66 67 68 73 77 85 s
4 1 7 9 14 16 21 22 23 24 25 27 32 33 34 36 37 38 39 40 41 42 45 49 51 64 69 72 78 80 s
5 11 15 20 23 32 34 35 36 37 39 41 49 51 58 64 65 72 74 75 82 s
6 14 16 17 18 21 22 24 26 28 30 33 34 43 46 48 52 58 60 76 78 81 83 s
7 1 4 8 12 13 17 18 22 24 25 28 33 35 38 39 59 61 62 64 65 67 71 74 77 84 85 s
8 2 7 11 12 16 17 18 19 20 21 32 36 39 40 45 52 56 57 62 67 s
9 3 4 11 12 14 16 20 22 32 33 39 40 52 54 59 60 70 73 74 75 79 80 82 83 84 s
10 16 17 18 29 32 36 37 41 47 54 57 61 63 69 70 71 72 75 77 84 s
11 2 3 5 8 9 12 14 17 18 21 22 27 37 49 59 62 64 66 68 70 74 79 81 83 s
12 3 7 8 9 11 13 14 15 17 23 24 26 29 30 38 39 45 47 49 53 60 63 70 72 73 79 81 82 83 84 s
13 7 12 15 21 24 25 27 32 35 36 37 39 41 47 52 62 65 74 77 81 83 s
14 2 4 6 9 11 12 19 31 32 37 42 43 45 47 49 50 51 54 55 58 60 61 63 72 74 76 81 82 s
15 5 12 13 17 24 25 36 38 41 42 43 45 46 47 48 49 50 53 56 57 59 67 69 74 79 s
16 1 4 6 8 9 10 18 20 26 28 31 43 44 45 47 54 58 63 68 72 79 83 84 85 s
17 1 6 7 8 10 11 12 15 29 31 34 35 37 42 44 59 64 67 72 77 79 80 82 83 84 s
18 2 6 7 8 10 11 16 20 26 27 30 35 37 40 41 42 48 49 54 56 63 64 68 69 78 81 82 83 s
19 8 14 23 24 25 30 37 43 45 49 56 63 65 66 69 70 73 85 s
20 5 8 9 16 18 27 35 36 42 67 68 75 80 83 84 s
21 4 6 8 11 13 28 30 31 34 35 36 40 42 48 49 54 57 64 67 68 69 80 83 85 s
22 1 4 6 7 9 11 31 32 33 34 35 37 43 46 55 57 59 61 64 68 73 76 77 85 s
23 4 5 12 19 25 30 37 44 45 54 56 57 59 63 65 69 73 75 76 77 79 83 84 s
24 4 6 7 12 13 15 19 30 35 36 41 42 48 51 53 56 70 71 78 79 83 s
25 3 4 7 13 15 19 23 27 28 30 47 50 53 55 60 61 64 65 69 74 79 81 84 s
26 6 12 16 18 31 37 54 56 67 71 72 77 79 85 s
27 1 4 11 13 18 20 25 28 32 33 36 39 42 46 47 52 54 58 59 74 75 77 83 s
28 1 2 3 6 7 16 21 25 27 29 30 36 37 38 41 43 46 47 48 51 52 53 59 60 67 69 74 75 76 77 82 83 85 s
29 10 12 17 28 32 37 41 54 58 59 63 75 80 81 82 83 84 85 s
30 6 12 18 19 21 23 24 25 28 37 50 56 59 67 70 71 77 85 s
31 1 2 3 14 16 17 21 22 26 37 43 61 67 71 74 79 81 83 84 s
32 2 3 4 5 8 9 10 13 14 22 27 29 34 36 42 44 50 61 64 68 71 72 73 74 85 s
33 1 3 4 6 7 9 22 27 38 43 63 65 70 s
34 3 4 5 6 17 21 22 32 36 40 41 42 43 44 47 51 55 57 59 63 64 65 68 70 71 75 80 81 83 84 85 s
35 5 7 13 17 18 20 21 22 24 38 48 51 53 60 65 66 67 68 74 75 82 83 s
36 1 3 4 5 8 10 13 15 20 21 24 27 28 32 34 39 41 43 52 59 64 73 79 82 s
37 3 4 5 10 11 13 14 17 18 19 22 23 26 28 29 30 31 39 45 50 51 54 56 59 62 64 65 70 73 75 77 79 80 85 s
38 4 7 12 15 28 33 35 44 46 51 53 56 61 73 75 83 84 s
39 4 5 7 8 9 12 13 27 36 37 48 51 55 63 65 71 73 75 85 s
40 4 8 9 18 21 34 42 58 68 73 74 77 79 82 s
41 1 4 5 10 13 15 18 24 28 29 34 36 47 49 53 55 56 58 59 67 70 71 72 73 80 84 s
42 2 3 4 14 15 17 18 20 21 24 27 32 34 40 46 49 50 51 55 58 62 68 76 77 82 s
43 2 6 14 15 16 19 22 28 31 33 34 36 48 50 51 56 57 58 63 64 67 68 70 71 73 84 s
44 2 3 16 17 23 32 34 38 49 62 69 70 71 78 81 82 84 s
45 4 8 12 14 15 16 19 23 37 62 65 69 75 79 s
46 2 6 15 22 27 28 38 42 49 50 53 66 67 69 73 80 85 s
47 10 12 13 14 15 16 25 27 28 34 41 52 53 56 59 62 63 74 s
48 2 3 6 15 18 21 24 28 35 39 43 59 61 62 64 72 76 77 79 80 82 s
49 4 5 11 12 14 15 18 19 21 41 42 44 46 59 66 69 76 81 82 83 84 85 s
50 2 14 15 25 30 32 37 42 43 46 51 57 61 73 78 81 85 s
51 2 4 5 14 24 28 34 35 37 38 39 42 43 50 53 54 56 62 65 67 76 82 s
52 3 6 8 9 13 27 28 36 47 53 59 61 62 64 66 75 76 78 79 s
53 12 15 24 25 28 35 38 41 46 47 51 52 57 61 63 68 70 72 75 76 79 s
54 2 9 10 14 16 18 21 23 26 27 29 37 51 58 59 64 66 74 75 77 85 s
55 1 14 22 25 34 39 41 42 56 72 78 80 81 83 85 s
56 1 3 8 15 18 19 23 24 26 30 37 38 41 43 47 51 55 57 58 62 64 66 67 80 84 85 s
57 8 10 15 21 22 23 34 43 50 53 56 58 59 64 68 71 76 s
58 5 6 14 16 27 29 40 41 42 43 54 56 57 59 70 s
59 7 9 11 15 17 22 23 27 28 29 30 34 36 37 41 47 48 49 52 54 57 58 61 65 74 80 81 83 s
60 3 6 9 12 14 25 28 35 64 65 66 71 75 84 s
61 7 10 14 22 25 31 32 38 48 50 52 53 59 63 67 69 72 78 s
62 1 7 8 11 13 37 42 44 45 47 48 51 52 56 66 68 71 72 75 77 79 83 s
63 2 10 12 14 16 18 19 23 29 33 34 39 43 47 53 61 66 67 74 78 79 80 82 84 s
64 1 2 4 5 7 11 17 18 21 22 25 32 34 36 37 43 48 52 54 56 57 60 67 68 70 83 84 s
65 3 5 7 13 19 23 25 33 34 35 37 39 45 51 59 60 66 70 79 s
66 2 3 11 19 35 46 49 52 54 56 60 62 63 65 71 75 81 83 s
67 3 7 8 15 17 20 21 26 28 30 31 35 41 43 46 51 56 61 63 64 73 74 77 s
68 2 3 11 16 18 20 21 22 32 34 35 40 42 43 53 57 62 64 69 70 76 78 84 s
69 4 10 15 18 19 21 23 25 28 44 45 46 49 61 68 76 77 82 84 s
70 9 10 11 12 19 24 30 33 34 37 41 43 44 53 58 64 65 68 72 73 77 81 82 s
71 7 10 24 26 30 31 32 34 39 41 43 44 57 60 62 66 72 85 s
72 2 4 5 10 12 14 16 17 26 32 41 48 53 55 61 62 70 71 73 76 80 81 82 83 84 s
73 1 3 9 12 19 22 23 32 36 37 38 39 40 41 43 46 50 67 70 72 78 84 s
74 2 5 7 9 11 13 14 15 25 27 28 31 32 35 40 47 54 59 63 67 78 s
75 1 5 9 10 20 23 27 28 29 34 35 37 38 39 45 52 53 54 60 62 66 76 78 79 82 84 s
76 2 6 14 22 23 28 42 48 49 51 52 53 57 68 69 72 75 s
77 2 3 7 10 13 17 22 23 26 27 28 30 37 40 42 48 54 62 67 69 70 83 84 s
78 2 4 6 18 24 44 50 52 55 61 63 68 73 74 75 82 83 s
79 9 11 12 15 16 17 23 24 25 26 31 36 37 40 45 48 52 53 62 63 65 75 80 81 85 s
80 2 4 9 17 20 21 29 34 37 41 46 48 55 56 59 63 72 79 s
81 6 11 12 13 14 18 25 29 31 34 44 49 50 55 59 66 70 72 79 s
82 2 5 9 12 14 17 18 28 29 35 36 40 42 44 48 49 51 63 69 70 72 75 78 83 84 s
83 2 6 9 11 12 13 16 17 18 20 21 23 24 27 28 29 31 34 35 38 49 55 59 62 64 66 72 77 78 82 s
84 1 2 7 9 10 12 16 17 20 23 25 29 31 34 38 41 43 44 49 56 60 63 64 68 69 72 73 75 77 82 s
85 2 3 7 16 19 21 22 26 28 29 30 32 34 37 39 46 49 50 54 55 56 71 79 s
