1 2 4 5 8 14 16 18 19 22 25 26 27 31 34 35 37 38 39 41 48 50 51 52 53 55 59 61 63 64 66 67 68 71 72 74 75 76 77 78 79 81 82 84 s
2 1 4 7 8 9 11 13 17 19 24 25 26 32 33 34 36 37 38 39 41 42 45 46 50 53 54 55 56 57 59 61 62 64 65 67 68 69 70 71 72 73 74 77 78 81 82 83 85 s
3 6 9 13 16 17 21 22 24 25 26 27 28 29 30 31 36 37 38 39 45 46 48 52 53 54 59 60 63 65 67 69 71 73 74 78 79 80 81 83 84 85 s
4 1 2 12 13 16 17 18 19 21 23 25 27 28 31 32 34 35 36 37 39 41 43 44 45 46 49 50 55 60 62 63 65 68 69 71 72 73 74 75 77 79 80 81 82 83 84 85 s
5 1 7 10 11 15 18 20 22 26 27 28 34 36 37 39 40 44 46 47 48 49 51 52 54 55 58 60 61 64 65 66 68 69 70 72 73 74 76 77 79 84 85 s
6 3 8 11 12 13 14 15 18 19 23 24 26 27 30 37 39 40 42 43 45 46 48 50 53 54 55 56 57 59 60 61 62 63 64 70 71 73 76 77 80 81 83 s
7 2 5 9 11 12 13 16 17 20 22 26 27 28 29 35 36 41 43 44 48 49 50 51 52 53 54 55 57 58 59 60 64 66 70 71 76 78 79 80 83 84 85 s
8 1 2 6 9 14 16 17 18 22 23 25 30 31 34 36 37 40 41 42 43 45 47 48 56 57 59 60 61 62 64 66 68 69 70 71 72 73 74 75 77 78 82 84 85 s
9 2 3 7 8 10 12 13 15 16 18 20 21 23 26 27 28 29 30 31 32 33 36 38 39 40 41 42 43 47 54 58 64 66 68 69 80 84 s
10 5 9 11 13 14 17 18 20 22 23 24 26 27 29 30 32 33 34 35 36 37 38 42 43 46 48 49 50 56 58 59 60 61 62 65 66 67 68 71 72 73 76 77 78 81 83 s
11 2 5 6 7 10 13 14 16 17 20 23 25 26 27 28 30 33 34 35 37 38 39 41 42 48 51 53 54 56 57 58 60 62 65 66 67 69 70 79 80 81 84 s
12 4 6 7 9 13 15 20 21 23 24 25 27 28 30 31 32 35 38 40 44 46 48 49 50 51 52 53 55 56 59 60 61 62 63 64 65 68 69 71 72 73 74 75 76 77 79 80 82 83 84 s
13 2 3 4 6 7 9 10 11 12 14 15 18 20 22 25 26 27 28 31 33 34 37 42 43 48 49 50 51 53 55 56 58 59 60 62 64 67 68 70 73 74 75 76 78 79 81 84 85 s
14 1 6 8 10 11 13 18 22 24 25 26 27 29 30 32 33 35 38 39 40 42 43 44 46 48 49 52 53 54 55 56 58 62 64 65 66 70 72 73 74 75 78 79 80 83 84 85 s
15 5 6 9 12 13 16 17 18 20 22 23 24 28 32 37 40 44 48 49 52 53 54 58 60 61 62 63 64 65 66 67 70 71 73 74 75 76 77 79 80 82 84 s
16 1 3 4 7 8 9 11 15 17 18 20 21 24 28 30 31 32 33 34 35 36 37 39 41 42 43 45 47 48 49 51 52 54 55 56 57 58 59 60 61 63 64 66 68 70 71 73 75 78 81 82 84 85 s
17 2 3 4 7 8 10 11 15 16 19 20 21 22 23 25 26 32 33 34 35 36 37 39 40 41 43 48 52 53 57 59 63 64 65 66 67 68 69 70 71 74 80 82 83 85 s
18 1 4 5 6 8 9 10 13 14 15 16 19 20 21 27 29 32 33 34 40 42 45 46 48 50 55 56 57 58 61 62 70 71 72 74 75 76 77 78 79 81 82 85 s
19 1 2 4 6 17 18 20 21 22 23 24 28 29 31 33 35 37 40 41 48 51 52 53 54 55 57 59 60 62 69 72 76 78 80 81 82 85 s
20 5 7 9 10 11 12 13 15 16 17 18 19 21 23 24 25 28 29 30 31 33 34 36 38 39 43 44 45 47 48 49 56 57 58 59 60 63 65 67 68 69 71 73 76 77 78 80 81 84 85 s
21 3 4 9 12 16 17 18 19 20 22 26 28 29 32 35 36 37 41 44 45 48 49 50 51 52 55 56 58 59 60 62 63 64 65 66 67 75 77 78 79 80 81 83 84 s
22 1 3 5 7 8 10 13 14 15 17 19 21 24 27 28 29 30 31 33 35 40 42 43 44 45 48 51 52 53 55 61 63 67 68 70 71 72 75 76 77 79 80 81 82 83 84 s
23 4 6 8 9 10 11 12 15 17 19 20 24 27 28 33 35 36 37 43 46 50 51 57 59 60 61 64 65 68 70 71 72 78 79 80 81 83 84 s
24 2 3 6 10 12 14 15 16 19 20 22 23 25 26 28 30 31 32 34 36 37 38 40 41 42 43 44 47 49 50 52 54 56 57 61 62 64 65 66 69 70 72 75 76 77 81 85 s
25 1 2 3 4 8 11 12 13 14 17 20 24 26 35 36 37 39 42 43 45 46 48 52 54 58 59 63 64 65 66 67 68 70 71 72 73 75 76 79 81 83 84 85 s
26 1 2 3 5 6 7 9 10 11 13 14 17 21 24 25 28 29 30 31 32 34 35 37 38 39 42 43 44 48 49 50 54 56 57 60 62 63 64 69 70 74 76 78 82 s
27 1 3 4 5 6 7 9 10 11 12 13 14 18 22 23 28 30 32 33 35 38 39 41 43 47 48 49 50 52 54 57 58 60 63 64 66 67 68 69 70 71 72 73 74 75 82 s
28 3 4 5 7 9 11 12 13 15 16 19 20 21 22 23 24 26 27 29 31 32 33 35 36 37 39 40 42 45 48 49 52 53 55 56 58 59 60 62 63 65 66 67 69 73 75 76 77 80 82 85 s
29 3 7 9 10 14 18 19 20 21 22 26 28 30 32 33 36 40 42 43 49 50 54 55 56 61 62 63 64 66 68 73 74 75 77 78 79 82 s
30 3 6 8 9 10 11 12 14 16 20 22 24 26 27 29 31 32 33 35 37 38 40 41 42 45 46 51 52 54 55 56 57 60 62 63 66 68 70 71 73 75 76 77 78 80 81 83 84 85 s
31 1 3 4 8 9 12 13 16 19 20 22 24 26 28 30 33 35 36 38 41 42 45 47 48 49 52 56 58 60 61 62 64 69 73 76 77 82 85 s
32 2 4 9 10 12 14 15 16 17 18 21 24 26 27 28 29 30 33 34 35 39 41 42 46 48 49 50 52 54 55 57 58 59 61 62 66 69 70 73 75 76 79 81 85 s
33 2 9 10 11 13 14 16 17 18 19 20 22 23 27 28 29 30 31 32 34 35 41 42 48 49 50 51 54 56 58 60 61 64 66 67 69 70 71 72 75 78 81 85 s
34 1 2 4 5 8 10 11 13 16 17 18 20 24 26 32 33 35 37 40 41 44 45 46 47 49 50 51 53 54 57 58 60 69 70 71 74 75 78 80 81 84 s
35 1 4 7 10 11 12 14 16 17 19 21 22 23 25 26 27 28 30 31 32 33 34 36 37 39 41 43 44 45 46 47 48 50 52 53 54 60 61 64 66 68 69 70 71 72 74 75 77 78 80 81 83 s
36 2 3 4 5 7 8 9 10 16 17 20 21 23 24 25 28 29 31 35 37 38 39 41 44 45 46 47 48 49 50 51 54 55 59 61 65 66 67 69 70 71 72 76 78 80 82 83 84 s
37 1 2 3 4 5 6 8 10 11 13 15 16 17 19 21 23 24 25 26 28 30 34 35 36 39 45 47 51 52 53 54 57 58 65 68 69 70 71 73 77 78 79 80 81 83 85 s
38 1 2 3 9 10 11 12 14 20 24 26 27 30 31 36 39 40 41 44 45 47 48 50 51 52 53 56 57 59 60 62 63 64 65 71 72 77 78 79 82 s
39 1 2 3 4 5 6 9 11 14 16 17 20 25 26 27 28 32 35 36 37 38 40 41 42 46 47 52 57 58 60 61 63 66 68 70 72 74 75 76 78 82 84 s
40 5 6 8 9 12 14 15 17 18 19 22 24 28 29 30 34 38 39 42 44 45 46 47 51 53 55 56 57 59 60 63 67 68 70 72 74 79 81 82 85 s
41 1 2 4 7 8 9 11 16 17 19 21 24 27 30 31 32 33 34 35 36 38 39 44 45 52 53 54 56 57 58 59 62 63 72 73 75 76 78 80 81 83 s
42 2 6 8 9 10 11 13 14 16 18 22 24 25 26 28 29 30 31 32 33 39 40 43 44 45 46 47 49 50 53 55 57 60 63 65 67 68 71 72 75 78 79 81 s
43 4 6 7 8 9 10 13 14 16 17 20 22 23 24 25 26 27 29 35 42 44 46 47 48 51 52 53 56 57 58 59 62 70 71 72 74 75 77 79 80 83 85 s
44 4 5 7 12 14 15 20 21 22 24 26 34 35 36 38 40 41 42 43 45 47 48 49 50 54 58 64 65 69 73 76 77 78 79 81 82 s
45 2 3 4 6 8 16 18 20 21 22 25 28 30 31 34 35 36 37 38 40 41 42 44 50 52 53 54 55 56 59 61 63 64 65 66 67 70 71 72 73 74 76 77 79 80 81 82 83 84 s
46 2 3 4 5 6 10 12 14 18 23 25 30 32 34 35 36 39 40 42 43 47 48 51 53 54 56 66 68 70 71 72 74 75 78 80 82 83 85 s
47 5 8 9 16 20 24 27 31 34 35 36 37 38 39 40 42 43 44 46 50 57 60 62 64 66 67 68 71 75 79 81 82 85 s
48 1 3 5 6 7 8 10 11 12 13 14 15 16 17 18 19 20 21 22 25 26 27 28 31 32 33 35 36 38 43 44 46 50 53 54 57 60 61 63 64 68 69 71 74 75 76 78 79 84 85 s
49 4 5 7 10 12 13 14 15 16 20 21 24 26 27 28 29 31 32 33 34 36 42 44 50 53 54 55 57 59 63 65 68 69 71 75 76 77 78 79 81 82 85 s
50 1 2 4 6 7 10 12 13 18 21 23 24 26 27 29 32 33 34 35 36 38 42 44 45 47 48 49 51 56 61 62 63 68 69 72 73 76 77 78 79 81 82 83 85 s
51 1 5 7 11 12 13 16 19 21 22 23 30 33 34 36 37 38 40 43 46 50 52 54 55 56 57 61 64 66 67 69 71 76 77 79 80 81 82 s
52 1 3 5 7 12 14 15 16 17 19 21 22 24 25 27 28 30 31 32 35 37 38 39 41 43 45 51 54 55 57 58 59 61 62 63 65 66 67 69 72 74 75 78 79 80 81 82 s
53 1 2 3 6 7 11 12 13 14 15 17 19 22 28 34 35 37 38 40 41 42 43 45 46 48 49 54 56 59 60 63 65 66 68 69 70 71 72 76 79 81 83 84 s
54 2 3 5 6 7 9 11 14 15 16 19 24 25 26 27 29 30 32 33 34 35 36 37 41 44 45 46 48 49 51 52 53 55 56 60 61 62 63 66 70 74 75 77 78 80 82 85 s
55 1 2 4 5 6 7 12 13 14 16 18 19 21 22 28 29 30 32 36 40 42 45 49 51 52 54 59 61 63 65 70 71 73 76 77 79 80 81 85 s
56 2 6 8 10 11 12 13 14 16 18 20 21 24 26 28 29 30 31 33 38 40 41 43 45 46 50 51 53 54 61 67 68 71 72 73 76 77 79 82 83 84 85 s
57 2 6 7 8 11 16 17 18 19 20 23 24 26 27 30 32 34 37 38 39 40 41 42 43 47 48 49 51 52 60 61 63 64 67 68 71 73 79 80 82 83 85 s
58 5 7 9 10 11 13 14 15 16 18 20 21 25 27 28 31 32 33 34 37 39 41 43 44 52 59 61 63 64 65 67 70 71 80 81 82 83 s
59 1 2 3 6 7 8 10 12 13 16 17 19 20 21 23 25 28 32 36 38 40 41 43 45 49 52 53 55 58 65 70 77 78 80 82 83 s
60 3 4 5 6 7 8 10 11 12 13 15 16 19 20 21 23 26 27 28 30 31 33 34 35 38 39 40 42 47 48 53 54 57 61 63 65 68 69 71 72 73 74 75 76 79 83 85 s
61 1 2 5 6 8 10 12 15 16 18 22 23 24 29 31 32 33 35 36 39 45 48 50 51 52 54 55 56 57 58 60 62 66 67 68 69 70 71 74 75 77 78 80 84 s
62 2 4 6 8 10 11 12 13 14 15 18 19 21 24 26 28 29 30 31 32 38 41 43 47 50 52 54 61 63 66 69 70 73 74 82 83 s
63 1 3 4 6 12 15 16 17 20 21 22 25 26 27 28 29 30 38 39 40 41 42 45 48 49 50 52 53 54 55 57 58 60 62 64 65 66 67 71 74 77 81 83 84 85 s
64 1 2 5 6 7 8 9 12 13 14 15 16 17 21 23 24 25 26 27 29 31 33 35 38 44 45 47 48 51 57 58 63 65 66 73 74 76 77 79 81 82 84 85 s
65 2 3 4 5 10 11 12 14 15 17 20 21 23 24 25 28 36 37 38 42 44 45 49 52 53 55 58 59 60 63 64 67 73 74 76 78 80 81 85 s
66 1 5 7 8 9 10 11 14 15 16 17 21 24 25 27 28 29 30 32 33 35 36 39 45 46 47 51 52 53 54 61 62 63 64 67 71 73 75 76 77 78 81 82 84 s
67 1 2 3 10 11 13 15 17 20 21 22 25 27 28 33 36 40 42 45 47 51 52 56 57 58 61 63 65 66 69 73 76 78 79 81 82 84 s
68 1 2 4 5 8 9 10 12 13 16 17 20 22 23 25 27 29 30 35 37 39 40 42 46 47 48 49 50 53 56 57 60 61 69 70 71 75 76 78 79 80 82 83 84 s
69 2 3 4 5 8 9 11 12 17 19 20 24 26 27 28 31 32 33 34 35 36 37 44 48 49 50 51 52 53 60 61 62 67 68 72 75 79 81 82 85 s
70 2 5 6 7 8 11 13 14 15 16 17 18 22 23 24 25 26 27 30 32 33 34 35 36 37 39 40 43 45 46 53 54 55 58 59 61 62 68 73 75 76 77 79 82 83 84 85 s
71 1 2 3 4 6 7 8 10 12 15 16 17 18 20 22 23 25 27 30 33 34 35 36 37 38 42 43 45 46 47 48 49 51 53 55 56 57 58 60 61 63 66 68 75 78 80 82 84 s
72 1 2 4 5 8 10 12 14 18 19 22 23 24 25 27 33 35 36 38 39 40 41 42 43 45 46 50 52 53 56 60 69 77 80 81 85 s
73 2 3 4 5 6 8 10 12 13 14 15 16 20 25 27 28 29 30 31 32 37 41 44 45 50 55 56 57 60 62 64 65 66 67 70 74 75 77 78 84 85 s
74 1 2 3 4 5 8 12 13 14 15 17 18 26 27 29 34 35 39 40 43 45 46 48 52 54 60 61 62 63 64 65 73 79 80 81 82 85 s
75 1 4 8 12 13 14 15 16 18 21 22 24 25 27 28 29 30 32 33 34 35 39 41 42 43 46 47 48 49 52 54 60 61 66 68 69 70 71 73 76 78 80 83 84 s
76 1 5 6 7 10 12 13 15 18 19 20 22 24 25 26 28 30 31 32 36 39 41 44 45 48 49 50 51 53 55 56 60 64 65 66 67 68 70 75 78 80 81 82 85 s
77 1 2 4 5 6 8 10 12 15 18 20 21 22 24 28 29 30 31 35 37 38 43 44 45 49 50 51 54 55 56 59 61 63 64 66 70 72 73 79 82 84 s
78 1 2 3 7 8 10 13 14 16 18 19 20 21 23 26 29 30 33 34 35 36 37 38 39 41 42 44 46 48 49 50 52 54 59 61 65 66 67 68 71 73 75 76 80 83 85 s
79 1 3 4 5 7 11 12 13 14 15 18 21 22 23 25 29 32 37 38 40 42 43 44 45 47 48 49 50 51 52 53 55 56 57 60 64 67 68 69 70 74 77 80 81 82 s
80 3 4 6 7 9 11 12 14 15 17 19 20 21 22 23 28 30 34 35 36 37 41 43 45 46 51 52 54 55 57 58 59 61 65 68 71 72 74 75 76 78 79 81 82 85 s
81 1 2 3 4 6 10 11 13 16 18 19 20 21 22 23 24 25 30 32 33 34 35 37 40 41 42 44 45 47 49 50 51 52 53 55 58 63 64 65 66 67 69 72 74 76 79 80 82 83 84 s
82 1 2 4 8 12 15 16 17 18 19 22 26 27 28 29 31 36 38 39 40 44 45 46 47 49 50 51 52 54 56 57 58 59 62 64 66 67 68 69 70 71 74 76 77 79 80 81 83 s
83 2 3 4 6 7 10 12 14 17 21 22 23 25 30 35 36 37 41 43 45 46 50 53 56 57 58 59 60 62 63 68 70 75 78 81 82 84 85 s
84 1 3 4 5 7 8 9 11 12 13 14 15 16 20 21 22 23 25 30 34 36 39 45 48 53 56 61 63 64 66 67 68 70 71 73 75 77 81 83 s
85 2 3 4 5 7 8 13 14 16 17 18 19 20 24 25 28 30 31 32 33 37 40 43 46 47 48 49 50 54 55 56 57 60 63 64 65 69 70 72 73 74 76 78 80 83 s
