1 2 3 6 9 10 11 12 13 14 15 17 18 20 23 25 28 31 32 34 35 36 37 38 41 44 45 48 49 51 54 55 57 59 60 61 67 70 76 79 80 82 s
2 1 3 5 6 7 9 10 14 16 17 18 19 22 24 27 30 35 38 40 41 44 45 48 52 56 57 58 59 60 61 63 65 67 68 69 70 77 78 79 80 81 s
3 1 2 4 5 6 12 15 16 17 18 19 20 30 32 35 37 38 39 40 41 42 46 47 51 52 53 54 55 58 61 62 63 64 65 69 74 75 79 83 s
4 3 5 7 8 9 11 12 15 19 20 22 24 26 28 29 30 34 35 39 40 43 44 46 48 50 53 58 59 61 62 65 66 67 68 69 72 75 76 77 79 80 81 82 84 85 s
5 2 3 4 7 9 11 12 14 16 18 21 24 25 26 28 29 31 32 33 37 39 40 41 43 45 47 49 52 54 57 58 60 61 62 63 64 67 68 69 70 72 73 74 77 78 80 81 84 s
6 1 2 3 8 9 10 15 16 19 20 21 23 26 27 29 31 32 37 43 44 45 46 47 48 49 50 54 56 57 58 60 61 62 63 65 67 68 70 71 74 75 76 78 82 s
7 2 4 5 10 15 16 18 19 20 22 23 27 34 35 39 42 43 44 45 46 48 50 52 53 54 55 56 59 60 62 64 67 68 69 70 71 73 75 77 78 79 84 85 s
8 4 6 10 11 12 13 14 15 17 20 22 23 24 25 29 31 33 34 36 38 40 41 42 43 45 46 47 49 50 51 53 55 56 57 59 61 64 66 67 73 76 77 79 81 84 s
9 1 2 4 5 6 10 13 14 17 18 21 23 25 30 32 33 35 36 38 40 42 43 45 47 50 51 52 53 55 57 58 59 68 71 72 73 75 76 77 79 80 81 84 85 s
10 1 2 6 7 8 9 12 13 14 16 20 26 27 29 30 31 32 34 35 36 37 39 40 42 43 44 45 46 47 49 58 59 62 66 69 70 71 72 73 77 79 80 81 84 s
11 1 4 5 8 14 15 16 17 23 24 26 27 28 29 31 33 35 37 39 40 45 47 48 49 53 56 60 63 64 66 68 69 70 73 75 78 79 82 84 s
12 1 3 4 5 8 10 13 16 22 23 24 25 27 28 29 30 31 34 35 37 38 39 41 43 44 47 49 51 53 54 55 56 57 59 60 63 64 68 70 71 72 73 76 77 78 79 81 85 s
13 1 8 9 10 12 15 17 20 21 22 23 26 28 30 31 33 36 37 39 41 42 43 47 49 51 56 57 59 63 66 68 70 72 73 74 77 79 81 83 s
14 1 2 5 8 9 10 11 17 21 22 23 24 25 26 27 28 30 31 32 34 35 39 42 43 44 48 49 50 51 52 54 55 56 58 59 60 64 65 66 69 70 73 74 75 76 77 79 81 84 s
15 1 3 4 6 7 8 11 13 18 19 20 21 23 24 26 27 28 29 30 31 33 35 41 43 44 45 46 48 51 54 55 56 58 67 68 70 71 72 73 76 77 78 79 80 82 83 84 85 s
16 2 3 5 6 7 10 11 12 17 18 19 20 21 23 25 28 32 33 38 42 44 45 46 47 48 49 50 51 53 54 56 57 59 61 66 67 68 69 73 75 79 80 81 83 84 s
17 1 2 3 8 9 11 13 14 16 19 20 24 27 28 29 35 36 37 38 39 41 42 44 45 46 48 51 52 54 60 62 63 64 68 69 71 75 77 78 79 81 82 83 84 85 s
18 1 2 3 5 7 9 15 16 19 20 21 25 26 29 34 36 38 40 42 43 45 48 51 52 53 54 58 59 60 63 65 66 67 69 70 72 73 76 77 78 80 82 84 s
19 2 3 4 6 7 15 16 17 18 24 27 29 32 34 35 36 37 39 46 48 49 56 60 66 67 70 72 73 74 76 78 80 81 82 83 s
20 1 3 4 6 7 8 10 13 15 16 17 18 21 22 23 29 31 33 35 36 40 42 43 46 47 49 50 51 53 54 57 58 59 60 62 63 64 65 66 67 69 71 72 73 74 76 78 79 80 81 84 s
21 5 6 9 13 14 15 16 18 20 23 25 26 28 32 33 34 36 37 39 40 41 44 46 47 50 51 54 55 56 60 61 62 63 64 66 67 68 70 71 72 73 74 78 79 80 82 84 85 s
22 2 4 7 8 12 13 14 20 24 28 30 32 33 34 35 39 41 42 46 47 48 49 53 54 55 57 60 61 62 63 64 67 72 75 77 78 80 85 s
23 1 6 7 8 9 11 12 13 14 15 16 20 21 29 30 31 32 33 34 37 38 40 41 42 44 46 47 48 49 51 53 54 55 56 58 59 60 67 69 70 72 73 75 80 82 84 s
24 2 4 5 8 11 12 14 15 17 19 22 27 28 30 32 34 35 36 38 39 44 45 46 47 49 50 53 54 55 56 57 60 61 62 63 65 66 68 69 70 74 75 78 79 82 83 84 s
25 1 5 8 9 12 14 16 18 21 27 28 29 32 33 35 40 41 42 48 49 50 51 52 58 59 62 64 65 66 69 72 75 76 78 79 81 83 84 85 s
26 4 5 6 10 11 13 14 15 18 21 28 33 34 35 36 37 45 47 49 50 51 54 56 57 58 60 61 63 64 66 67 68 70 72 75 76 78 81 83 84 s
27 2 6 7 10 11 12 14 15 17 19 24 25 28 30 32 34 36 39 40 41 42 43 44 46 47 48 49 51 52 53 56 57 58 60 68 70 71 75 76 77 78 83 s
28 1 4 5 11 12 13 14 15 16 17 21 22 24 25 26 27 29 30 32 33 35 37 38 42 45 46 48 49 51 52 53 54 56 58 60 61 63 65 68 69 70 72 73 75 77 78 84 s
29 4 5 6 8 10 11 12 15 17 18 19 20 23 25 28 30 31 36 40 43 46 49 50 51 52 54 55 56 57 58 60 61 62 65 68 69 73 74 75 79 81 83 s
30 2 3 4 9 10 12 13 14 15 22 23 24 27 28 29 34 35 36 38 39 40 41 42 43 44 46 48 49 52 53 54 55 56 58 59 60 61 63 65 66 67 69 70 71 74 76 77 78 79 80 81 82 84 85 s
31 1 5 6 8 10 11 12 13 14 15 20 23 29 34 35 39 40 42 43 44 45 48 50 55 58 59 61 62 63 66 70 77 79 80 83 84 85 s
32 1 3 5 6 9 10 14 16 19 21 22 23 24 25 27 28 33 34 40 42 43 44 45 47 49 50 51 52 53 55 59 63 64 67 69 71 73 75 76 84 85 s
33 5 8 9 11 13 15 16 20 21 22 23 25 26 28 32 35 36 37 38 40 41 42 47 48 50 51 52 55 57 59 60 62 63 67 68 69 70 71 72 73 74 75 76 78 81 84 s
34 1 4 7 8 10 12 14 18 19 21 22 23 24 26 27 30 31 32 39 41 42 43 47 48 49 51 52 54 55 56 57 58 61 63 66 68 71 74 75 76 78 80 81 s
35 1 2 3 4 7 9 10 11 12 14 15 17 19 20 22 24 25 26 28 30 31 33 36 37 38 42 43 46 48 49 51 52 54 56 57 60 61 62 63 66 67 70 72 73 74 75 76 78 79 81 84 s
36 1 8 9 10 13 17 18 19 20 21 24 26 27 29 30 33 35 38 39 40 41 42 43 44 45 46 49 50 51 52 53 55 56 57 61 65 66 67 70 71 75 77 78 81 83 85 s
37 1 3 5 6 10 11 12 13 17 19 21 23 26 28 33 35 38 39 40 42 43 47 48 58 59 60 61 65 66 68 70 71 73 74 76 79 81 82 83 84 s
38 1 2 3 8 9 12 16 17 18 23 24 28 30 33 35 36 37 39 40 41 43 47 50 51 52 54 60 63 64 66 68 70 73 74 75 76 77 78 80 83 84 s
39 3 4 5 7 10 11 12 13 14 17 19 21 22 24 27 30 31 34 36 37 38 40 42 44 48 50 52 53 54 56 57 60 63 65 66 68 70 71 72 73 75 76 77 82 83 s
40 2 3 4 5 8 9 10 11 18 20 21 23 25 27 29 30 31 32 33 36 37 38 39 42 43 44 45 46 47 49 57 59 60 61 62 63 68 69 71 73 75 76 81 82 83 84 85 s
41 1 2 3 5 8 12 13 15 17 21 22 23 25 27 30 33 34 36 38 42 45 46 48 51 53 55 59 60 61 63 65 69 71 74 75 78 79 80 84 s
42 3 7 8 9 10 13 14 16 17 18 20 22 23 25 27 28 30 31 32 33 34 35 36 37 39 40 41 45 46 48 50 51 52 53 55 56 57 60 62 63 64 65 66 69 70 71 74 76 80 82 83 84 s
43 4 5 6 7 8 9 10 12 13 14 15 18 20 27 29 30 31 32 34 35 36 37 38 40 44 45 48 51 52 55 57 59 63 69 70 73 75 77 78 79 84 s
44 1 2 4 6 7 10 12 14 15 16 17 21 23 24 27 30 31 32 36 39 40 43 45 47 49 51 54 55 57 59 63 65 66 68 71 75 76 77 79 81 83 84 85 s
45 1 2 5 6 7 8 9 10 11 15 16 17 18 24 26 28 31 32 36 40 41 42 43 44 46 47 49 52 53 54 55 56 60 62 63 65 66 67 68 72 73 74 75 76 78 79 81 82 s
46 3 4 6 7 8 10 15 16 17 19 20 21 22 23 24 27 28 29 30 35 36 40 41 42 45 47 48 49 52 53 55 58 60 61 62 63 65 67 68 70 76 81 82 83 85 s
47 3 5 6 8 9 10 11 12 13 16 20 21 22 23 24 26 27 32 33 34 37 38 40 44 45 46 48 49 50 54 56 61 62 63 64 65 66 68 70 71 72 73 74 77 78 80 83 s
48 1 2 4 6 7 11 14 15 16 17 18 19 22 23 25 27 28 30 31 33 34 35 37 39 41 42 43 46 47 49 50 53 56 58 62 68 70 72 73 74 77 78 81 83 85 s
49 1 5 6 8 10 11 12 13 14 16 19 20 22 23 24 25 26 27 28 29 30 32 34 35 36 40 44 45 46 47 48 50 53 54 56 60 65 68 69 70 72 73 76 77 79 84 s
50 4 6 7 8 9 14 16 20 21 24 25 26 29 31 32 33 36 38 39 42 47 48 49 51 54 55 57 60 62 66 67 68 74 75 76 83 84 85 s
51 1 3 8 9 12 13 14 15 16 17 18 20 21 23 25 26 27 28 29 32 33 34 35 36 38 41 42 43 44 50 52 53 54 57 59 60 61 62 64 68 71 72 73 76 79 80 81 84 s
52 2 3 5 7 9 14 17 18 25 27 28 29 30 32 33 34 35 36 38 39 42 43 45 46 51 53 54 55 56 57 62 64 67 68 71 72 76 77 79 81 83 84 85 s
53 3 4 7 8 9 11 12 16 18 20 22 23 24 27 28 30 32 36 39 41 42 45 46 48 49 51 52 54 55 57 58 64 65 66 68 70 77 78 80 82 85 s
54 1 3 5 6 7 12 14 15 16 17 18 20 21 22 23 24 26 28 29 30 34 35 38 39 44 45 47 49 50 51 52 53 55 58 60 62 64 65 66 67 68 69 71 72 77 78 82 84 s
55 1 3 7 8 9 12 14 15 21 22 23 24 29 30 31 32 33 34 36 41 42 43 44 45 46 50 52 53 54 58 60 61 65 68 69 71 72 74 75 76 79 81 82 83 85 s
56 2 6 7 8 11 12 13 14 15 16 19 21 23 24 26 27 28 29 30 34 35 36 39 42 45 47 48 49 52 57 58 60 61 63 64 66 67 68 73 74 75 76 77 78 79 80 81 82 83 84 85 s
57 1 2 5 6 8 9 12 13 16 20 22 24 26 27 29 33 34 35 36 39 40 42 43 44 50 51 52 53 56 58 60 67 68 70 71 73 75 76 77 78 79 80 83 84 s
58 2 3 4 5 6 9 10 14 15 18 20 23 25 26 27 28 29 30 31 34 37 46 48 53 54 55 56 57 63 65 66 69 70 71 73 75 78 83 85 s
59 1 2 4 7 8 9 10 12 13 14 16 18 20 23 25 30 31 32 33 37 40 41 43 44 51 60 61 63 65 68 69 70 76 77 79 80 82 83 85 s
60 1 2 5 6 7 11 12 14 17 18 19 20 21 22 23 24 26 27 28 29 30 33 35 37 38 39 40 41 42 45 46 49 50 51 54 55 56 57 59 61 66 68 69 70 71 73 76 78 79 80 83 s
61 1 2 3 4 5 6 8 16 21 22 24 26 28 29 30 31 34 35 36 37 40 41 46 47 51 55 56 59 60 63 65 66 70 72 73 74 78 79 80 81 82 84 s
62 3 4 5 6 7 10 17 20 21 22 24 25 29 31 33 35 40 42 45 46 47 48 50 51 52 54 63 65 67 70 71 73 74 76 77 78 80 83 84 85 s
63 2 3 5 6 11 12 13 17 18 20 21 22 24 26 28 30 31 32 33 34 35 38 39 40 41 42 43 44 45 46 47 56 58 59 61 62 65 66 67 68 71 72 73 74 76 77 82 84 85 s
64 3 5 7 8 11 12 14 17 20 21 22 25 26 32 38 42 47 51 52 53 54 56 66 67 70 71 73 75 77 78 79 80 82 83 84 85 s
65 2 3 4 6 14 18 20 24 25 28 29 30 36 37 39 41 42 44 45 46 47 49 53 54 55 58 59 61 62 63 67 68 72 75 76 77 79 80 83 84 s
66 4 8 10 11 13 14 16 18 19 20 21 24 25 26 30 31 34 35 36 37 38 39 42 44 45 47 50 53 54 56 58 60 61 63 64 67 68 72 76 81 85 s
67 1 2 4 5 6 7 8 15 16 18 19 20 21 22 23 26 30 32 33 35 36 45 46 50 52 54 56 57 62 63 64 65 66 69 70 71 72 80 85 s
68 2 4 5 6 7 9 11 12 13 15 16 17 21 24 26 27 28 29 33 34 37 38 39 40 44 45 46 47 48 49 50 51 52 53 54 55 56 57 59 60 63 65 66 70 72 74 77 78 80 82 83 85 s
69 2 3 4 5 7 10 11 14 16 17 18 20 23 24 25 28 29 30 32 33 40 41 42 43 49 54 55 58 59 60 67 70 73 75 77 78 84 85 s
70 1 2 5 6 7 10 11 12 13 14 15 18 19 21 23 24 26 27 28 30 31 33 35 36 37 38 39 42 43 46 47 48 49 53 57 58 59 60 61 62 64 67 68 69 71 75 76 77 78 80 82 83 84 s
71 6 7 9 10 12 15 17 20 21 27 30 32 33 34 36 37 39 40 41 42 44 47 51 52 54 55 57 58 60 62 63 64 67 70 72 73 78 79 81 82 s
72 4 5 9 10 12 13 15 18 19 20 21 22 23 25 26 28 33 35 39 45 47 48 49 51 52 54 55 61 63 65 66 67 68 71 73 75 76 78 79 80 83 85 s
73 5 7 8 9 10 11 12 13 14 15 16 18 19 20 21 23 28 29 32 33 35 37 38 39 40 43 45 47 48 49 51 56 57 58 60 61 62 63 64 69 71 72 75 79 80 81 82 83 84 s
74 3 5 6 13 14 19 20 21 24 29 30 33 34 35 37 38 41 42 45 47 48 50 55 56 61 62 63 68 75 76 77 78 80 81 82 83 s
75 3 4 6 7 9 11 14 16 17 22 23 24 25 26 27 28 29 32 33 34 35 36 38 39 40 41 43 44 45 50 55 56 57 58 64 65 69 70 72 73 74 76 83 s
76 1 4 6 8 9 12 14 15 18 19 20 25 26 27 30 32 33 34 35 37 38 39 40 42 44 45 46 49 50 51 52 55 56 57 59 60 62 63 65 66 70 72 74 75 77 79 80 81 84 85 s
77 2 4 5 7 8 9 10 12 13 14 15 17 18 22 27 28 30 31 36 38 39 43 44 47 48 49 52 53 54 56 57 59 62 63 64 65 68 69 70 74 76 81 82 83 s
78 2 5 6 7 11 12 15 17 18 19 20 21 22 24 25 26 27 28 30 33 34 35 36 38 41 43 45 47 48 53 54 56 57 58 60 61 62 64 68 69 70 71 72 74 79 80 83 84 s
79 1 2 3 4 7 8 9 10 11 12 13 14 15 16 17 20 21 24 25 29 30 31 35 37 41 43 44 45 49 51 52 55 56 57 59 60 61 64 65 71 72 73 76 78 81 82 83 84 85 s
80 1 2 4 5 9 10 15 16 18 19 20 21 22 23 30 31 34 38 41 42 47 51 53 56 57 59 60 61 62 64 65 67 68 70 72 73 74 76 78 81 s
81 2 4 5 8 9 10 12 13 14 16 17 19 20 25 26 29 30 33 34 35 36 37 40 44 45 46 48 51 52 55 56 61 66 71 73 74 76 77 79 80 83 s
82 1 4 6 11 15 17 18 19 21 23 24 30 37 39 40 42 45 46 53 54 55 56 59 61 63 64 68 70 71 73 74 77 79 s
83 3 13 15 16 17 19 24 25 26 27 29 31 36 37 38 39 40 42 44 46 47 48 50 52 55 56 57 58 59 60 62 64 65 68 70 72 73 74 75 77 78 79 81 85 s
84 4 5 7 8 9 10 11 14 15 16 17 18 20 21 23 24 25 26 28 30 31 32 33 35 37 38 40 41 42 43 44 49 50 51 52 54 56 57 61 62 63 64 65 69 70 73 76 78 79 85 s
85 4 7 9 12 15 17 21 22 25 30 31 32 36 40 44 46 48 50 52 53 55 56 58 59 62 63 64 66 67 68 69 72 76 79 83 84 s
