1 3 4 6 7 8 9 10 11 12 15 16 17 19 21 23 26 27 31 32 33 35 37 38 43 46 50 51 53 54 55 60 61 62 64 65 67 68 70 71 72 74 75 76 78 79 80 82 85 s
2 3 4 5 6 8 13 16 19 23 25 27 30 31 32 34 35 36 37 38 39 40 41 44 45 46 49 50 51 52 53 54 57 59 63 64 65 67 68 70 73 78 80 s
3 1 2 4 5 7 9 11 17 18 20 24 25 26 30 34 36 37 38 39 41 42 43 45 47 52 53 59 60 61 62 65 66 68 69 70 71 72 73 75 78 79 80 81 82 85 s
4 1 2 3 8 15 16 17 18 19 20 22 23 25 26 27 32 34 35 39 40 43 44 45 46 50 51 52 53 54 55 58 59 60 62 67 68 69 70 71 72 73 76 79 80 81 83 85 s
5 2 3 7 10 11 12 13 14 15 16 17 18 19 20 23 25 26 27 28 29 32 35 36 39 40 41 42 44 45 47 48 49 51 56 58 59 63 64 66 67 68 69 71 72 74 77 78 79 81 82 83 85 s
6 1 2 9 10 12 13 15 17 18 19 21 26 30 31 33 34 35 36 39 40 41 43 46 48 54 55 60 62 63 64 65 66 67 71 72 73 74 76 79 80 81 82 83 84 s
7 1 3 5 10 14 18 20 25 29 30 34 35 38 39 40 41 43 45 47 49 51 54 55 56 57 58 59 61 62 63 64 68 72 73 74 76 77 78 80 82 s
8 1 2 4 9 10 11 13 16 17 20 22 23 25 26 27 29 30 31 34 35 36 38 40 43 44 45 48 49 53 54 55 56 57 60 62 63 64 66 67 68 70 72 73 74 75 77 79 84 s
9 1 3 6 8 10 12 13 14 15 20 22 23 24 25 26 27 29 32 33 35 36 40 41 42 44 45 48 49 53 54 56 57 58 60 62 64 65 66 68 73 75 77 79 81 82 83 84 85 s
10 1 5 6 7 8 9 13 14 16 18 20 21 22 24 28 29 32 33 34 36 37 39 41 43 44 46 47 48 50 53 54 56 59 60 66 67 71 75 76 77 78 80 82 83 85 s
11 1 3 5 8 13 16 17 18 20 27 29 30 31 32 35 36 38 40 41 43 48 49 51 52 53 54 56 57 58 59 60 63 64 67 69 70 71 77 79 80 81 83 85 s
12 1 5 6 9 13 15 17 18 20 23 24 27 30 31 32 33 36 37 38 40 41 42 44 45 48 50 51 55 56 59 62 63 65 67 68 69 72 74 76 79 80 84 85 s
13 2 5 6 8 9 10 11 12 15 16 17 18 19 21 26 29 30 34 39 42 43 44 45 51 52 56 58 60 62 63 67 69 74 78 79 80 82 84 s
14 5 7 9 10 15 17 19 20 27 28 29 31 32 34 36 37 38 39 40 41 44 48 49 52 54 55 57 61 63 67 68 69 70 72 76 78 79 s
15 1 4 5 6 9 12 13 14 16 17 21 22 23 24 26 27 29 31 32 36 37 39 40 41 43 44 45 47 50 51 52 53 57 58 62 64 67 68 69 74 79 80 83 84 85 s
16 1 2 4 5 8 10 11 13 15 17 18 19 20 22 24 27 28 30 31 32 33 34 35 36 37 42 43 44 46 50 51 53 54 55 57 59 60 63 64 65 68 72 73 74 75 79 82 85 s
17 1 3 4 5 6 8 11 12 13 14 15 16 19 20 21 23 25 26 28 29 32 33 34 36 39 43 45 47 48 50 51 53 55 56 57 59 60 61 63 64 66 67 68 69 71 72 75 76 77 78 80 81 84 s
18 3 4 5 6 7 10 11 12 13 16 20 21 22 24 27 28 29 30 31 32 33 34 41 42 43 46 48 49 53 56 59 64 66 68 69 70 71 73 74 76 79 82 83 85 s
19 1 2 4 5 6 13 14 16 17 21 22 24 27 28 29 31 33 35 37 40 42 43 45 48 50 51 56 58 65 67 68 70 71 72 74 78 82 s
20 3 4 5 7 8 9 10 11 12 14 16 17 18 22 23 24 25 27 28 30 33 38 39 40 41 44 46 48 49 51 52 53 59 60 61 63 66 68 71 73 74 77 78 79 85 s
21 1 6 10 13 15 17 18 19 24 26 29 32 33 36 37 38 39 42 43 46 47 48 49 51 52 53 58 59 60 61 62 63 65 67 68 70 74 78 79 81 84 s
22 4 8 9 10 15 16 18 19 20 24 26 27 28 29 30 32 35 40 43 44 47 51 53 54 55 58 60 61 64 67 68 69 70 71 72 73 74 76 77 78 79 81 84 85 s
23 1 2 4 5 8 9 12 15 17 20 25 29 32 33 35 36 39 40 41 42 45 47 51 53 54 56 58 59 61 66 67 75 79 81 82 83 85 s
24 3 9 10 12 15 16 18 19 20 21 22 25 28 31 34 36 37 38 40 42 48 50 51 53 55 57 58 59 61 65 66 67 68 71 72 75 76 77 78 79 83 84 85 s
25 2 3 4 5 7 8 9 17 20 23 24 27 29 30 31 32 34 38 41 48 51 55 58 61 62 67 68 69 70 71 72 73 76 77 80 82 83 s
26 1 3 4 5 6 8 9 13 15 17 21 22 28 29 30 31 37 39 40 41 42 47 51 52 56 57 58 59 60 61 63 65 66 67 68 72 74 77 78 81 82 83 84 85 s
27 1 2 4 5 8 9 11 12 14 15 16 18 19 20 22 25 28 29 31 32 33 37 44 46 47 49 51 53 58 61 62 63 64 66 67 68 69 70 71 73 74 76 77 78 81 82 85 s
28 5 10 14 16 17 18 19 20 22 24 26 27 34 35 36 38 39 43 45 46 47 51 52 53 55 58 59 63 64 66 67 72 78 79 80 82 85 s
29 5 7 8 9 10 11 13 14 15 17 18 19 21 22 23 25 26 27 30 31 37 38 41 42 44 45 46 48 50 52 54 55 56 57 60 62 64 65 67 68 69 70 72 74 75 76 78 79 82 83 84 s
30 2 3 6 7 8 11 12 13 16 18 20 22 25 26 29 31 32 34 37 40 42 44 47 49 51 52 53 58 60 63 67 68 69 73 74 75 76 77 78 79 80 83 84 85 s
31 1 2 6 8 11 12 14 15 16 18 19 24 25 26 27 29 30 33 35 39 41 42 45 47 49 50 53 54 55 58 59 61 62 64 65 66 70 71 72 73 75 78 79 81 82 85 s
32 1 2 4 5 9 10 11 12 14 15 16 17 18 21 22 23 25 27 30 34 36 37 41 44 47 51 54 56 57 58 62 63 67 68 70 71 72 74 75 76 77 78 80 82 s
33 1 6 9 10 12 16 17 18 19 20 21 23 27 31 34 36 37 39 40 41 43 46 48 51 52 54 56 59 62 63 65 69 70 71 73 74 76 77 85 s
34 2 3 4 6 7 8 10 13 14 16 17 18 24 25 28 30 32 33 36 38 39 40 42 44 45 47 48 50 52 53 54 55 57 58 59 60 63 64 65 67 70 71 73 75 76 78 79 84 85 s
35 1 2 4 5 6 7 8 9 11 16 19 22 23 28 31 36 37 38 39 42 44 47 50 54 55 57 58 59 61 62 64 66 67 68 69 71 72 76 77 79 80 81 82 85 s
36 2 3 5 6 8 9 10 11 12 14 15 16 17 21 23 24 28 32 33 34 35 37 38 41 44 48 49 50 51 52 56 57 58 59 61 62 64 65 69 70 76 78 79 80 82 s
37 1 2 3 10 12 14 15 16 19 21 24 26 27 29 30 32 33 35 36 38 39 40 41 42 43 44 45 52 53 54 58 60 61 64 66 69 75 76 77 78 80 81 82 84 s
38 1 2 3 7 8 11 12 14 20 21 24 25 28 29 34 35 36 37 39 41 43 44 48 49 50 51 54 55 57 58 59 60 63 64 65 66 67 68 69 70 71 72 74 75 76 77 81 82 83 84 85 s
39 2 3 4 5 6 7 10 13 14 15 17 20 21 23 26 28 31 33 34 35 37 38 40 41 42 44 48 49 51 52 53 54 55 56 58 60 62 63 64 65 68 71 72 74 77 78 79 81 83 84 85 s
40 2 4 5 6 7 8 9 11 12 14 15 19 20 22 23 24 26 30 33 34 37 39 45 50 51 53 56 57 59 60 63 64 65 67 70 71 72 74 75 81 s
41 2 3 5 6 7 9 10 11 12 14 15 18 20 23 25 26 29 31 32 33 36 37 38 39 46 49 50 52 54 56 58 62 64 65 67 70 72 74 76 77 79 81 82 83 84 85 s
42 3 5 9 12 13 16 18 19 21 23 24 26 29 30 31 34 35 37 39 44 45 48 51 52 55 57 58 59 60 61 68 69 73 74 76 78 81 82 s
43 1 3 4 6 7 8 10 11 13 15 16 17 18 19 21 22 28 33 37 38 44 45 46 47 48 49 50 51 53 54 58 59 64 67 69 71 72 76 81 82 84 85 s
44 2 4 5 8 9 10 12 13 14 15 16 20 22 27 29 30 32 34 35 36 37 38 39 42 43 46 52 53 56 57 58 61 62 65 67 68 69 71 72 73 74 76 77 79 81 82 s
45 2 3 4 5 7 8 9 12 13 15 17 19 23 28 29 31 34 37 40 42 43 46 50 51 52 53 56 57 58 59 62 63 64 66 67 69 72 74 77 80 81 84 85 s
46 1 2 4 6 10 16 18 20 21 27 28 29 33 41 43 44 45 47 52 53 54 55 56 57 58 59 61 63 66 68 70 71 72 75 79 80 81 82 83 84 s
47 3 5 7 10 15 17 21 22 23 26 27 28 30 31 32 34 35 43 46 49 50 53 55 56 57 58 59 63 65 66 69 71 74 76 78 80 81 83 84 s
48 5 6 8 9 10 11 12 14 17 18 19 20 21 24 25 29 33 34 36 38 39 42 43 50 52 57 60 61 62 64 66 67 68 69 72 74 75 78 80 82 83 84 85 s
49 2 5 7 8 9 11 14 18 20 21 27 30 31 36 38 39 41 43 47 55 56 58 59 68 70 73 74 77 78 80 85 s
50 1 2 4 10 12 15 16 17 19 24 29 31 34 35 36 38 40 41 43 45 47 48 51 52 53 55 56 57 58 60 62 65 67 69 70 72 76 77 78 83 s
51 1 2 4 5 7 11 12 13 15 16 17 19 20 21 22 23 24 25 26 27 28 30 32 33 36 38 39 40 42 43 45 50 52 53 55 56 57 58 59 64 65 66 71 74 75 77 78 80 81 82 83 84 85 s
52 2 3 4 11 13 14 15 20 21 26 28 29 30 33 34 36 37 39 41 42 44 45 46 48 50 51 53 54 55 56 59 63 65 67 70 72 75 80 84 s
53 1 2 3 4 8 9 10 11 15 16 17 18 20 21 22 23 24 27 28 30 31 34 37 39 40 43 44 45 46 47 50 51 52 54 55 59 64 65 66 72 74 77 78 80 81 85 s
54 1 2 4 6 7 8 9 10 11 14 16 22 23 29 31 32 33 34 35 37 38 39 41 43 46 52 53 55 57 58 60 61 62 63 64 66 69 70 71 73 77 80 81 82 84 85 s
55 1 4 6 7 8 12 14 16 17 22 24 25 28 29 31 34 35 38 39 42 46 47 49 50 51 52 53 54 57 58 59 62 63 65 67 70 72 76 77 s
56 5 7 8 9 10 11 12 13 17 18 19 23 26 29 32 33 36 39 40 41 44 45 46 47 49 50 51 52 57 58 62 64 65 68 69 70 71 72 73 74 76 78 81 84 85 s
57 2 7 8 9 11 14 15 16 17 24 26 29 32 34 35 36 38 40 42 44 45 46 47 48 50 51 54 55 56 59 61 62 65 66 67 69 73 75 76 79 80 83 84 85 s
58 4 5 7 9 11 13 15 19 21 22 23 24 25 26 27 28 30 31 32 34 35 36 37 38 39 41 42 43 44 45 46 47 49 50 51 54 55 56 59 60 61 62 63 64 66 67 69 70 71 74 75 76 79 80 81 82 83 84 85 s
59 2 3 4 5 7 10 11 12 16 17 18 20 21 23 24 26 28 31 33 34 35 36 38 40 42 43 45 46 47 49 51 52 53 55 57 58 60 61 64 66 67 69 71 73 76 77 78 79 84 s
60 1 3 4 6 8 9 10 11 13 16 17 20 21 22 26 29 30 34 37 38 39 40 42 48 50 54 58 59 61 62 63 64 65 66 68 69 72 73 76 78 79 80 81 82 83 84 s
61 1 3 7 14 17 20 21 22 23 24 25 26 27 31 35 36 37 42 44 46 48 54 57 58 59 60 62 65 69 70 71 72 74 75 79 83 s
62 1 3 4 6 7 8 9 12 13 15 21 25 27 29 31 32 33 35 36 39 41 44 45 48 50 54 55 56 57 58 60 61 64 70 71 73 74 77 79 80 82 83 85 s
63 2 5 6 7 8 11 12 13 14 16 17 20 21 26 27 28 30 32 33 34 38 39 40 45 46 47 52 54 55 58 60 64 65 66 68 69 71 72 73 76 77 79 80 83 85 s
64 1 2 5 6 7 8 9 11 15 16 17 18 22 27 28 29 31 34 35 36 37 38 39 40 41 43 45 48 51 53 54 56 58 59 60 62 63 65 68 73 75 77 79 80 81 82 s
65 1 2 3 6 9 12 16 19 21 24 26 29 31 33 34 36 38 39 40 41 44 47 50 51 52 53 55 56 57 60 61 63 64 71 72 73 74 75 78 79 80 83 s
66 3 5 6 8 9 10 17 18 20 23 24 26 27 28 31 35 37 38 45 46 47 48 51 53 54 57 58 59 60 63 67 68 73 76 77 78 84 85 s
67 1 2 4 5 6 8 10 11 12 13 14 15 17 19 21 22 23 24 25 26 27 28 29 30 32 34 35 38 40 41 43 44 45 48 50 52 55 57 58 59 66 72 74 75 76 77 79 80 83 s
68 1 2 3 4 5 7 8 9 12 14 15 16 17 18 19 20 21 22 24 25 26 27 29 30 32 35 38 39 42 44 46 48 49 56 60 63 64 66 70 71 72 73 74 76 78 81 82 83 s
69 3 4 5 11 12 13 14 15 17 18 22 25 27 29 30 33 35 36 37 38 42 43 44 45 47 48 50 54 56 57 58 59 60 61 63 71 72 74 75 76 78 80 82 83 85 s
70 1 2 3 4 8 11 14 18 19 21 22 25 27 29 31 32 33 34 36 38 40 41 46 49 50 52 54 55 56 58 61 62 68 72 75 77 79 81 82 83 84 s
71 1 3 4 5 6 10 11 17 18 19 20 22 24 25 27 31 32 33 34 35 38 39 40 43 44 46 47 51 54 56 58 59 61 62 63 65 68 69 72 74 75 80 82 83 84 85 s
72 1 3 4 5 6 7 8 12 14 16 17 19 22 24 25 26 28 29 31 32 35 38 39 40 41 43 44 45 46 48 50 52 53 55 56 60 61 63 65 67 68 69 70 71 73 74 77 80 82 83 85 s
73 2 3 4 6 7 8 9 16 18 20 22 25 27 30 31 33 34 42 44 49 54 56 57 59 60 62 63 64 65 66 68 72 75 76 77 82 85 s
74 1 5 6 7 8 12 13 15 16 18 19 20 21 22 26 27 29 30 32 33 38 39 40 41 42 44 45 47 48 49 51 53 56 58 61 62 65 67 68 69 71 72 77 78 79 80 81 82 83 s
75 1 3 8 9 10 16 17 23 24 29 30 31 32 34 37 38 40 46 48 51 52 57 58 61 64 65 67 69 70 71 73 79 80 81 82 83 85 s
76 1 4 6 7 10 12 14 17 18 22 24 25 27 29 30 32 33 34 35 36 37 38 41 42 43 44 47 50 55 56 57 58 59 60 63 66 67 68 69 73 78 80 81 82 s
77 5 7 8 9 10 11 17 20 22 24 25 26 27 30 32 33 35 37 38 39 41 44 45 49 50 51 53 54 55 59 62 63 64 66 67 70 72 73 74 79 80 83 85 s
78 1 2 3 5 7 10 13 14 17 19 20 21 22 24 26 27 28 29 30 31 32 34 36 37 39 42 47 48 49 50 51 53 56 59 60 65 66 68 69 74 76 79 84 85 s
79 1 3 4 5 6 8 9 11 12 13 14 15 16 18 20 21 22 23 24 28 29 30 31 34 35 36 39 41 44 46 57 58 59 60 61 62 63 64 65 67 70 74 75 77 78 82 83 84 s
80 1 2 3 4 6 7 10 11 12 13 15 17 25 28 30 32 35 36 37 45 46 47 48 49 51 52 53 54 57 58 60 62 63 64 65 67 69 71 72 74 75 76 77 83 84 s
81 3 4 5 6 9 11 17 21 22 23 26 27 31 35 37 38 39 40 41 42 43 44 45 46 47 51 53 54 56 58 60 64 68 70 74 75 76 82 84 85 s
82 1 3 5 6 7 9 10 13 16 18 19 23 25 26 27 28 29 31 32 35 36 37 38 41 42 43 44 46 48 51 54 58 60 62 64 68 69 70 71 72 73 74 75 76 79 81 83 85 s
83 4 5 6 9 10 11 15 18 23 24 25 26 29 30 38 39 41 46 47 48 50 51 57 58 60 61 62 63 65 67 68 69 70 71 72 74 75 77 79 80 82 84 s
84 6 8 9 12 13 15 17 21 22 24 26 29 30 34 37 38 39 41 43 45 46 47 48 51 52 54 56 57 58 59 60 66 70 71 78 79 80 81 83 85 s
85 1 3 4 5 9 10 11 12 15 16 18 20 22 23 24 26 27 28 30 31 33 34 35 38 39 41 43 45 48 49 51 53 54 56 57 58 62 63 66 69 71 72 73 75 77 78 81 82 84 s
