1 3 4 7 8 11 12 13 15 18 19 21 23 25 26 27 28 31 32 35 37 39 40 44 45 50 52 54 55 59 60 61 62 63 65 66 67 68 69 72 75 79 80 83 s
2 4 6 9 13 14 16 20 22 25 26 27 30 31 33 34 36 40 45 46 47 48 50 51 52 54 56 57 59 61 62 63 64 65 69 70 77 79 80 81 83 84 85 s
3 1 4 5 6 7 9 13 15 18 20 21 22 23 24 25 30 32 33 34 35 36 37 38 39 42 43 46 47 53 54 55 56 58 60 61 66 67 68 69 73 76 82 83 84 s
4 1 2 3 7 8 10 11 13 15 17 18 20 23 24 25 26 27 28 31 32 35 40 42 43 44 45 47 51 52 55 56 57 58 63 65 66 68 70 72 74 75 80 81 84 85 s
5 3 7 8 9 10 11 12 13 15 16 18 20 21 23 26 28 29 32 33 34 36 37 38 44 46 47 52 54 56 57 60 63 64 65 66 67 68 69 71 73 75 79 80 85 s
6 2 3 9 10 11 12 15 16 17 18 19 21 23 27 28 29 30 33 34 38 41 42 43 44 45 48 50 51 54 55 56 57 63 66 71 75 76 78 80 81 84 s
7 1 3 4 5 9 15 16 17 18 20 22 24 26 29 31 32 34 36 40 41 43 45 47 48 49 51 53 54 56 57 59 62 63 64 68 69 72 73 74 75 76 77 78 80 81 82 83 84 s
8 1 4 5 9 10 12 13 14 16 20 21 22 26 28 29 33 34 35 36 37 40 42 43 44 46 47 49 50 53 55 56 57 60 61 62 63 65 67 69 70 73 75 77 79 80 84 85 s
9 2 3 5 6 7 8 10 11 12 13 14 18 20 22 23 28 29 30 32 33 34 35 36 37 38 42 43 44 47 49 50 52 54 55 56 57 58 61 62 63 65 66 68 69 71 75 77 78 80 83 84 85 s
10 4 5 6 8 9 13 14 16 17 18 19 22 23 26 27 28 30 32 33 34 40 44 45 48 50 52 53 55 56 57 60 61 64 66 68 70 71 72 77 78 79 81 82 s
11 1 4 5 6 9 14 15 16 17 18 19 20 23 24 27 30 31 32 33 36 37 40 43 44 45 49 50 54 55 56 57 58 59 60 61 62 63 64 66 67 70 71 72 73 76 78 79 81 84 85 s
12 1 5 6 8 9 14 15 17 19 21 22 24 25 27 28 33 38 39 40 42 43 46 49 50 51 53 55 56 58 59 60 63 64 65 66 68 69 71 72 74 76 77 78 79 80 83 85 s
13 1 2 3 4 5 8 9 10 14 16 17 19 20 23 25 26 31 36 37 40 41 42 43 45 49 52 54 56 57 58 60 61 63 64 66 68 69 70 72 74 75 76 77 80 82 83 s
14 2 8 9 10 11 12 13 16 17 18 20 24 27 28 31 32 34 36 37 38 39 40 41 42 44 46 48 50 52 54 55 57 58 59 61 62 63 65 66 67 69 71 76 77 80 82 83 85 s
15 1 3 4 5 6 7 11 12 18 19 20 21 22 23 25 29 30 32 33 35 37 38 39 40 43 44 45 48 49 51 52 54 57 58 59 61 62 63 64 65 68 69 71 72 76 79 80 81 84 s
16 2 5 6 7 8 10 11 13 14 17 18 20 21 22 23 25 28 30 31 35 40 42 43 44 45 46 47 48 51 52 54 57 58 59 60 61 65 66 67 68 69 70 73 74 75 76 77 79 80 82 84 85 s
17 4 6 7 10 11 12 13 14 16 18 20 21 23 25 28 31 36 40 41 43 45 48 52 53 54 55 59 60 61 63 64 66 68 69 70 72 76 78 79 80 81 83 84 s
18 1 3 4 5 6 7 9 10 11 14 15 16 17 19 21 22 25 26 27 28 29 31 33 34 39 40 42 43 44 45 46 48 49 51 52 53 57 58 59 60 66 68 70 73 75 78 81 82 84 s
19 1 6 10 11 12 13 15 18 21 23 24 27 28 29 30 31 33 35 37 38 39 41 42 43 44 45 48 49 50 52 54 55 56 60 61 63 64 68 69 70 75 81 83 84 s
20 2 3 4 5 7 8 9 11 13 14 15 16 17 22 24 25 26 28 30 32 33 34 35 36 39 41 43 48 50 51 52 54 55 56 57 58 60 63 64 67 68 69 70 73 75 78 79 80 84 s
21 1 3 5 6 8 12 15 16 17 18 19 23 24 25 26 27 28 31 32 33 35 36 38 39 41 42 44 45 46 47 49 51 53 57 60 63 64 68 69 72 75 76 78 80 81 83 85 s
22 2 3 7 8 9 10 12 15 16 18 20 25 27 28 29 30 31 32 33 35 36 38 39 42 47 48 49 50 51 53 54 55 56 58 59 61 62 64 65 66 68 69 71 72 76 77 79 81 82 84 s
23 1 3 4 5 6 9 10 11 13 15 16 17 19 21 24 27 28 32 36 39 41 42 43 45 46 47 48 50 51 53 55 57 59 60 61 62 63 65 66 67 68 72 74 78 80 81 84 s
24 3 4 7 11 12 14 19 20 21 23 25 28 29 30 32 33 34 36 37 38 39 40 44 45 46 50 51 53 56 62 63 64 65 66 67 69 70 72 73 76 77 79 81 85 s
25 1 2 3 4 12 13 15 16 17 18 20 21 22 24 27 28 29 31 38 39 40 43 44 46 48 50 54 56 57 58 59 60 61 63 64 65 67 74 80 81 82 83 s
26 1 2 4 5 7 8 10 13 18 20 21 27 28 29 30 32 33 34 35 36 37 38 40 41 51 52 54 55 56 58 59 60 61 62 63 65 67 69 70 74 78 80 81 s
27 1 2 4 6 10 11 12 14 18 19 21 22 23 25 26 28 30 31 32 33 34 35 38 40 41 43 44 45 49 50 51 52 54 56 57 58 59 61 62 63 64 66 67 68 69 70 72 75 78 79 81 82 84 s
28 1 4 5 6 8 9 10 12 14 16 17 18 19 20 21 22 23 24 25 26 27 29 31 33 38 40 41 43 44 45 48 49 50 51 52 53 54 56 57 58 60 61 64 65 66 68 69 81 82 s
29 5 6 7 8 9 15 18 19 22 24 25 26 28 30 31 32 33 35 36 39 40 43 44 49 50 51 52 53 54 56 57 58 59 61 63 65 66 67 68 70 71 73 74 77 78 79 s
30 2 3 6 9 10 11 15 16 19 20 22 24 26 27 29 31 32 34 36 38 40 42 45 46 47 50 52 53 56 57 59 61 62 63 66 68 69 71 75 76 77 78 80 83 85 s
31 1 2 4 7 11 13 14 16 17 18 19 21 22 25 27 28 29 30 33 37 44 46 48 49 51 52 54 55 59 60 64 66 67 68 73 74 82 83 84 85 s
32 1 3 4 5 7 9 10 11 14 15 20 21 22 23 24 26 27 29 30 33 34 35 37 38 40 41 42 43 44 48 49 50 53 54 56 57 62 64 65 66 72 75 76 77 78 79 80 82 83 84 85 s
33 2 3 5 6 8 9 10 11 12 15 18 19 20 21 22 24 26 27 28 29 31 32 34 36 44 46 48 51 53 54 56 58 59 60 61 62 64 65 66 67 68 70 71 72 73 76 79 84 85 s
34 2 3 5 6 7 8 9 10 14 18 20 24 26 27 30 32 33 35 36 38 39 40 42 43 44 46 47 53 54 56 58 59 60 61 62 66 69 71 73 75 77 78 79 80 81 82 s
35 1 3 4 8 9 15 16 19 20 21 22 26 27 29 32 34 36 38 40 43 45 48 51 52 54 58 61 63 66 70 78 79 80 83 85 s
36 2 3 5 7 8 9 11 13 14 17 20 21 22 23 24 26 29 30 33 34 35 39 41 42 44 46 48 51 54 55 63 64 65 66 67 69 71 77 79 80 81 83 85 s
37 1 3 5 8 9 11 13 14 15 19 24 26 31 32 39 43 46 47 49 50 51 52 53 55 57 58 59 61 62 63 69 71 74 75 77 79 82 84 85 s
38 3 5 6 9 12 14 15 19 21 22 24 25 26 27 28 30 32 34 35 42 44 45 47 48 49 53 55 57 59 60 61 64 65 66 67 76 77 79 82 83 85 s
39 1 3 12 14 15 18 19 20 21 22 23 24 25 29 34 36 37 40 42 46 47 51 52 54 55 57 58 60 61 64 68 69 70 71 73 75 77 78 81 82 83 84 85 s
40 1 2 4 7 8 10 11 12 13 14 15 16 17 18 24 25 26 27 28 29 30 32 34 35 39 42 46 50 51 52 57 60 64 68 69 70 71 72 75 77 79 80 81 82 83 84 s
41 6 7 13 14 17 19 20 21 23 26 27 28 32 36 44 45 50 53 54 56 57 62 63 64 65 68 69 71 73 74 75 76 78 80 83 84 85 s
42 3 4 6 8 9 12 13 14 16 18 19 21 22 23 30 32 34 36 38 39 40 44 45 46 47 49 54 55 59 61 62 64 65 66 71 74 77 78 79 80 82 84 85 s
43 3 4 6 7 8 9 11 12 13 15 16 17 18 19 20 23 25 27 28 29 32 34 35 37 46 47 49 50 52 53 55 57 61 62 64 66 69 71 72 73 75 76 78 79 81 84 s
44 1 4 5 6 8 9 10 11 14 15 16 18 19 21 24 25 27 28 29 31 32 33 34 36 38 41 42 45 46 47 48 51 54 55 56 57 59 62 63 65 66 68 69 70 75 76 77 78 79 82 83 84 85 s
45 1 2 4 6 7 10 11 13 15 16 17 18 19 21 23 24 27 28 30 35 38 41 42 44 46 49 50 52 53 57 58 64 65 67 68 71 72 73 74 75 77 78 80 83 84 85 s
46 2 3 5 8 12 14 16 18 21 23 24 25 30 31 33 34 36 37 39 40 42 43 44 45 49 50 51 53 54 55 56 60 62 64 65 66 67 68 72 75 77 78 81 s
47 2 3 4 5 7 8 9 16 21 22 23 30 34 37 38 39 42 43 44 48 49 51 52 53 54 55 57 58 59 60 61 62 66 68 69 71 72 73 75 77 85 s
48 2 6 7 10 14 15 16 17 18 19 20 22 23 25 28 31 32 33 35 36 38 44 47 50 52 56 59 60 61 64 68 69 70 75 77 78 79 81 82 s
49 7 8 9 11 12 13 15 18 19 21 22 27 28 29 31 32 37 38 42 43 45 46 47 50 51 53 59 61 62 63 66 67 70 72 74 75 77 78 79 80 81 82 83 85 s
50 1 2 6 8 9 10 11 12 14 19 20 22 23 24 25 27 28 29 30 32 37 40 41 43 45 46 48 49 51 55 56 59 60 61 64 65 66 67 69 71 72 74 75 76 78 79 80 81 82 83 85 s
51 2 4 6 7 12 15 16 18 20 21 22 23 24 26 27 28 29 31 33 35 36 37 39 40 44 46 47 49 50 52 53 54 55 60 62 63 64 65 66 67 68 69 70 71 72 73 74 75 78 79 84 s
52 1 2 4 5 9 10 13 14 15 16 17 18 19 20 26 27 28 29 30 31 35 37 39 40 43 45 47 48 51 53 55 63 66 69 71 72 73 75 76 78 79 83 s
53 3 7 8 10 12 17 18 21 22 23 24 28 29 30 32 33 34 37 38 41 43 45 46 47 49 51 52 54 57 59 60 64 65 70 73 75 76 78 80 83 s
54 1 2 3 5 6 7 9 11 13 14 15 16 17 19 20 22 25 26 27 28 29 31 32 33 34 35 36 39 41 42 44 46 47 51 53 60 61 62 65 67 68 69 70 72 75 76 83 85 s
55 1 3 4 6 8 9 10 11 12 14 17 19 20 22 23 26 31 36 37 38 39 42 43 44 46 47 50 51 52 56 58 60 61 62 63 68 72 76 77 79 81 82 83 84 s
56 2 3 4 5 6 7 8 9 10 11 12 13 19 20 22 24 25 26 27 28 29 30 32 33 34 41 44 46 48 50 55 58 59 60 61 63 64 66 67 68 70 71 74 76 79 82 83 s
57 2 4 5 6 7 8 9 10 11 13 14 15 16 18 20 21 23 25 27 28 29 30 32 37 38 39 40 41 43 44 45 47 53 59 62 63 66 67 71 72 73 74 76 78 79 82 83 85 s
58 3 4 9 11 12 13 14 15 16 18 20 22 25 26 27 28 29 33 34 35 37 39 45 47 55 56 64 65 66 68 69 71 72 74 75 76 77 79 80 81 82 85 s
59 1 2 7 11 12 14 15 16 17 18 22 23 25 26 27 29 30 31 33 34 37 38 42 44 47 48 49 50 53 56 57 60 62 63 66 67 68 69 70 71 72 73 74 75 77 78 81 85 s
60 1 3 5 8 10 11 12 13 16 17 18 19 20 21 23 25 26 28 31 33 34 38 39 40 46 47 48 50 51 53 54 55 56 59 62 63 65 66 74 75 77 79 80 83 84 85 s
61 1 2 3 8 9 10 11 13 14 15 16 17 19 22 23 25 26 27 28 29 30 33 34 35 37 38 39 42 43 47 48 49 50 54 55 56 62 63 66 67 69 71 74 75 78 80 82 83 s
62 1 2 7 8 9 11 14 15 22 23 24 26 27 30 32 33 34 37 41 42 43 44 46 47 49 51 54 55 57 59 60 61 64 69 71 72 74 78 81 83 84 85 s
63 1 2 4 5 6 7 8 9 11 12 13 14 15 17 19 20 21 23 24 25 26 27 29 30 35 36 37 41 44 49 51 52 55 56 57 59 60 61 65 67 68 69 71 73 74 75 77 80 81 82 83 84 s
64 2 5 7 10 11 12 13 15 17 19 20 21 22 24 25 27 28 31 32 33 36 38 39 40 41 42 43 45 46 48 50 51 53 56 58 62 67 68 69 71 73 74 75 77 80 81 82 84 s
65 1 2 4 5 8 9 12 14 15 16 22 23 24 25 26 28 29 32 33 36 38 41 42 44 45 46 50 51 53 54 58 60 63 69 71 74 76 77 79 81 82 85 s
66 1 3 4 5 6 9 10 11 12 13 14 16 17 18 22 23 24 27 28 29 30 31 32 33 34 35 36 38 42 43 44 46 47 49 50 51 52 56 57 58 59 60 61 67 69 70 71 75 82 84 s
67 1 3 5 8 11 14 16 20 23 24 25 26 27 29 31 33 36 38 45 46 49 50 51 54 56 57 59 61 63 64 66 69 70 71 72 73 81 84 s
68 1 3 4 5 7 9 10 12 13 15 16 17 18 19 20 21 22 23 27 28 29 30 31 33 39 40 41 44 45 46 47 48 51 54 55 56 58 59 63 64 74 75 78 79 82 84 85 s
69 1 2 3 5 7 8 9 12 13 14 15 16 17 19 20 21 22 24 26 27 28 30 34 36 37 39 40 41 43 44 47 48 50 51 52 54 58 59 61 62 63 64 65 66 67 70 71 72 75 76 77 78 79 81 84 s
70 2 4 8 10 11 13 16 17 18 19 20 24 26 27 29 33 35 39 40 44 48 49 51 53 54 56 59 66 67 69 71 72 73 74 76 77 83 84 s
71 5 6 9 10 11 12 14 15 22 29 30 33 34 36 37 39 40 41 42 43 45 47 50 51 52 56 57 58 59 61 62 63 64 65 66 67 69 70 72 73 74 77 80 82 83 s
72 1 4 7 10 11 12 13 15 17 21 22 23 24 27 32 33 40 43 45 46 47 49 50 51 52 54 55 57 58 59 62 67 69 70 71 73 74 75 77 80 81 84 s
73 3 5 7 8 11 16 18 20 24 29 31 33 34 39 41 43 45 47 51 52 53 57 59 63 64 67 70 71 72 74 76 77 78 s
74 4 7 12 13 16 23 25 26 29 31 37 41 42 45 49 50 51 56 57 58 59 60 61 62 63 64 65 68 70 71 72 73 75 77 80 83 84 s
75 1 4 5 6 7 8 9 13 16 18 19 20 21 27 30 32 34 37 39 40 41 43 44 45 46 47 48 49 50 51 52 53 54 58 59 60 61 63 64 66 68 69 72 74 77 79 84 85 s
76 3 6 7 11 12 13 14 15 16 17 21 22 24 30 32 33 38 41 43 44 50 52 53 54 55 56 57 58 65 69 70 73 78 80 82 83 s
77 2 7 8 9 10 12 13 14 16 22 24 29 30 32 34 36 37 38 39 40 42 44 45 46 47 48 49 55 58 59 60 63 64 65 69 70 71 72 73 74 75 82 s
78 6 7 9 10 11 12 17 18 20 21 23 26 27 29 30 32 34 35 39 41 42 43 44 45 46 48 49 50 51 52 53 57 59 61 62 68 69 73 76 80 82 83 85 s
79 1 2 5 8 10 11 12 15 16 17 20 22 24 27 29 32 33 34 35 36 37 38 40 42 43 44 48 49 50 51 52 55 56 57 58 60 65 68 69 75 81 83 84 s
80 1 2 4 5 6 7 8 9 12 13 14 15 16 17 20 21 23 25 26 30 32 34 35 36 40 41 42 45 49 50 53 58 60 61 63 64 71 72 74 76 78 82 83 85 s
81 2 4 6 7 10 11 15 17 18 19 21 22 23 24 25 26 27 28 34 36 39 40 43 46 48 49 50 55 58 59 62 63 64 65 67 69 72 79 82 85 s
82 3 7 10 13 14 16 18 22 25 27 28 31 32 34 37 38 39 40 42 44 48 49 50 55 56 57 58 61 63 64 65 66 68 71 76 77 78 80 81 84 85 s
83 1 2 3 7 9 12 13 14 17 19 21 25 30 31 32 35 36 38 39 40 41 44 45 49 50 52 53 54 55 56 57 60 61 62 63 70 71 74 76 78 79 80 85 s
84 2 3 4 6 7 8 9 11 15 16 17 18 19 20 22 23 27 31 32 33 37 39 40 41 42 43 44 45 51 55 60 62 63 64 66 67 68 69 70 72 74 75 79 82 s
85 2 4 5 8 9 11 12 14 16 21 24 30 31 32 33 35 36 37 38 39 41 42 44 45 47 49 50 54 57 58 59 60 62 65 68 75 78 80 81 82 83 s
