1 4 5 7 9 11 15 16 20 22 24 26 27 33 35 38 41 42 43 46 49 50 55 59 60 62 64 65 70 73 75 78 79 80 81 82 83 s
2 8 10 11 12 13 19 21 23 25 30 31 32 35 39 40 41 44 45 46 48 52 55 56 57 60 62 65 66 69 70 74 76 81 82 83 84 s
3 5 8 9 11 14 20 25 26 27 30 31 32 35 38 39 40 41 44 45 46 51 53 54 55 56 57 59 61 67 69 71 75 77 81 83 84 85 s
4 1 5 6 15 16 20 22 23 24 26 28 30 31 33 35 37 38 41 42 43 44 47 49 56 59 61 63 68 74 75 77 83 s
5 1 3 4 7 10 11 12 13 14 15 16 18 19 21 22 24 26 27 28 29 33 35 37 38 43 45 47 49 50 51 53 58 59 60 61 62 65 66 70 74 76 82 83 84 s
6 4 7 10 13 15 16 19 20 22 23 27 28 42 47 49 50 51 53 55 57 58 63 67 68 69 70 71 73 74 75 76 78 79 80 81 83 s
7 1 5 6 10 15 16 19 20 24 25 26 28 29 31 32 33 35 36 38 41 42 44 46 47 50 51 53 54 60 61 62 67 69 71 73 74 77 83 84 85 s
8 2 3 10 11 12 13 14 15 19 21 22 28 34 37 46 47 51 57 59 60 61 62 69 71 72 73 74 78 79 s
9 1 3 10 13 15 17 18 19 23 25 27 28 31 34 37 38 41 42 46 47 50 51 52 54 57 58 59 62 64 68 71 75 76 77 79 81 82 83 s
10 2 5 6 7 8 9 11 12 13 14 19 25 29 30 31 33 35 37 38 41 42 43 45 46 47 48 50 57 59 61 62 69 71 73 75 76 77 78 79 83 s
11 1 2 3 5 8 10 12 15 16 21 23 28 29 30 31 33 38 41 43 44 47 49 53 55 59 63 65 66 68 70 73 75 77 80 83 84 85 s
12 2 5 8 10 11 14 21 25 29 34 35 37 38 39 40 43 46 48 49 51 52 53 57 58 61 62 65 68 71 74 75 76 77 80 81 82 83 s
13 2 5 6 8 9 10 14 23 25 26 34 36 37 39 47 48 49 51 52 55 56 57 58 60 61 63 65 71 74 75 76 79 80 s
14 3 5 8 10 12 13 16 18 19 21 22 23 25 27 30 31 37 42 43 46 49 52 55 57 58 64 66 68 69 73 74 79 80 82 83 s
15 1 4 5 6 7 8 9 11 17 20 22 28 29 30 32 37 38 41 45 46 47 50 52 55 58 59 60 62 63 64 65 69 71 72 73 74 77 78 79 80 85 s
16 1 4 5 6 7 11 14 17 23 30 31 36 37 39 43 46 51 55 56 57 59 60 62 65 67 68 69 70 73 74 75 76 78 81 82 s
17 9 15 16 18 21 24 26 27 29 31 34 35 36 39 41 43 44 47 48 49 53 54 55 56 57 61 64 66 67 69 73 74 75 82 83 84 85 s
18 5 9 14 17 19 21 23 25 26 27 29 31 32 34 38 41 43 50 51 53 54 57 58 59 60 61 65 67 69 72 77 81 83 84 85 s
19 2 5 6 7 8 9 10 14 18 20 22 23 24 27 29 30 31 36 37 39 40 41 42 43 46 47 48 49 50 51 52 53 54 57 62 64 70 71 75 76 77 78 79 80 81 84 s
20 1 3 4 6 7 15 19 21 23 24 25 31 38 39 43 44 45 46 47 48 50 52 54 56 58 60 62 65 73 74 76 77 79 80 82 83 84 s
21 2 5 8 11 12 14 17 18 20 23 28 29 31 33 37 38 39 43 44 45 46 47 53 55 58 59 65 66 67 68 72 73 74 76 77 80 82 85 s
22 1 4 5 6 8 14 15 19 33 34 35 40 42 43 44 46 51 52 58 63 68 70 71 72 74 76 77 78 79 84 85 s
23 2 4 6 9 11 13 14 16 18 19 20 21 24 25 28 30 31 32 35 37 38 40 41 42 43 44 45 48 51 53 54 55 58 59 61 64 65 67 70 72 77 79 80 81 83 s
24 1 4 5 7 17 19 20 23 26 29 31 34 37 38 40 41 45 46 47 50 52 54 58 59 61 63 64 66 68 69 70 73 75 77 80 84 s
25 2 3 7 9 10 12 13 14 18 20 23 27 29 30 31 33 36 37 38 39 40 41 48 49 51 52 53 55 57 59 64 65 71 72 74 75 77 81 83 s
26 1 3 4 5 7 13 17 18 24 28 29 30 37 38 40 43 44 45 47 48 50 57 58 59 61 62 64 65 66 68 70 71 73 74 79 81 s
27 1 3 5 6 9 14 17 18 19 25 34 35 36 37 38 40 43 46 48 53 54 56 57 58 59 65 67 69 71 73 75 77 78 79 81 82 s
28 4 5 6 7 8 9 11 15 21 23 26 29 32 33 34 37 40 41 51 53 54 55 56 57 60 61 62 64 65 66 70 71 72 74 76 79 80 82 84 s
29 5 7 10 11 12 15 17 18 19 21 24 25 26 28 30 35 36 37 40 42 44 45 46 47 48 52 53 54 55 57 58 59 61 62 63 64 65 66 67 68 74 76 77 79 80 81 84 85 s
30 2 3 4 10 11 14 15 16 19 23 25 26 29 31 32 36 37 39 40 47 51 56 59 60 61 64 66 67 74 75 76 77 78 81 83 85 s
31 2 3 4 7 9 10 11 14 16 17 18 19 20 21 23 24 25 30 32 33 35 38 39 40 41 43 47 49 52 53 55 56 58 65 67 68 69 71 72 73 75 76 77 78 79 80 82 83 84 85 s
32 2 3 7 15 18 23 28 30 31 34 35 37 38 39 41 43 46 48 49 50 51 52 53 56 58 59 60 63 64 67 68 70 74 77 79 82 s
33 1 4 5 7 10 11 21 22 25 28 31 34 35 37 42 47 48 49 51 52 55 56 57 58 60 63 68 70 72 77 80 83 85 s
34 8 9 12 13 17 18 22 24 27 28 32 33 37 41 42 43 44 45 47 48 51 52 53 55 57 58 59 62 64 66 73 74 75 76 78 81 83 84 s
35 1 2 3 4 5 7 10 12 17 22 23 27 29 31 32 33 37 38 39 41 44 46 47 48 51 52 53 55 56 57 59 61 63 64 65 66 67 73 74 77 78 79 82 85 s
36 7 13 16 17 19 25 27 29 30 42 44 46 50 53 55 56 62 65 66 67 69 75 78 82 83 84 85 s
37 4 5 8 9 10 12 13 14 15 16 19 21 23 24 25 26 27 28 29 30 32 33 34 35 39 40 42 44 45 49 50 51 52 55 56 58 59 60 61 64 65 68 70 71 75 77 78 79 80 81 82 84 85 s
38 1 3 4 5 7 9 10 11 12 15 18 20 21 23 24 25 26 27 31 32 35 39 40 42 43 44 51 53 56 58 59 60 62 67 68 69 73 75 79 81 83 85 s
39 2 3 12 13 16 17 19 20 21 25 30 31 32 35 37 38 43 44 45 47 49 51 54 60 61 62 63 65 67 68 70 71 72 73 74 75 77 81 84 s
40 2 3 12 19 22 23 24 25 26 27 28 29 30 31 37 38 41 42 45 46 48 49 56 57 58 62 66 67 73 74 79 82 83 85 s
41 1 2 3 4 7 9 10 11 15 17 18 19 23 24 25 28 31 32 34 35 40 42 49 53 54 56 59 62 64 65 70 71 72 74 79 80 84 85 s
42 1 4 6 7 9 10 14 19 22 23 29 33 34 36 37 38 40 41 43 44 47 48 49 53 55 56 58 62 63 65 67 68 71 72 74 75 78 82 83 s
43 1 4 5 10 11 12 14 16 17 18 19 20 21 22 23 26 27 31 32 34 38 39 42 44 47 49 50 54 55 57 58 63 64 68 69 74 76 78 79 80 84 s
44 2 3 4 7 11 17 20 21 22 23 26 29 34 35 36 37 38 39 42 43 45 46 51 53 54 55 56 58 59 60 62 64 66 67 68 69 71 73 74 75 76 78 79 80 82 83 84 s
45 2 3 5 10 15 20 21 23 24 26 29 34 37 39 40 44 49 50 52 54 59 60 61 62 65 68 69 70 71 73 75 77 78 79 80 81 84 85 s
46 1 2 3 7 8 9 10 12 14 15 16 19 20 21 22 24 27 29 32 35 36 40 44 49 52 54 56 57 59 61 62 64 65 66 67 68 69 70 72 74 75 79 80 81 83 s
47 4 5 6 7 8 9 10 11 13 15 17 19 20 21 24 26 29 30 31 33 34 35 39 42 43 53 54 55 56 57 58 61 62 64 65 68 70 71 72 75 76 77 79 80 81 83 84 85 s
48 2 10 12 13 17 19 20 23 25 26 27 29 32 33 34 35 40 42 49 55 59 61 63 64 69 72 75 77 79 81 83 84 85 s
49 1 4 5 6 11 12 13 14 17 19 25 31 32 33 37 39 40 41 42 43 45 46 48 53 54 55 56 57 58 62 63 64 67 68 71 74 76 77 78 79 80 81 83 s
50 1 5 6 7 9 10 15 18 19 20 24 26 32 36 37 43 45 51 54 55 57 58 59 63 66 68 69 70 71 72 81 82 83 s
51 3 5 6 7 8 9 12 13 16 18 19 22 23 25 28 30 32 33 34 35 37 38 39 44 50 52 53 54 55 56 60 62 66 68 72 73 74 75 78 79 80 83 84 s
52 2 9 12 13 14 15 19 20 22 24 25 29 31 32 33 34 35 37 45 46 51 53 54 58 59 61 62 63 64 66 68 70 73 74 76 77 78 81 84 s
53 3 5 6 7 11 12 17 18 19 21 23 25 27 28 29 31 32 34 35 36 38 41 42 44 47 49 51 52 57 63 68 70 79 82 83 84 85 s
54 3 7 9 17 18 19 20 23 24 27 28 29 39 41 43 44 45 46 47 49 50 51 52 56 57 58 64 65 68 69 70 72 73 74 75 76 78 79 82 83 85 s
55 1 2 3 6 11 13 14 15 16 17 21 23 25 28 29 31 33 34 35 36 37 42 43 44 47 48 49 50 51 58 59 60 61 62 63 64 67 69 72 73 78 79 80 83 85 s
56 2 3 4 13 16 17 20 27 28 30 31 32 33 35 36 37 38 40 41 42 44 46 47 49 51 54 61 62 65 66 70 72 74 76 77 78 79 84 s
57 2 3 6 8 9 10 12 13 14 16 17 18 19 25 26 27 28 29 33 34 35 40 43 46 47 49 50 53 54 58 59 61 62 65 66 67 69 71 72 73 74 77 78 79 81 82 84 85 s
58 5 6 9 12 13 14 15 18 20 21 22 23 24 26 27 29 31 32 33 34 37 38 40 42 43 44 47 49 50 52 54 55 57 59 63 65 68 70 74 76 78 80 82 84 s
59 1 3 4 5 8 9 10 11 15 16 18 21 23 24 25 26 27 29 30 32 34 35 37 38 41 44 45 46 48 50 52 55 57 58 66 67 68 72 73 75 78 80 84 s
60 1 2 5 7 8 13 15 16 18 20 28 30 32 33 37 38 39 44 45 51 55 61 63 66 68 69 71 75 79 81 83 84 85 s
61 3 4 5 7 8 10 12 13 17 18 23 24 26 28 29 30 35 37 39 45 46 47 48 52 55 56 57 60 63 67 69 70 72 73 74 76 78 79 82 84 85 s
62 1 2 5 7 8 9 10 12 15 16 19 20 26 28 29 34 36 38 39 40 41 42 44 45 46 47 49 51 52 55 56 57 64 65 66 67 69 73 75 76 77 79 80 82 83 84 s
63 4 6 11 13 15 22 24 29 32 33 35 39 42 43 48 49 50 52 53 55 58 60 61 64 65 68 69 73 75 76 80 81 s
64 1 9 14 15 17 19 23 24 25 26 28 29 30 32 34 35 37 41 43 44 46 47 48 49 52 54 55 62 63 67 69 72 74 79 80 84 85 s
65 1 2 5 11 12 13 15 16 18 20 21 23 25 26 27 28 29 31 35 36 37 39 41 42 45 46 47 54 56 57 58 62 63 66 70 74 76 77 78 79 84 s
66 2 5 11 14 17 21 24 26 28 29 30 34 35 36 40 44 46 50 51 52 56 57 59 60 62 65 71 72 75 81 82 85 s
67 3 6 7 16 17 18 21 23 27 29 30 31 32 35 36 38 39 40 42 44 46 49 55 57 59 61 62 64 69 70 71 72 74 79 80 82 84 s
68 4 6 9 11 12 14 16 21 22 24 26 29 31 32 33 37 38 39 42 43 44 45 46 47 49 50 51 52 53 54 58 59 60 63 69 71 72 73 74 75 76 77 78 80 81 83 84 s
69 2 3 6 7 8 10 14 15 16 17 18 24 27 31 36 38 43 44 45 46 48 50 54 55 57 60 61 62 63 64 67 68 70 74 75 76 77 79 81 82 84 85 s
70 1 2 5 6 11 16 19 22 23 24 26 28 32 33 37 39 41 45 46 47 50 52 53 54 56 58 61 65 67 69 71 72 74 75 76 78 80 81 83 84 85 s
71 3 6 7 8 9 10 12 13 15 19 22 25 26 27 28 31 37 39 41 42 44 45 47 49 50 57 60 66 67 68 70 79 81 s
72 8 15 18 21 22 23 25 28 31 33 39 41 42 46 47 48 50 51 54 55 56 57 59 61 64 66 67 68 70 73 74 75 76 82 83 84 s
73 1 6 7 8 10 11 14 15 16 17 20 21 24 26 27 31 34 35 38 39 40 44 45 51 52 54 55 57 59 61 62 63 68 72 75 78 80 81 84 85 s
74 2 4 5 6 7 8 12 13 14 15 16 17 20 21 22 25 26 28 29 30 32 34 35 39 40 41 42 43 44 46 49 51 52 54 56 57 58 61 64 65 67 68 69 70 72 77 79 82 84 s
75 1 3 4 6 9 10 11 12 13 16 17 19 24 25 27 30 31 34 36 37 38 39 42 44 45 46 47 48 51 54 59 60 62 63 66 68 69 70 72 73 76 77 78 81 83 84 85 s
76 2 5 6 9 10 12 13 16 19 20 21 22 28 29 30 31 34 43 44 47 49 52 54 56 58 61 62 63 65 68 69 70 72 75 78 79 81 82 83 84 s
77 3 4 7 9 10 11 12 15 18 19 20 21 22 23 24 25 27 29 30 31 32 33 35 37 39 45 47 48 49 52 56 57 62 65 68 69 74 75 79 81 82 83 85 s
78 1 6 8 10 15 16 19 22 27 30 31 34 35 36 37 42 43 44 45 49 51 52 54 55 56 57 58 59 61 65 68 70 73 75 76 79 80 83 85 s
79 1 6 8 9 10 13 14 15 19 20 22 23 26 27 28 29 31 32 35 37 38 40 41 43 44 45 46 47 48 49 51 53 54 55 56 57 60 61 62 64 65 67 69 71 74 76 77 78 80 82 84 85 s
80 1 6 11 12 13 14 15 19 20 21 23 24 28 29 31 33 37 41 43 44 45 46 47 49 51 55 58 59 62 63 64 67 68 70 73 78 79 82 84 85 s
81 1 2 3 6 9 12 16 18 19 23 25 26 27 29 30 34 37 38 39 45 46 47 48 49 50 52 57 60 63 66 68 69 70 71 73 75 76 77 82 84 85 s
82 1 2 5 9 12 14 16 17 20 21 27 28 31 32 35 36 37 40 42 44 50 53 54 57 58 61 62 66 67 69 72 74 76 77 79 80 81 84 85 s
83 1 2 3 4 5 6 7 9 10 11 12 14 17 18 20 23 25 30 31 33 34 36 38 40 42 44 46 47 48 49 50 51 53 54 55 60 62 68 70 72 75 76 77 78 84 85 s
84 2 3 5 7 11 17 18 19 20 22 24 28 29 31 34 36 37 39 41 43 44 45 47 48 51 52 53 56 57 58 59 60 61 62 64 65 67 68 69 70 72 73 74 75 76 79 80 81 82 83 s
85 3 7 11 15 17 18 21 22 29 30 31 33 35 36 37 38 40 41 45 47 48 53 54 55 57 60 61 64 66 69 70 73 75 77 78 79 80 81 82 83 s
