1 4 5 10 14 15 20 21 22 24 27 32 37 38 46 52 53 54 55 58 62 64 67 70 71 72 79 89 90 s
2 5 7 10 11 12 16 19 23 26 27 29 31 32 35 36 45 49 50 61 66 68 72 73 86 89 s
3 5 7 8 9 18 24 30 35 44 45 48 49 51 53 62 69 71 81 82 88 89 s
4 1 5 6 8 13 16 18 25 33 34 36 43 47 53 56 59 61 62 64 66 69 71 76 78 88 90 s
5 1 2 3 4 11 14 18 19 20 21 27 31 38 55 61 65 69 72 82 84 85 87 s
6 4 9 12 15 22 24 31 41 44 46 47 52 57 60 61 63 64 67 68 70 72 76 78 87 89 90 s
7 2 3 10 13 14 15 21 23 31 32 54 58 59 60 61 67 69 71 77 80 83 84 89 s
8 3 4 9 17 18 28 31 32 33 38 39 44 45 48 51 54 57 65 67 70 73 81 89 s
9 3 6 8 10 15 16 17 23 27 38 39 40 42 48 52 55 58 59 60 65 72 79 81 84 85 88 s
10 1 2 7 9 19 36 41 42 52 54 56 57 62 69 70 71 75 82 85 88 s
11 2 5 12 13 17 24 25 32 34 39 41 44 45 49 51 69 72 80 85 s
12 2 6 11 22 23 26 30 32 34 35 36 38 39 45 49 53 54 61 63 66 67 78 79 82 83 84 86 89 s
13 4 7 11 19 24 25 26 27 29 31 33 36 39 40 45 51 68 69 72 78 83 87 s
14 1 5 7 16 27 29 30 40 42 50 51 54 58 61 70 71 72 74 80 87 88 s
15 1 6 7 9 23 24 28 29 33 36 38 39 46 50 51 53 57 62 63 67 69 81 83 87 88 89 s
16 2 4 9 14 19 22 24 27 35 47 53 55 62 63 67 68 70 77 78 80 83 87 s
17 8 9 11 22 24 25 31 33 34 38 39 42 45 46 47 50 52 55 58 61 64 66 69 73 76 81 82 88 89 s
18 3 4 5 8 19 20 21 24 26 29 30 36 42 44 52 53 56 61 62 67 69 71 78 84 86 90 s
19 2 5 10 13 16 18 24 30 31 34 35 41 45 50 53 62 68 78 s
20 1 5 18 21 26 27 28 31 35 41 44 49 50 56 59 61 62 64 65 66 71 73 75 81 90 s
21 1 5 7 18 20 23 28 34 36 37 45 48 49 58 59 65 70 71 72 75 78 83 s
22 1 6 12 16 17 36 40 51 56 60 65 68 73 75 77 83 85 s
23 2 7 9 12 15 21 29 30 33 34 35 37 39 45 51 52 54 56 62 67 70 72 74 78 82 85 90 s
24 1 3 6 11 13 15 16 17 18 19 27 33 39 41 42 43 52 55 58 63 67 69 75 81 86 87 s
25 4 11 13 17 28 30 34 37 38 40 43 49 50 52 55 60 61 63 65 66 71 72 74 76 79 82 86 89 s
26 2 12 13 18 20 34 36 39 46 47 48 49 50 52 54 55 57 62 63 65 69 80 89 s
27 1 2 5 9 13 14 16 20 24 28 35 45 46 47 51 52 56 60 61 62 72 74 79 89 s
28 8 15 20 21 25 27 29 35 36 37 40 44 46 54 58 67 68 71 76 77 79 82 83 s
29 2 13 14 15 18 23 28 34 35 39 42 45 48 56 61 64 70 72 74 80 89 s
30 3 12 14 18 19 23 25 31 44 49 50 54 55 59 60 62 69 73 77 83 89 s
31 2 5 6 7 8 13 17 19 20 30 32 36 38 39 40 43 45 46 51 52 54 55 60 61 62 68 73 90 s
32 1 2 7 8 11 12 31 34 35 39 40 53 58 65 67 83 85 87 s
33 4 8 13 15 17 23 24 34 39 40 43 50 53 57 70 73 78 86 87 90 s
34 4 11 12 17 19 21 23 25 26 29 32 33 38 41 44 55 56 62 68 71 80 85 86 87 88 s
35 2 3 12 16 19 20 23 27 28 29 32 37 39 42 45 46 49 53 57 58 66 73 74 77 81 89 s
36 2 4 10 12 13 15 18 21 22 26 28 31 39 42 43 45 46 50 54 58 59 67 69 78 82 86 s
37 1 21 23 25 28 35 46 49 50 51 54 57 58 59 70 73 75 83 86 89 s
38 1 5 8 9 12 15 17 25 31 34 39 50 53 56 63 69 73 75 76 81 s
39 8 9 11 12 13 15 17 23 24 26 29 31 32 33 35 36 38 42 43 46 49 53 63 66 67 72 80 82 83 s
40 9 13 14 22 25 28 31 32 33 45 52 58 61 65 68 78 s
41 6 10 11 19 20 24 34 46 47 49 50 51 53 55 56 57 67 71 72 77 78 81 86 87 s
42 9 10 14 17 18 24 29 35 36 39 55 57 59 71 77 84 90 s
43 4 24 25 31 33 36 39 48 50 65 66 68 72 73 74 82 s
44 3 6 8 11 18 20 28 30 34 47 49 53 68 69 79 83 89 90 s
45 2 3 8 11 12 13 17 19 21 23 27 29 31 35 36 40 46 47 57 62 63 66 67 73 79 84 88 89 s
46 1 6 15 17 26 27 28 31 35 36 37 39 41 45 53 54 56 57 58 66 70 73 76 s
47 4 6 16 17 26 27 41 44 45 48 56 59 60 64 72 75 76 77 80 82 83 85 89 s
48 3 8 9 21 26 29 43 47 58 65 68 73 74 81 82 s
49 2 3 11 12 20 21 25 26 30 35 37 39 41 44 55 56 57 66 72 73 74 79 80 85 86 s
50 2 14 15 17 19 20 25 26 30 33 36 37 38 41 43 52 57 62 67 73 74 77 80 82 85 87 88 90 s
51 3 8 11 13 14 15 22 23 27 31 37 41 57 58 64 66 67 83 88 s
52 1 6 9 10 17 18 23 24 25 26 27 31 40 50 53 54 60 67 74 77 79 81 88 90 s
53 1 3 4 12 15 16 18 19 32 33 35 38 39 41 44 46 52 58 62 63 66 70 77 78 80 84 86 s
54 1 7 8 10 12 14 23 26 28 30 31 36 37 46 52 55 57 70 71 72 73 74 76 77 78 81 84 86 89 90 s
55 1 5 9 16 17 24 25 26 30 31 34 41 42 49 54 57 59 61 66 70 72 77 80 83 85 86 88 s
56 4 10 18 20 22 23 27 29 34 38 41 46 47 49 63 64 70 74 76 81 82 88 90 s
57 6 8 10 15 26 33 35 37 41 42 45 46 49 50 51 54 55 59 61 62 70 72 74 75 83 86 s
58 1 7 9 14 17 21 24 28 32 35 36 37 40 46 48 51 53 61 64 67 73 74 75 76 86 s
59 4 7 9 20 21 30 36 37 42 47 55 57 62 70 72 77 78 79 80 84 s
60 6 7 9 22 25 27 30 31 47 52 63 66 74 75 78 81 82 83 84 86 s
61 2 4 5 6 7 12 14 17 18 20 25 27 29 31 40 55 57 58 68 71 74 76 77 78 79 82 s
62 1 3 4 10 15 16 18 19 20 23 26 27 30 31 34 45 50 53 57 59 67 69 70 72 74 76 78 82 s
63 6 12 15 16 24 25 26 38 39 45 53 56 60 66 72 78 80 81 84 s
64 1 4 6 17 20 29 47 51 56 58 68 69 71 73 74 77 81 83 90 s
65 5 8 9 20 21 22 25 26 32 40 43 48 67 69 70 72 77 84 86 s
66 2 4 12 17 20 25 35 39 43 45 46 49 51 53 55 60 63 68 69 74 77 78 79 82 s
67 1 6 7 8 12 15 16 18 23 24 28 32 36 39 41 45 50 51 52 58 62 65 72 76 77 80 89 s
68 2 6 13 16 19 22 28 31 34 40 43 44 48 61 64 66 73 76 84 s
69 3 4 5 7 10 11 13 15 17 18 24 26 30 36 38 44 62 64 65 66 70 71 72 80 81 s
70 1 6 8 10 14 16 21 23 29 33 37 46 53 54 55 56 57 59 62 65 69 72 73 74 76 78 80 82 83 85 87 s
71 1 3 4 7 10 14 18 20 21 25 28 34 41 42 54 61 64 69 72 74 77 80 81 90 s
72 1 2 5 6 9 11 13 14 21 23 25 27 29 39 41 43 47 49 54 55 57 59 62 63 65 67 69 70 71 80 83 86 87 s
73 2 8 17 20 22 30 31 33 35 37 38 43 45 46 48 49 50 54 58 64 68 70 74 80 82 86 s
74 14 23 25 27 29 35 43 48 49 50 52 54 56 57 58 60 61 62 64 66 70 71 73 79 81 83 85 88 89 90 s
75 10 20 21 22 24 37 38 47 57 58 60 80 88 90 s
76 4 6 17 25 28 38 46 47 54 56 58 61 62 67 68 70 77 78 79 83 84 s
77 7 16 22 28 30 35 41 42 47 50 52 53 54 55 59 61 64 65 66 67 71 76 81 86 89 s
78 4 6 12 13 16 18 19 21 23 33 36 40 41 53 54 59 60 61 62 63 66 70 76 79 89 s
79 1 9 12 25 27 28 44 45 49 52 59 61 66 74 76 78 83 s
80 7 11 14 16 26 29 34 39 47 49 50 53 55 59 63 67 69 70 71 72 73 75 83 87 s
81 3 8 9 15 17 20 24 35 38 41 48 52 54 56 60 63 64 69 71 74 77 85 86 89 90 s
82 3 5 10 12 17 23 25 28 36 39 43 47 48 50 56 60 61 62 66 70 73 85 86 88 89 s
83 7 12 13 15 16 21 22 28 30 32 37 39 44 47 51 55 57 60 64 70 72 74 76 79 80 84 s
84 5 7 9 12 18 42 45 53 54 59 60 63 65 68 76 83 90 s
85 5 9 10 11 22 23 32 34 47 49 50 55 70 74 81 82 88 90 s
86 2 12 18 24 25 33 34 36 37 41 49 53 54 55 57 58 60 65 72 73 77 81 82 s
87 5 6 13 14 15 16 24 32 33 34 41 50 70 72 80 90 s
88 3 4 9 10 14 15 17 34 45 50 51 52 55 56 74 75 82 85 89 s
89 1 2 3 6 7 8 12 15 17 25 26 27 29 30 35 37 44 45 47 54 67 74 77 78 81 82 88 90 s
90 1 4 6 18 20 23 31 33 42 44 50 52 54 56 64 71 74 75 81 84 85 87 89 s
