1 2 5 13 16 17 19 20 30 36 41 45 47 50 58 62 64 65 76 79 86 87 88 90 s
2 1 8 10 15 18 25 29 31 32 38 43 44 45 52 54 55 57 58 64 65 67 76 77 84 88 s
3 10 12 15 29 30 36 38 49 56 57 59 65 71 74 78 80 87 90 s
4 5 9 16 19 22 26 27 29 32 38 42 44 47 59 60 61 69 72 73 76 77 78 82 86 87 88 89 90 s
5 1 4 6 9 10 13 18 19 22 26 39 48 49 54 63 65 69 72 80 82 85 86 s
6 5 15 18 19 28 37 39 40 45 46 48 52 57 58 60 64 80 81 84 86 87 89 s
7 13 21 22 24 35 38 44 45 47 52 56 61 67 72 76 85 88 90 s
8 2 11 13 16 19 21 22 30 36 38 39 41 43 44 45 47 48 49 50 58 60 61 63 65 75 77 78 88 90 s
9 4 5 10 12 19 26 29 30 32 35 38 39 40 43 54 56 58 61 62 66 68 70 76 79 80 82 83 87 s
10 2 3 5 9 11 13 24 27 36 40 41 43 47 48 52 60 63 65 66 67 72 73 80 89 s
11 8 10 14 16 28 31 32 37 39 41 46 51 54 55 56 59 60 61 64 66 68 71 73 77 87 88 s
12 3 9 14 20 23 24 26 29 30 32 40 42 43 50 51 52 53 55 57 60 61 67 68 73 79 81 89 s
13 1 5 7 8 10 15 18 24 25 27 28 33 39 40 43 47 48 49 50 52 57 64 79 81 82 83 85 88 89 90 s
14 11 12 19 22 26 28 36 38 44 45 58 59 61 71 74 80 81 88 90 s
15 2 3 6 13 16 18 21 23 24 32 40 42 43 44 48 53 69 75 78 79 84 85 87 s
16 1 4 8 11 15 18 19 22 24 25 29 30 39 44 45 50 51 52 61 67 70 72 77 82 84 85 s
17 1 19 25 33 35 36 44 48 53 61 65 66 69 75 80 81 82 83 85 87 88 s
18 2 5 6 13 15 16 19 20 27 28 29 31 33 34 35 38 40 41 54 59 63 64 65 70 76 77 82 90 s
19 1 4 5 6 8 9 14 16 17 18 28 29 31 36 38 39 47 53 65 66 72 77 79 80 83 86 89 90 s
20 1 12 18 24 26 30 33 36 40 46 50 56 58 59 61 63 65 68 69 73 75 76 78 80 81 84 90 s
21 7 8 15 24 30 31 37 41 47 49 53 54 60 62 64 66 67 69 70 77 80 81 83 85 87 s
22 4 5 7 8 14 16 23 27 28 30 32 33 34 44 47 51 52 55 56 57 61 62 63 65 68 71 74 77 78 87 89 90 s
23 12 15 22 29 40 41 45 47 50 51 53 58 59 60 62 63 67 68 71 82 87 s
24 7 10 12 13 15 16 20 21 25 26 30 34 47 48 53 56 57 65 70 73 75 80 81 83 85 86 s
25 2 13 16 17 24 26 32 40 41 45 46 51 52 55 58 60 64 71 72 74 75 77 80 81 s
26 4 5 9 12 14 20 24 25 32 41 44 45 50 55 58 59 60 66 68 73 84 87 90 s
27 4 10 13 18 22 29 36 39 41 42 51 55 60 61 63 68 72 73 75 82 83 84 86 90 s
28 6 11 13 14 18 19 22 29 37 40 44 45 48 53 60 61 68 70 71 73 78 79 81 s
29 2 3 4 9 12 16 18 19 23 27 28 33 40 43 45 46 47 49 50 51 52 58 59 61 63 64 66 69 70 73 76 78 79 80 85 88 89 s
30 1 3 8 9 12 16 20 21 22 24 39 42 46 49 50 52 53 54 56 57 59 60 61 64 66 68 73 74 78 81 s
31 2 11 18 19 21 42 44 46 51 55 59 62 68 69 73 78 86 s
32 2 4 9 11 12 15 22 25 26 35 36 41 42 50 58 60 67 71 89 s
33 13 17 18 20 22 29 34 37 38 42 45 49 52 55 58 60 68 71 79 81 84 90 s
34 18 22 24 33 40 41 44 46 52 54 56 60 62 66 67 77 78 82 87 89 90 s
35 7 9 17 18 32 36 42 43 48 49 51 55 56 57 58 65 76 s
36 1 3 8 10 14 17 19 20 27 32 35 38 41 45 50 51 54 55 63 65 67 74 76 77 81 82 85 s
37 6 11 21 28 33 44 50 53 60 71 72 73 83 84 s
38 2 3 4 7 8 9 14 18 19 33 36 40 43 45 53 58 65 70 72 80 84 88 s
39 5 6 8 9 11 13 16 19 27 30 40 44 56 58 59 60 62 68 69 79 80 85 87 s
40 6 9 10 12 13 15 18 20 23 25 28 29 34 38 39 42 45 48 49 50 51 58 59 76 78 82 83 s
41 1 8 10 11 18 21 23 25 26 27 32 34 36 46 51 54 55 68 72 73 75 77 79 80 81 84 88 s
42 4 12 15 27 30 31 32 33 35 40 52 54 66 74 76 82 86 88 s
43 2 8 9 10 12 13 15 29 35 38 48 54 62 63 71 83 84 86 s
44 2 4 7 8 14 15 16 17 22 26 28 31 34 37 39 45 47 51 53 58 63 76 77 79 81 82 83 84 s
45 1 2 6 7 8 14 16 23 25 26 28 29 33 36 38 40 44 52 53 54 61 66 68 73 81 83 90 s
46 6 11 20 25 29 30 31 34 41 49 70 80 81 83 87 s
47 1 4 7 8 10 13 19 21 22 23 24 29 44 49 53 58 59 69 74 83 84 85 s
48 5 6 8 10 13 15 17 24 28 35 40 43 57 62 65 68 76 77 83 84 85 89 90 s
49 3 5 8 13 21 29 30 33 35 40 46 47 62 65 67 83 s
50 1 8 12 13 16 20 23 26 29 30 32 36 37 40 59 61 71 79 81 83 84 86 90 s
51 11 12 16 22 23 25 27 29 31 35 36 40 41 44 52 53 58 60 61 62 64 65 67 71 73 76 77 79 80 86 87 90 s
52 2 6 7 10 12 13 16 22 25 29 30 33 34 42 45 51 58 59 60 65 70 73 76 77 78 80 82 86 s
53 12 15 17 19 21 23 24 28 30 37 38 44 45 47 51 59 61 62 64 74 75 82 83 s
54 2 5 9 11 18 21 30 34 36 41 42 43 45 55 61 62 66 67 69 75 79 80 83 85 87 s
55 2 11 12 22 25 26 27 31 33 35 36 41 54 59 62 73 78 81 83 89 s
56 3 7 9 11 20 22 24 30 34 35 39 57 58 61 65 66 72 75 76 79 80 87 89 90 s
57 2 3 6 12 13 22 24 30 35 48 56 59 61 62 64 68 69 71 75 79 81 89 s
58 1 2 6 8 9 14 20 23 25 26 29 32 33 35 38 39 40 44 47 51 52 56 59 67 69 73 80 81 82 83 84 88 89 90 s
59 3 4 11 14 18 20 23 26 29 30 31 39 40 47 50 52 53 55 57 58 66 84 87 s
60 4 6 8 10 11 12 21 23 25 26 27 28 30 32 33 34 37 39 51 52 61 62 68 70 72 75 80 84 87 90 s
61 4 7 8 9 11 12 14 16 17 20 22 27 28 29 30 45 50 51 53 54 56 57 60 62 67 78 83 85 s
62 1 9 21 22 23 31 34 39 43 48 49 51 53 54 55 57 60 61 63 65 66 70 72 73 75 79 83 85 86 89 s
63 5 8 10 18 20 22 23 27 29 36 43 44 62 64 65 74 80 85 89 s
64 1 2 6 11 13 18 21 25 29 30 51 53 57 63 65 67 70 71 75 81 84 85 86 87 90 s
65 1 2 3 5 8 10 17 18 19 20 22 24 35 36 38 48 49 51 52 56 62 63 64 66 73 80 88 s
66 9 10 11 17 19 21 26 29 30 34 42 45 54 56 59 62 65 69 81 s
67 2 7 10 12 16 21 23 32 34 36 49 51 54 58 61 64 69 78 80 81 82 90 s
68 9 11 12 20 22 23 26 27 28 30 31 33 39 41 45 48 57 60 69 74 80 87 90 s
69 4 5 15 17 20 21 29 31 39 47 54 57 58 66 67 68 71 75 77 89 s
70 9 16 18 21 24 28 29 38 46 52 60 62 64 72 86 89 s
71 3 11 14 22 23 25 28 32 33 37 43 50 51 57 64 69 82 83 87 s
72 4 5 7 10 16 19 25 27 37 38 41 56 60 62 70 75 79 80 81 85 86 87 89 90 s
73 4 10 11 12 20 24 26 27 28 29 30 31 37 41 45 51 52 55 58 62 65 81 86 87 89 s
74 3 14 22 25 30 36 42 47 53 63 68 76 81 90 s
75 8 15 17 20 24 25 27 41 53 54 56 57 60 62 64 69 72 86 88 s
76 1 2 4 7 9 18 20 29 35 36 40 42 44 48 51 52 56 74 80 82 s
77 2 4 8 11 16 18 19 21 22 25 34 36 41 44 48 51 52 69 87 88 s
78 3 4 8 15 20 22 28 29 30 31 34 40 52 55 61 67 81 82 84 s
79 1 9 12 13 15 19 28 29 33 39 41 44 50 51 54 56 57 62 72 82 84 86 87 88 s
80 3 5 6 9 10 14 17 19 20 21 24 25 29 38 39 41 46 51 52 54 56 58 60 63 65 67 68 72 76 81 82 88 s
81 6 12 13 14 17 20 21 24 25 28 30 33 36 41 44 45 46 50 55 57 58 64 66 67 72 73 74 78 80 84 s
82 4 5 9 13 16 17 18 23 27 34 36 40 42 44 52 53 58 67 71 76 78 79 80 83 s
83 9 13 17 19 21 24 27 37 40 43 44 45 46 47 48 49 50 53 54 55 58 61 62 71 82 s
84 2 6 15 16 20 26 27 33 37 38 41 43 44 47 48 50 58 59 60 64 78 79 81 85 90 s
85 5 7 13 15 16 17 21 24 29 36 39 47 48 54 61 62 63 64 72 84 s
86 1 4 5 6 19 24 27 31 42 43 50 51 52 62 64 70 72 73 75 79 88 s
87 1 3 4 6 9 11 15 17 21 22 23 26 34 39 46 51 54 56 59 60 64 68 71 72 73 77 79 s
88 1 2 4 7 8 11 13 14 17 29 38 41 42 58 65 75 77 79 80 86 s
89 4 6 10 12 13 19 22 29 32 34 48 55 56 57 58 62 63 69 70 72 73 s
90 1 3 4 7 8 13 14 18 19 20 22 26 27 33 34 45 48 50 51 56 58 60 64 67 68 72 74 84 s
