1 2 3 6 12 14 25 27 31 38 40 43 46 52 53 61 62 69 74 78 85 s
2 1 3 6 7 19 20 23 26 31 37 39 48 55 57 59 65 66 71 74 75 76 79 80 81 85 89 s
3 1 2 4 9 23 26 32 33 38 44 45 47 50 54 57 59 67 69 70 72 74 78 79 80 85 89 s
4 3 10 13 24 33 37 38 40 46 49 52 54 59 60 64 65 68 74 75 76 78 86 s
5 8 17 19 22 26 27 30 32 34 41 42 43 48 51 52 60 61 63 67 73 83 88 90 s
6 1 2 13 16 19 22 25 27 35 36 37 39 40 50 52 61 75 76 78 79 81 82 83 84 88 s
7 2 17 28 29 30 34 45 56 58 63 71 72 80 82 85 86 87 89 s
8 5 12 19 20 23 26 27 30 32 34 37 38 39 43 49 55 57 63 66 70 75 76 78 79 81 84 90 s
9 3 11 15 18 19 23 24 26 33 35 43 49 50 52 54 55 56 62 72 73 76 80 81 82 s
10 4 11 13 15 16 17 21 24 26 30 44 45 47 55 56 58 60 61 62 66 67 72 74 77 78 82 84 s
11 9 10 12 17 19 23 26 27 31 40 44 45 47 48 50 60 62 66 68 69 70 86 s
12 1 8 11 18 20 25 26 38 39 41 42 44 50 52 54 55 56 57 59 60 65 69 70 73 76 85 89 90 s
13 4 6 10 16 18 20 22 24 26 29 36 46 48 60 61 63 69 76 85 87 s
14 1 15 17 28 29 36 40 41 43 46 47 48 55 60 70 71 74 75 80 83 84 85 87 89 s
15 9 10 14 16 17 20 21 30 33 40 43 44 48 49 52 56 61 63 68 69 70 72 75 76 77 86 87 s
16 6 10 13 15 17 19 33 35 38 39 42 45 57 59 64 69 70 71 74 81 84 s
17 5 7 10 11 14 15 16 19 23 29 34 35 38 41 44 46 54 58 60 65 66 69 70 71 73 74 78 85 87 s
18 9 12 13 25 26 27 28 31 36 38 40 41 46 51 59 60 62 66 69 71 72 82 s
19 2 5 6 8 9 11 16 17 24 25 31 32 34 36 38 41 43 48 50 52 60 63 69 73 77 78 80 81 82 86 90 s
20 2 8 12 13 15 22 28 29 30 31 33 36 37 39 41 42 49 51 53 54 56 57 61 67 75 76 84 85 90 s
21 10 15 24 29 31 32 35 39 40 45 50 55 56 57 58 59 63 64 67 77 78 80 82 83 85 90 s
22 5 6 13 20 24 25 30 31 33 34 35 43 51 54 55 59 62 73 83 85 88 89 s
23 2 3 8 9 11 17 26 28 33 34 36 39 45 48 49 51 54 56 57 59 68 69 70 71 74 79 80 81 85 88 s
24 4 9 10 13 19 21 22 25 26 27 28 30 35 38 45 46 49 53 54 56 59 61 64 70 71 72 75 78 80 81 90 s
25 1 6 12 18 19 22 24 38 42 45 59 60 61 62 68 72 78 82 89 s
26 2 3 5 8 9 10 11 12 13 18 23 24 30 38 51 56 57 59 61 63 72 75 85 89 90 s
27 1 5 6 8 11 18 24 34 35 40 43 44 46 48 49 57 59 61 64 68 69 70 72 80 81 89 s
28 7 14 18 20 23 24 30 35 37 40 42 46 48 52 58 59 60 62 67 76 79 80 83 84 s
29 7 13 14 17 20 21 31 34 35 39 42 45 47 49 51 56 64 65 68 74 79 85 87 s
30 5 7 8 10 15 20 22 24 26 28 34 35 36 38 43 50 56 57 60 63 64 65 67 72 78 79 90 s
31 1 2 11 18 19 20 21 22 29 33 35 36 41 43 44 50 51 56 62 64 69 72 73 77 90 s
32 3 5 8 19 21 35 37 42 48 54 58 60 62 69 70 72 76 78 81 85 86 s
33 3 4 9 15 16 20 22 23 31 34 35 36 41 47 49 55 59 61 66 68 69 71 75 76 90 s
34 5 7 8 17 19 22 23 27 29 30 33 35 37 39 46 50 53 54 55 58 59 63 65 66 68 69 71 73 80 82 s
35 6 9 16 17 21 22 24 27 28 29 30 31 32 33 34 41 46 48 51 54 57 64 67 73 77 78 89 s
36 6 13 14 18 19 20 23 30 31 33 41 48 50 51 52 54 60 62 64 65 71 72 73 75 76 81 s
37 2 4 6 8 20 28 32 34 43 46 55 58 59 61 65 67 71 73 77 80 81 88 89 s
38 1 3 4 8 12 16 17 18 19 24 25 26 30 39 40 41 43 45 47 49 56 59 61 64 66 72 73 80 83 85 86 s
39 2 6 8 12 16 20 21 23 29 34 38 42 43 48 50 51 57 60 64 69 70 71 79 81 85 88 s
40 1 4 6 11 14 15 18 21 27 28 38 42 45 46 48 53 54 56 61 65 68 74 76 84 87 s
41 5 12 14 17 18 19 20 31 33 35 36 38 42 43 45 50 51 59 61 65 68 77 88 s
42 5 12 16 20 25 28 29 32 39 40 41 45 47 51 56 65 80 86 88 s
43 1 5 8 9 14 15 19 22 27 30 31 37 38 39 41 47 49 64 73 75 76 77 81 84 s
44 3 10 11 12 15 17 27 31 46 51 57 61 69 74 78 82 84 90 s
45 3 7 10 11 16 21 23 24 25 29 38 40 41 42 48 52 55 60 61 62 66 69 73 75 88 90 s
46 1 4 13 14 17 18 24 27 28 34 35 37 40 44 48 51 55 61 62 65 66 68 69 70 72 74 76 86 90 s
47 3 10 11 14 29 33 38 42 43 55 60 61 64 65 69 71 74 75 84 89 s
48 2 5 11 13 14 15 19 23 27 28 32 35 36 39 40 45 46 49 52 54 57 59 69 70 71 76 77 79 80 84 89 s
49 4 8 9 15 20 23 24 27 29 33 38 43 48 55 62 64 69 70 73 75 79 87 88 s
50 3 6 9 11 12 19 21 30 31 34 36 39 41 52 54 55 59 62 76 81 s
51 5 18 20 22 23 26 29 31 35 36 39 41 42 44 46 61 65 68 71 77 s
52 1 4 5 6 9 12 15 19 28 36 45 48 50 56 64 66 67 79 80 82 83 84 s
53 1 20 24 34 40 56 63 66 75 76 79 84 s
54 3 4 9 12 17 20 22 23 24 32 34 35 36 40 48 50 55 59 71 75 77 81 86 90 s
55 2 8 9 10 12 14 21 22 33 34 37 45 46 47 49 50 54 61 62 67 71 72 76 88 89 s
56 7 9 10 12 15 20 21 23 24 26 29 30 31 38 40 42 52 53 60 66 71 72 73 77 78 s
57 2 3 8 12 16 20 21 23 26 27 30 35 39 44 48 62 64 66 71 81 86 88 s
58 7 10 17 21 28 32 34 37 60 76 77 82 s
59 2 3 4 12 16 18 21 22 23 24 25 26 27 28 33 34 37 38 41 48 50 54 60 74 81 83 87 s
60 4 5 10 11 12 13 14 17 18 19 25 28 30 32 36 39 45 47 56 58 59 62 64 66 69 74 80 81 89 s
61 1 5 6 10 13 15 20 24 25 26 27 33 37 38 40 41 44 45 46 47 51 55 62 66 70 72 73 86 89 s
62 1 9 10 11 18 22 25 28 31 32 36 45 46 49 50 55 57 60 61 66 67 69 75 77 79 82 88 s
63 5 7 8 13 15 19 21 26 30 34 53 64 66 69 73 77 84 s
64 4 16 21 24 27 29 30 31 35 36 38 39 43 47 49 52 57 60 63 65 75 82 90 s
65 2 4 12 17 29 30 34 36 37 40 41 42 46 47 51 64 74 75 76 77 81 s
66 2 8 10 11 17 18 33 34 38 45 46 52 53 56 57 60 61 62 63 67 71 73 74 76 86 87 90 s
67 3 5 10 20 21 28 30 35 37 52 55 62 66 69 73 74 85 87 s
68 4 11 15 23 25 27 29 33 34 40 41 46 51 77 85 88 s
69 1 3 11 12 13 15 16 17 18 19 23 27 31 32 33 34 39 44 45 46 47 48 49 60 62 63 67 70 72 75 85 s
70 3 8 11 12 14 15 16 17 23 24 27 32 39 46 48 49 61 69 71 73 76 83 85 90 s
71 2 7 14 16 17 18 23 24 33 34 36 37 39 47 48 51 54 55 56 57 66 70 72 73 77 s
72 3 7 9 10 15 18 24 25 26 27 30 31 32 36 38 46 55 56 61 69 71 73 80 88 s
73 5 9 12 17 19 22 31 34 35 36 37 38 43 45 49 56 61 63 66 67 70 71 72 74 84 85 87 89 90 s
74 1 2 3 4 10 14 16 17 23 29 40 44 46 47 59 60 65 66 67 73 76 80 81 90 s
75 2 4 6 8 14 15 20 24 26 33 36 43 45 47 49 53 54 62 64 65 69 79 84 86 89 s
76 2 4 6 8 9 12 13 15 20 28 32 33 36 40 43 46 48 50 53 55 58 65 66 70 74 83 84 85 88 90 s
77 10 15 19 21 31 35 37 41 43 48 51 54 56 58 62 63 65 68 71 83 84 85 86 87 88 s
78 1 3 4 6 8 10 17 19 21 24 25 30 32 35 44 56 79 80 83 88 90 s
79 2 3 6 8 23 28 29 30 39 48 49 52 53 62 75 78 80 81 86 87 89 s
80 2 3 7 9 14 19 21 23 24 27 28 34 37 38 42 48 52 60 72 74 78 79 84 s
81 2 6 8 9 16 19 23 24 27 32 36 37 39 43 50 54 57 59 60 65 74 79 84 87 90 s
82 6 7 9 10 18 19 21 25 34 44 52 58 62 64 83 84 86 90 s
83 5 6 14 21 22 28 38 52 59 70 76 77 78 82 86 s
84 6 8 10 14 16 20 28 40 43 44 47 48 52 53 63 73 75 76 77 80 81 82 87 90 s
85 1 2 3 7 12 13 14 17 20 21 22 23 26 29 32 38 39 67 68 69 70 73 76 77 87 s
86 4 7 11 15 19 32 38 42 46 54 57 61 66 75 77 79 82 83 87 88 90 s
87 7 13 14 15 17 29 40 49 59 66 67 73 77 79 81 84 85 86 s
88 5 6 22 23 37 39 41 42 45 49 55 57 62 68 72 76 77 78 86 90 s
89 2 3 7 12 14 22 25 26 27 35 37 47 48 55 60 61 73 75 79 s
90 5 8 12 19 20 21 24 26 30 31 33 44 45 46 54 64 66 70 73 74 76 78 81 82 84 86 88 s
