1 7 9 13 14 15 20 24 29 30 31 34 36 39 42 43 54 55 56 58 63 65 66 69 72 74 79 81 83 84 85 s
2 7 10 12 15 17 18 21 27 28 29 33 36 37 42 49 51 52 58 67 70 77 78 83 87 s
3 5 8 10 12 13 14 18 21 22 23 24 27 28 34 35 37 39 43 51 52 53 58 63 65 72 76 79 83 86 89 90 s
4 5 6 9 14 18 21 26 29 35 39 46 47 50 54 57 58 62 73 76 78 85 s
5 3 4 6 11 13 17 21 28 31 35 37 38 39 40 47 49 54 58 65 67 68 75 78 79 80 82 88 89 s
6 4 5 7 9 11 12 14 17 26 29 36 38 43 45 52 59 63 65 73 77 81 88 s
7 1 2 6 8 9 12 14 15 20 22 25 27 35 38 43 51 54 56 62 66 67 71 80 82 87 88 89 s
8 3 7 9 13 23 25 27 29 31 38 39 49 50 55 61 64 66 70 77 78 81 87 89 s
9 1 4 6 7 8 13 17 21 24 30 39 42 51 54 55 72 74 76 81 82 89 s
10 2 3 14 19 20 27 29 34 39 40 41 44 56 67 71 75 76 82 88 s
11 5 6 14 19 31 38 40 42 44 45 48 51 52 56 57 61 65 66 73 74 80 81 89 s
12 2 3 6 7 13 18 19 26 44 47 52 53 54 57 58 64 68 69 78 83 90 s
13 1 3 5 8 9 12 15 17 19 23 24 25 26 27 30 41 44 48 52 53 55 65 69 72 76 77 78 83 84 87 89 s
14 1 3 4 6 7 10 11 19 27 28 31 33 40 41 44 47 53 58 69 75 78 80 81 87 s
15 1 2 7 13 18 25 26 33 47 50 53 57 70 71 72 79 80 86 88 s
16 19 25 32 33 35 39 48 51 53 55 58 59 67 70 72 75 78 79 82 84 85 87 89 s
17 2 5 6 9 13 19 20 21 27 33 43 47 48 49 54 61 66 71 79 80 83 85 88 s
18 2 3 4 12 15 21 27 36 37 38 41 46 51 52 60 63 64 79 88 89 90 s
19 10 11 12 13 14 16 17 22 23 29 33 36 40 45 49 50 52 61 67 73 78 82 84 85 87 90 s
20 1 7 10 17 22 28 38 41 44 53 54 56 60 65 66 68 70 81 84 85 86 s
21 2 3 4 5 9 17 18 22 29 31 43 46 50 52 54 58 64 65 71 74 75 76 79 80 89 s
22 3 7 19 20 21 24 26 28 33 37 40 51 53 59 60 62 68 69 72 82 86 88 89 s
23 3 8 13 19 31 36 39 41 42 62 66 68 76 80 81 84 85 86 88 90 s
24 1 3 9 13 22 26 27 29 32 34 39 45 47 48 50 52 55 56 58 62 66 67 68 70 76 79 85 87 89 90 s
25 7 8 13 15 16 30 37 38 41 42 48 50 52 55 56 63 67 68 74 77 78 82 83 87 88 s
26 4 6 12 13 15 22 24 36 38 39 42 47 48 50 56 57 62 67 75 76 81 83 87 90 s
27 2 3 7 8 10 13 14 17 18 24 33 34 40 41 42 60 69 78 80 82 88 90 s
28 2 3 5 14 20 22 29 39 40 47 48 50 52 57 60 61 62 67 69 70 74 84 85 90 s
29 1 2 4 6 8 10 19 21 24 28 32 37 39 42 43 48 55 57 61 62 72 75 76 78 82 83 88 s
30 1 9 13 25 35 36 40 43 44 47 54 56 57 59 62 65 68 69 72 78 81 82 83 84 89 s
31 1 5 8 11 14 21 23 37 39 43 44 46 48 49 52 53 55 56 57 58 60 66 67 76 79 80 s
32 16 24 29 35 36 39 41 42 51 57 73 76 79 81 84 86 s
33 2 14 15 16 17 19 22 27 34 37 40 43 46 48 57 59 62 66 72 73 76 77 79 85 86 89 90 s
34 1 3 10 24 27 33 40 44 46 47 48 50 53 59 60 68 70 76 77 78 79 84 89 s
35 3 4 5 7 16 30 32 37 39 40 45 48 55 56 67 68 69 71 72 76 77 82 s
36 1 2 6 18 19 23 26 30 32 44 45 47 58 60 65 66 70 71 72 86 88 90 s
37 2 3 5 18 22 25 29 31 33 35 42 50 51 56 71 74 79 90 s
38 5 6 7 8 11 18 20 25 26 39 41 42 45 46 47 48 52 55 58 59 62 64 66 68 69 70 73 79 90 s
39 1 3 4 5 8 9 10 16 23 24 26 28 29 31 32 35 38 50 53 54 58 60 61 65 67 68 69 71 78 79 81 85 s
40 5 10 11 14 19 22 27 28 30 33 34 35 42 43 46 49 51 54 55 59 62 63 73 79 81 83 85 s
41 10 13 14 18 20 23 25 27 32 38 43 44 50 51 54 55 57 58 60 70 82 90 s
42 1 2 9 11 23 25 26 27 29 32 37 38 40 46 56 60 63 64 68 86 87 88 90 s
43 1 3 6 7 17 21 29 30 31 33 40 41 44 46 49 64 65 66 67 72 81 84 86 s
44 10 11 12 13 14 20 30 31 34 36 41 43 46 50 54 57 58 59 61 72 83 84 85 s
45 6 11 19 24 35 36 38 46 48 52 54 56 66 67 72 74 75 76 81 82 84 s
46 4 18 21 31 33 34 38 40 42 43 44 45 53 57 59 74 79 85 s
47 4 5 12 14 15 17 24 26 28 30 34 36 38 49 50 52 60 61 66 68 69 87 89 s
48 11 13 16 17 24 25 26 28 29 31 33 34 35 38 45 49 53 54 56 61 64 66 73 77 78 80 83 87 s
49 2 5 8 17 19 31 40 43 47 48 51 53 54 55 56 59 62 68 73 75 81 85 s
50 4 8 15 19 21 24 25 26 28 34 37 39 41 44 47 59 68 77 79 85 s
51 2 3 7 9 11 16 18 22 32 37 40 41 49 52 55 56 61 65 66 72 82 84 85 87 s
52 2 3 6 11 12 13 18 19 21 24 25 28 31 38 45 47 51 61 64 68 71 72 74 77 78 82 s
53 3 12 13 14 15 16 20 22 31 34 39 46 48 49 55 56 57 65 67 69 73 74 76 78 79 81 87 s
54 1 4 5 7 9 12 17 20 21 30 39 40 41 44 45 48 49 55 60 62 67 68 70 77 81 87 s
55 1 8 9 13 16 24 25 29 31 35 38 40 41 49 51 53 54 61 62 68 69 70 74 79 86 88 s
56 1 7 10 11 20 24 25 26 30 31 35 37 42 45 48 49 51 53 64 66 67 73 80 s
57 4 11 12 15 26 28 29 30 31 32 33 41 44 46 53 60 61 63 65 66 69 78 79 80 81 84 88 s
58 1 2 3 4 5 12 14 16 21 24 31 36 38 39 41 44 59 61 62 63 68 72 74 79 81 s
59 6 16 22 30 33 34 38 40 44 46 49 50 58 64 69 74 76 85 90 s
60 18 20 22 27 28 31 34 36 39 41 42 47 54 57 62 63 64 76 88 s
61 8 11 17 19 28 29 39 44 47 48 51 52 55 57 58 62 66 67 70 77 78 83 s
62 4 7 22 23 24 26 28 29 30 33 38 40 49 54 55 58 60 61 65 66 69 70 86 s
63 1 3 6 18 25 40 42 57 58 60 66 67 68 71 74 76 77 82 83 86 89 90 s
64 8 12 18 21 38 42 43 48 52 56 59 60 70 71 74 76 82 86 87 88 s
65 1 3 5 6 11 13 20 21 30 36 39 43 51 53 57 62 73 74 75 88 s
66 1 7 8 11 17 20 23 24 31 33 36 38 43 45 47 48 51 56 57 61 62 63 76 80 81 82 83 88 90 s
67 2 5 7 10 16 19 24 25 26 28 31 35 39 43 45 53 54 56 61 63 78 79 80 84 86 90 s
68 5 12 20 22 23 24 25 30 34 35 38 39 42 47 49 50 52 54 55 58 63 74 76 79 81 82 88 89 s
69 1 12 13 14 22 27 28 30 35 38 39 47 53 55 57 59 62 72 77 78 80 82 85 88 s
70 2 8 15 16 20 24 28 34 36 38 41 54 55 61 62 64 81 82 s
71 7 10 15 17 21 35 36 37 39 52 63 64 74 86 87 88 s
72 1 3 9 13 15 16 22 29 30 33 35 36 43 44 45 51 52 58 69 79 84 87 89 90 s
73 4 6 11 19 32 33 38 40 48 49 53 56 65 76 81 85 88 89 s
74 1 9 11 21 25 28 37 45 46 52 53 55 58 59 63 64 65 68 71 81 85 88 90 s
75 5 10 14 16 21 26 29 45 49 65 77 85 s
76 3 4 9 10 13 21 23 24 26 29 31 32 33 34 35 45 53 59 60 63 64 66 68 73 82 88 90 s
77 2 6 8 13 25 33 34 35 48 50 52 54 61 63 69 75 89 90 s
78 2 4 5 8 12 13 14 16 19 25 27 29 30 34 39 48 52 53 57 61 67 69 82 83 85 88 s
79 1 3 5 15 16 17 18 21 24 31 32 33 34 37 38 39 40 46 50 53 55 57 58 67 68 72 80 82 86 87 89 s
80 5 7 11 14 15 17 21 23 27 31 48 56 57 66 67 69 79 81 86 87 90 s
81 1 6 8 9 11 14 20 23 26 30 32 39 40 43 45 49 53 54 57 58 66 68 70 73 74 80 83 85 86 87 s
82 5 7 9 10 16 19 22 25 27 29 30 35 41 45 51 52 63 64 66 68 69 70 76 78 79 84 85 86 88 s
83 1 2 3 12 13 17 25 26 29 30 40 44 48 61 63 66 78 81 85 89 90 s
84 1 13 16 19 20 23 28 30 32 34 43 44 45 51 57 67 72 82 90 s
85 1 4 16 17 19 20 23 24 28 33 39 40 44 46 49 50 51 59 69 73 74 75 78 81 82 83 87 90 s
86 3 15 20 22 23 32 33 36 42 43 55 62 63 64 67 71 79 80 81 82 s
87 2 7 8 13 14 16 19 24 25 26 42 47 48 51 53 54 64 71 72 79 80 81 85 s
88 5 6 7 10 15 17 18 22 23 25 27 29 36 42 55 57 60 64 65 66 68 69 71 73 74 76 78 82 90 s
89 3 5 7 8 9 11 13 16 18 21 22 24 30 33 34 47 63 68 72 73 77 79 83 s
90 3 12 18 19 23 24 26 27 28 33 36 37 38 41 42 59 63 66 67 72 74 76 77 80 83 84 85 88 s
