1 2 11 13 18 22 25 26 27 29 31 33 34 40 50 52 61 63 65 71 72 74 75 77 78 80 88 s
2 1 9 11 13 17 20 25 26 36 37 39 40 44 47 51 61 64 66 67 80 81 83 85 89 90 s
3 6 9 11 21 24 25 26 34 44 47 51 54 55 60 61 63 64 66 72 75 76 77 79 81 86 89 s
4 10 13 18 20 22 32 33 40 45 48 53 54 57 59 65 68 71 72 78 81 88 89 s
5 8 10 13 15 16 23 32 33 34 35 36 41 45 50 52 58 62 67 70 71 75 78 86 87 90 s
6 3 12 13 17 22 27 30 32 33 36 38 43 47 48 52 53 54 59 65 66 68 71 75 78 79 80 82 83 85 s
7 9 11 13 25 27 31 33 38 41 46 50 71 79 81 87 90 s
8 5 9 10 11 16 20 24 27 34 36 39 44 51 58 59 60 61 68 69 75 76 79 80 86 s
9 2 3 7 8 17 18 20 21 22 24 25 27 31 32 33 36 37 44 50 52 63 65 66 69 70 74 75 81 85 89 s
10 4 5 8 16 17 18 25 26 29 31 35 39 43 45 46 48 51 53 59 60 63 64 66 69 70 71 74 77 82 83 84 85 88 s
11 1 2 3 7 8 12 15 17 18 21 27 31 32 33 36 52 53 54 58 60 61 66 70 80 81 85 89 s
12 6 11 15 16 18 19 24 26 27 33 34 39 40 41 46 50 53 55 61 70 72 76 81 82 84 s
13 1 2 4 5 6 7 19 20 24 30 31 36 37 39 44 45 52 58 64 75 76 77 79 82 89 s
14 19 23 25 45 50 55 60 62 64 72 73 74 80 86 87 s
15 5 11 12 25 26 29 30 31 32 34 37 39 40 42 44 45 46 49 51 56 59 65 69 75 76 79 80 82 87 88 89 s
16 5 8 10 12 17 18 22 29 30 34 38 40 43 46 52 54 55 56 57 61 63 67 70 75 81 82 83 88 s
17 2 6 9 10 11 16 19 24 30 32 34 37 45 50 53 54 55 63 73 79 81 83 86 88 89 s
18 1 4 9 10 11 12 16 22 25 26 33 35 37 48 51 53 54 56 66 71 72 83 87 s
19 12 13 14 17 23 32 47 48 52 60 69 70 71 74 82 s
20 2 4 8 9 13 23 24 30 32 33 35 37 41 42 44 46 56 57 59 60 61 66 75 77 87 89 s
21 3 9 11 27 29 30 35 40 48 51 58 71 73 75 79 81 85 87 s
22 1 4 6 9 16 18 26 27 29 30 33 35 40 53 54 58 60 61 64 67 68 70 71 82 86 90 s
23 5 14 19 20 24 27 30 32 37 40 45 50 53 56 57 62 65 78 79 81 88 89 s
24 3 8 9 12 13 17 20 23 25 35 36 38 41 42 47 50 53 54 55 61 71 76 78 80 83 86 87 88 89 s
25 1 2 3 7 9 10 14 15 18 24 27 28 34 35 37 39 43 45 46 47 48 53 55 59 60 63 67 70 75 77 79 82 85 87 88 89 s
26 1 2 3 10 12 15 18 22 29 32 38 41 47 53 67 69 71 72 77 81 s
27 1 6 7 8 9 11 12 21 22 23 25 31 32 33 34 36 44 48 51 55 58 59 63 65 68 69 73 76 78 87 s
28 25 30 31 32 36 37 40 43 46 47 55 67 68 70 76 80 84 90 s
29 1 10 15 16 21 22 26 37 42 44 45 47 53 54 60 61 63 72 73 75 76 79 81 83 86 87 88 89 s
30 6 13 15 16 17 20 21 22 23 28 38 40 41 44 47 50 58 64 66 84 89 s
31 1 7 9 10 11 13 15 27 28 41 46 49 51 73 74 76 77 84 88 s
32 4 5 6 9 11 15 17 19 20 23 26 27 28 35 41 44 57 60 66 68 70 74 78 79 80 86 90 s
33 1 4 5 6 7 9 11 12 18 20 22 27 36 40 45 51 59 60 61 64 71 75 79 88 90 s
34 1 3 5 8 12 15 16 17 25 27 43 44 47 49 54 56 63 64 68 73 78 82 s
35 5 10 18 20 21 22 24 25 32 37 38 44 45 47 50 51 55 56 64 72 76 77 78 80 82 83 84 89 s
36 2 5 6 8 9 11 13 24 27 28 33 51 52 55 57 58 59 61 70 76 80 82 84 87 90 s
37 2 9 13 15 17 18 20 23 25 28 29 35 38 47 49 53 57 62 64 65 67 74 78 80 82 90 s
38 6 7 16 24 26 30 35 37 41 48 49 53 54 56 57 58 62 63 67 70 72 75 79 83 89 s
39 2 8 10 12 13 15 25 45 46 48 51 53 54 57 61 64 68 70 71 74 79 88 s
40 1 2 4 12 15 16 21 22 23 28 30 33 47 48 49 55 56 63 64 69 70 72 74 75 81 84 86 87 88 89 s
41 5 7 12 20 24 26 30 31 32 38 44 50 53 68 70 72 74 75 81 82 84 87 s
42 15 20 24 29 47 51 56 57 60 62 65 69 70 72 80 81 82 83 84 89 s
43 6 10 16 25 28 34 44 48 58 63 64 79 80 85 86 89 s
44 2 3 8 9 13 15 20 27 29 30 32 34 35 41 43 45 46 47 48 50 53 55 58 62 66 67 78 80 87 s
45 4 5 10 13 14 15 17 23 25 29 33 35 39 44 47 55 56 57 64 66 67 71 72 73 74 77 83 85 s
46 7 10 12 15 16 20 25 28 31 39 44 47 49 59 60 62 63 65 67 75 77 79 80 82 83 84 88 s
47 2 3 6 19 24 25 26 28 29 30 34 35 37 40 42 44 45 46 49 54 58 61 67 71 76 77 80 83 86 s
48 4 6 10 18 19 21 25 27 38 39 40 43 44 49 52 57 60 61 63 67 70 73 79 81 82 86 87 s
49 15 31 34 37 38 40 46 47 48 55 57 60 62 70 72 74 77 81 82 83 86 87 89 s
50 1 5 7 9 12 14 17 23 24 30 35 41 44 56 57 60 69 70 85 87 s
51 2 3 8 10 15 18 21 27 31 33 35 36 39 42 52 71 73 75 77 81 83 87 s
52 1 5 6 9 11 13 16 19 36 48 51 56 59 62 66 77 81 84 87 89 s
53 4 6 10 11 12 17 18 22 23 24 25 26 29 37 38 39 41 44 54 58 59 65 66 71 75 80 88 89 90 s
54 3 4 6 11 16 17 18 22 24 29 34 38 39 47 53 55 56 58 60 61 63 67 72 78 82 83 89 90 s
55 3 12 14 16 17 24 25 27 28 35 36 40 44 45 49 54 57 63 64 65 67 73 74 86 s
56 15 16 18 20 23 34 35 38 40 42 45 50 52 54 58 59 60 62 63 69 71 73 74 78 80 83 84 87 88 90 s
57 4 16 20 23 32 36 37 38 39 42 45 48 49 50 55 59 63 66 78 79 82 87 s
58 5 8 11 13 21 22 27 30 36 38 43 44 47 53 54 56 60 62 65 66 70 71 72 74 75 77 78 80 84 85 87 88 s
59 4 6 8 10 15 20 25 27 33 36 46 52 53 56 57 60 64 70 71 77 80 83 85 s
60 3 8 10 11 14 19 20 22 25 29 32 33 42 46 48 49 50 54 56 58 59 81 84 88 90 s
61 1 2 3 8 11 12 16 20 22 24 29 33 36 39 47 48 54 67 68 70 73 76 78 81 83 84 s
62 5 14 23 37 38 42 44 46 49 52 56 58 66 69 72 75 76 77 s
63 1 3 9 10 16 17 25 27 29 34 38 40 43 46 48 54 55 56 57 69 80 83 s
64 2 3 10 13 14 22 30 33 34 35 37 39 40 43 45 55 59 70 77 82 s
65 1 4 6 9 15 23 27 37 42 46 53 55 58 75 76 77 83 84 85 86 s
66 2 3 6 9 10 11 18 20 30 32 44 45 52 53 57 58 62 67 77 80 81 85 s
67 2 5 16 22 25 26 28 37 38 44 45 46 47 48 54 55 61 66 68 73 79 80 81 s
68 4 6 8 22 27 28 32 34 39 41 61 67 73 84 89 90 s
69 8 9 10 15 19 26 27 40 42 50 56 62 63 73 79 80 86 89 s
70 5 9 10 11 12 16 19 22 25 28 32 36 38 39 40 41 42 48 49 50 58 59 61 64 72 75 78 82 83 88 s
71 1 4 5 6 7 10 18 19 21 22 24 26 33 39 45 47 51 53 56 58 59 74 81 83 87 90 s
72 1 3 4 12 14 18 26 29 35 38 40 41 42 45 49 54 58 62 70 73 75 83 85 s
73 14 17 21 27 29 31 34 45 48 51 55 56 61 67 68 69 72 74 80 82 84 85 88 89 s
74 1 9 10 14 19 31 32 37 39 40 41 45 49 55 56 58 71 73 82 85 86 89 s
75 1 3 5 6 8 9 13 15 16 20 21 25 29 33 38 40 41 46 51 53 58 62 65 70 72 82 89 s
76 3 8 12 13 15 24 27 28 29 31 35 36 47 61 62 65 78 88 s
77 1 3 10 13 20 25 26 31 35 45 46 47 49 51 52 58 59 62 64 65 66 80 82 88 s
78 1 4 5 6 23 24 27 32 34 35 37 44 54 56 57 58 61 70 76 83 85 88 s
79 3 6 7 8 13 15 17 21 23 25 29 32 33 38 39 43 46 48 57 67 69 83 85 s
80 1 2 6 8 11 14 15 24 28 32 35 36 37 42 43 44 46 47 53 56 58 59 63 66 67 69 73 77 83 88 s
81 2 3 4 7 9 11 12 16 17 21 23 26 29 40 41 42 48 49 51 52 60 61 66 67 71 82 83 84 85 88 90 s
82 6 10 12 13 15 16 19 22 25 34 35 36 37 41 42 46 48 49 54 57 64 70 73 74 75 77 81 88 s
83 2 6 10 16 17 18 24 29 35 38 42 45 46 47 49 51 54 56 59 61 63 65 70 71 72 78 79 80 81 85 89 90 s
84 10 12 28 30 31 35 36 40 41 42 46 52 56 58 60 61 65 68 73 81 86 87 s
85 2 6 9 10 11 21 25 43 45 50 58 59 65 66 72 73 74 78 79 81 83 90 s
86 3 5 8 14 17 22 24 29 32 40 43 47 48 49 55 65 69 74 84 89 90 s
87 5 7 14 15 18 20 21 24 25 27 29 36 40 41 44 48 49 50 51 52 56 57 58 71 84 s
88 1 4 10 15 16 17 23 24 25 29 31 33 39 40 46 53 56 58 60 70 73 76 77 78 80 81 82 89 s
89 2 3 4 9 11 13 15 17 20 23 24 25 29 30 35 38 40 42 43 49 52 53 54 68 69 73 74 75 83 86 88 90 s
90 2 5 7 22 28 32 33 36 37 53 54 56 60 68 71 81 83 85 86 89 s
