1 2 5 6 10 12 14 17 19 20 22 23 24 26 28 29 32 34 37 38 41 42 45 47 49 52 54 55 57 58 61 62 63 65 67 69 70 71 73 74 75 77 79 80 81 85 89 s
2 1 3 5 6 7 10 11 12 13 14 16 17 19 21 26 27 29 31 35 37 40 46 48 50 52 54 56 61 62 63 64 65 66 67 70 71 72 76 77 80 81 82 83 85 86 88 89 s
3 2 4 8 14 15 18 19 21 23 25 27 31 32 33 35 36 37 41 42 43 44 45 48 49 54 55 57 62 63 64 71 73 74 76 77 78 80 82 84 88 89 90 s
4 3 5 6 7 8 13 20 23 24 25 26 27 28 31 32 33 35 36 38 40 41 43 44 46 47 48 50 53 57 60 61 63 65 66 69 70 72 74 78 80 81 82 83 86 88 89 s
5 1 2 4 9 11 13 14 15 16 17 20 21 26 27 28 31 32 33 34 37 38 40 48 49 52 54 55 56 59 61 62 63 64 65 67 71 74 76 78 79 80 81 85 86 89 90 s
6 1 2 4 7 9 16 18 21 22 24 27 31 32 37 38 39 40 41 42 44 45 46 48 49 52 54 62 64 65 66 69 71 72 73 74 75 80 82 83 84 88 89 90 s
7 2 4 6 9 10 11 15 16 17 18 20 21 22 23 27 33 34 35 36 40 42 43 45 46 47 49 51 53 56 57 61 63 65 69 70 71 72 75 76 79 80 81 83 85 88 90 s
8 3 4 10 12 13 14 16 18 19 20 22 23 24 25 30 33 35 36 37 39 40 41 43 44 47 48 49 50 52 54 59 60 62 63 64 66 68 70 71 72 76 77 78 79 81 82 83 84 85 90 s
9 5 6 7 11 12 14 15 16 18 19 21 26 28 30 31 32 33 35 36 39 41 43 44 45 46 47 48 49 50 51 53 56 59 60 63 64 66 68 70 71 72 73 75 76 80 81 82 84 85 87 88 s
10 1 2 7 8 13 14 16 17 19 20 24 26 27 28 31 32 37 38 39 40 43 45 47 48 49 50 54 56 61 62 63 65 67 68 70 72 73 75 76 79 82 83 84 88 s
11 2 5 7 9 12 14 15 16 17 21 23 24 25 27 29 31 32 36 37 39 43 44 46 48 53 54 56 58 61 62 65 68 71 72 76 77 79 80 81 83 87 88 89 s
12 1 2 8 9 11 16 19 20 21 22 23 24 26 27 31 32 33 36 37 40 41 42 44 45 47 48 51 52 54 56 57 59 60 62 63 64 66 67 69 70 71 74 76 80 81 85 87 89 90 s
13 2 4 5 8 10 17 18 19 20 23 24 25 26 27 30 31 32 33 34 35 41 43 46 47 48 50 51 53 55 59 61 64 65 67 68 69 70 71 73 74 75 77 79 81 82 83 85 87 89 90 s
14 1 2 3 5 8 9 10 11 17 18 20 21 23 28 35 36 38 40 44 45 46 48 50 51 54 57 58 59 60 62 63 64 65 67 69 71 73 74 75 82 83 84 85 87 89 s
15 3 5 7 9 11 16 18 21 26 27 30 32 35 36 37 41 42 43 45 48 49 50 51 53 56 59 63 64 65 68 70 72 75 78 80 82 83 85 86 87 88 89 s
16 2 5 6 7 8 9 10 11 12 15 18 20 22 24 25 26 27 30 31 32 33 34 35 36 38 39 41 42 45 47 48 52 53 55 56 57 60 61 62 69 72 73 74 75 79 80 81 82 83 85 89 s
17 1 2 5 7 10 11 13 14 19 21 25 26 27 31 32 35 36 37 38 39 40 42 44 45 52 54 57 58 60 62 63 65 66 68 70 73 74 75 78 79 80 82 83 84 85 86 87 88 90 s
18 3 6 7 8 9 13 14 15 16 22 23 24 25 28 30 32 33 34 35 36 38 40 41 42 44 46 49 51 54 57 58 60 61 62 64 65 66 69 71 72 73 74 77 79 81 83 85 87 89 s
19 1 2 3 8 9 10 12 13 17 20 21 28 32 34 36 38 40 42 44 46 47 48 51 54 55 57 59 66 67 69 70 71 73 77 80 83 84 85 88 89 90 s
20 1 4 5 7 8 10 12 13 14 16 19 24 25 27 28 31 34 35 36 38 41 42 44 48 51 53 54 59 60 61 62 64 66 67 68 70 75 76 77 79 83 84 85 88 s
21 2 3 5 6 7 9 11 12 14 15 17 19 23 24 25 27 30 31 32 34 35 36 38 40 41 42 45 46 47 49 50 51 53 56 58 61 62 63 66 68 70 74 75 76 77 78 79 80 81 82 83 84 88 s
22 1 6 7 8 12 16 18 23 24 27 28 29 31 34 36 38 40 44 46 47 51 54 55 57 59 60 63 65 66 67 68 69 70 73 74 75 76 77 78 79 80 81 84 85 86 87 88 89 s
23 1 3 4 7 8 11 12 13 14 18 21 22 25 26 28 29 31 36 37 38 39 42 44 47 48 53 54 57 62 65 66 71 72 75 77 79 82 84 85 86 87 88 89 90 s
24 1 4 6 8 10 11 12 13 16 18 20 21 22 26 27 28 30 31 32 33 35 37 38 40 45 46 48 49 50 54 55 59 62 68 69 70 71 73 77 78 79 81 82 83 84 85 88 90 s
25 3 4 8 11 13 16 17 18 20 21 23 26 27 28 30 31 37 39 42 45 48 50 51 53 56 60 61 63 65 66 67 68 69 76 78 79 84 86 87 89 s
26 1 2 4 5 9 10 12 13 15 16 17 23 24 25 32 34 35 37 41 45 47 49 51 52 55 58 59 63 64 65 66 68 71 72 73 74 75 78 81 83 86 88 90 s
27 2 3 4 5 6 7 10 11 12 13 15 16 17 20 21 22 24 25 28 29 33 34 35 36 38 39 40 41 44 46 48 49 53 54 58 59 63 65 66 67 68 71 72 74 77 78 79 80 81 84 85 86 87 88 90 s
28 1 4 5 9 10 14 18 19 20 22 23 24 25 27 29 30 31 32 37 41 42 47 49 50 51 55 57 60 61 62 63 66 67 69 70 71 72 73 74 75 76 77 81 82 86 87 88 90 s
29 1 2 11 22 23 27 28 31 33 34 35 36 39 41 42 45 47 51 52 54 55 59 64 65 66 67 69 74 75 81 84 87 88 90 s
30 8 9 13 15 16 18 21 24 25 28 32 34 35 36 39 40 41 43 44 49 50 51 53 55 56 57 62 65 68 69 70 72 73 74 77 78 79 81 82 83 84 85 86 87 89 s
31 2 3 4 5 6 9 10 11 12 13 16 17 20 21 22 23 24 25 28 29 32 33 34 36 40 42 45 46 48 51 53 56 57 60 62 63 68 69 70 71 72 75 76 77 78 84 85 86 89 90 s
32 1 3 4 5 6 9 10 11 12 13 15 16 17 18 19 21 24 26 28 30 31 36 37 40 41 47 51 52 53 55 58 59 61 63 64 66 76 77 78 80 82 84 85 86 87 s
33 3 4 5 7 8 9 12 13 16 18 24 27 29 31 34 36 37 38 39 40 41 42 43 44 46 47 49 50 51 52 54 55 56 57 58 59 63 64 65 68 70 71 72 74 75 76 78 79 81 82 83 86 87 88 89 s
34 1 5 7 13 16 18 19 20 21 22 26 27 29 30 31 33 35 37 39 40 41 42 43 44 45 47 48 49 50 51 52 54 55 60 62 66 67 69 74 75 79 80 81 82 83 84 85 87 88 89 90 s
35 2 3 4 7 8 9 13 14 15 16 17 18 20 21 24 26 27 29 30 34 38 40 42 44 45 47 48 49 56 59 60 61 62 63 65 66 67 70 72 76 80 82 84 85 86 87 88 89 90 s
36 3 4 7 8 9 11 12 14 15 16 17 18 19 20 21 22 23 27 29 30 31 32 33 37 46 47 49 51 52 53 54 56 59 60 62 63 65 66 69 70 71 73 74 79 81 85 87 88 90 s
37 1 2 3 5 6 8 10 11 12 15 17 23 24 25 26 28 32 33 34 36 42 44 47 49 52 53 54 56 57 58 59 60 65 66 68 72 73 74 76 77 79 83 86 87 89 90 s
38 1 4 5 6 10 14 16 17 18 19 20 21 22 23 24 27 33 35 40 42 44 45 49 50 53 56 61 62 63 64 65 66 69 70 74 75 79 89 s
39 6 8 9 10 11 16 17 23 25 27 29 30 33 34 42 44 45 47 48 50 52 54 55 57 59 60 61 62 64 66 67 75 77 78 79 80 81 85 86 87 88 89 s
40 2 4 5 6 7 8 10 12 14 17 18 19 21 22 24 27 30 31 32 33 34 35 38 42 44 49 51 53 54 59 61 63 64 68 69 70 71 73 75 77 78 81 82 89 90 s
41 1 3 4 6 8 9 12 13 15 16 18 20 21 26 27 28 29 30 32 33 34 42 43 45 46 47 48 49 51 53 56 60 63 64 66 68 70 71 75 77 80 83 84 85 s
42 1 3 6 7 12 15 16 17 18 19 20 21 23 25 28 29 31 33 34 35 37 38 39 40 41 44 46 47 48 49 50 54 55 57 58 59 60 61 62 64 68 69 70 75 77 82 83 86 87 89 s
43 3 4 7 8 9 10 11 13 15 30 33 34 41 44 46 50 52 53 54 56 59 60 61 62 63 64 65 66 69 70 71 74 75 77 78 79 83 84 85 86 87 88 89 90 s
44 3 4 6 8 9 11 12 14 17 18 19 20 22 23 27 30 33 34 35 37 38 39 40 42 43 46 48 49 51 52 53 54 56 57 58 59 61 66 68 69 70 71 72 73 78 83 85 86 87 90 s
45 1 3 6 7 9 10 12 14 15 16 17 21 24 25 26 29 31 34 35 38 39 41 46 47 48 49 51 52 53 54 55 56 57 58 59 61 62 65 67 68 69 70 71 72 73 74 80 81 83 85 86 88 s
46 2 4 6 7 9 11 13 14 18 19 21 22 24 27 31 33 36 41 42 43 44 45 49 51 52 53 54 57 58 60 61 63 65 66 68 71 72 73 76 77 80 81 89 90 s
47 1 4 7 8 9 10 12 13 16 19 21 22 23 26 28 29 32 33 34 35 36 37 39 41 42 45 48 49 52 53 54 56 57 60 61 65 69 70 72 73 74 79 80 83 84 85 89 s
48 2 3 4 5 6 8 9 10 11 12 13 14 15 16 19 20 23 24 25 27 31 34 35 39 41 42 44 45 47 52 56 58 62 64 65 66 67 68 69 72 74 75 76 80 83 85 86 87 s
49 1 3 5 6 7 8 9 10 15 18 21 24 26 27 28 30 33 34 35 36 37 38 40 41 42 44 45 46 47 50 51 53 56 60 61 63 64 65 66 67 73 74 77 78 79 80 83 85 86 88 90 s
50 2 4 8 9 10 13 14 15 21 24 25 28 30 33 34 38 39 42 43 49 51 53 56 57 59 60 61 62 63 65 67 70 72 73 74 77 78 79 83 88 s
51 7 9 12 13 14 15 18 19 20 21 22 25 26 28 29 30 31 32 33 34 36 40 41 44 45 46 49 50 53 54 56 58 60 61 64 65 68 69 73 74 75 76 77 79 80 81 83 84 87 89 90 s
52 1 2 5 6 8 12 16 17 26 29 32 33 34 36 37 39 43 44 45 46 47 48 60 62 64 65 66 67 70 73 75 76 77 78 81 86 89 s
53 4 7 9 11 13 15 16 20 21 23 25 27 30 31 32 36 37 38 40 41 43 44 45 46 47 49 50 51 54 55 57 61 62 64 65 67 69 70 72 73 74 75 77 78 81 86 88 s
54 1 2 3 5 6 8 10 11 12 14 17 18 19 20 22 23 24 27 29 33 34 36 37 39 40 42 43 44 45 46 47 51 53 58 60 61 64 67 69 71 78 81 84 85 86 88 89 s
55 1 3 5 13 16 19 22 24 26 28 29 30 32 33 34 39 42 45 53 56 61 62 65 66 68 70 72 76 77 78 80 82 83 84 89 90 s
56 2 5 7 9 10 11 12 15 16 21 25 30 31 33 35 36 37 38 41 43 44 45 47 48 49 50 51 55 58 59 61 62 65 68 70 71 74 77 80 81 82 83 86 87 89 s
57 1 3 4 7 12 14 16 17 18 19 22 23 28 30 31 33 37 39 42 44 45 46 47 50 53 59 61 62 63 64 66 68 70 73 74 75 76 78 79 80 81 83 85 89 s
58 1 11 14 17 18 21 26 27 32 33 37 42 44 45 46 48 51 54 56 62 63 66 67 68 70 71 72 73 74 76 77 83 84 85 s
59 5 8 9 12 13 14 15 19 20 22 24 26 27 29 32 33 35 36 37 39 40 42 43 44 45 50 56 57 61 62 64 68 70 72 73 77 78 79 82 84 85 86 87 s
60 4 8 9 12 14 16 17 18 20 22 25 28 31 34 35 36 37 39 41 42 43 46 47 49 50 51 52 54 62 64 65 66 68 69 73 76 77 79 80 83 88 89 90 s
61 1 2 4 5 7 10 11 13 16 18 20 21 25 28 32 35 38 39 40 42 43 44 45 46 47 49 50 51 53 54 55 56 57 59 64 65 66 67 68 70 72 73 75 79 80 82 83 85 86 87 88 90 s
62 1 2 3 5 6 8 10 11 12 14 16 17 18 20 21 23 24 28 30 31 34 35 36 38 39 42 43 45 48 50 52 53 55 56 57 58 59 60 63 64 65 66 70 72 74 76 79 80 86 87 88 89 90 s
63 1 2 3 4 5 7 8 9 10 12 14 15 17 21 22 25 26 27 28 31 32 33 35 36 38 40 41 43 46 49 50 57 58 62 67 68 69 70 72 73 74 77 78 81 86 88 89 s
64 2 3 5 6 8 9 12 13 14 15 18 20 26 29 32 33 38 39 40 41 42 43 48 49 51 52 53 54 57 59 60 61 62 68 70 74 75 78 79 80 81 82 85 86 88 89 s
65 1 2 4 5 6 7 10 11 13 14 15 17 18 22 23 25 26 27 29 30 33 35 36 37 38 43 45 46 47 48 49 50 51 52 53 55 56 60 61 62 66 67 74 75 78 81 82 83 85 88 89 90 s
66 2 4 6 8 9 12 17 18 19 20 21 22 23 25 26 27 28 29 32 34 35 36 37 38 39 41 43 44 46 48 49 52 55 57 58 60 61 62 65 67 69 70 72 75 78 79 80 83 84 85 86 87 s
67 1 2 5 10 12 13 14 19 20 22 25 27 28 29 34 35 39 45 48 49 50 52 53 54 58 61 63 65 66 69 72 74 77 78 79 80 81 82 83 85 86 89 s
68 8 9 10 11 13 15 17 20 21 22 24 25 26 27 30 31 33 37 40 41 42 44 45 46 48 51 55 56 57 58 59 60 61 63 64 69 73 74 76 77 78 80 81 84 85 86 90 s
69 1 4 6 7 12 13 14 16 18 19 22 24 25 28 29 30 31 34 36 38 40 42 43 44 45 47 48 51 53 54 60 63 66 67 68 70 72 75 79 81 83 84 88 89 90 s
70 1 2 4 7 8 9 10 12 13 15 17 19 20 21 22 24 28 30 31 33 35 36 38 40 41 42 43 44 45 47 50 52 53 55 56 57 58 59 61 62 63 64 66 69 73 74 76 77 79 82 84 85 86 89 s
71 1 2 3 5 6 7 8 9 11 12 13 14 18 19 23 24 26 27 28 31 33 36 40 41 43 44 45 46 54 56 58 72 76 77 80 83 84 86 87 88 89 s
72 2 4 6 7 8 9 10 11 15 16 18 23 26 27 28 30 31 33 35 37 44 45 46 47 48 50 53 55 58 59 61 62 63 66 67 69 71 73 74 75 76 77 78 81 85 87 88 89 90 s
73 1 3 6 9 10 13 14 16 17 18 19 22 24 26 28 30 36 37 40 44 45 46 47 49 50 51 52 53 57 58 59 60 61 63 68 70 72 75 77 78 79 80 81 83 86 87 88 89 s
74 1 3 4 5 6 12 13 14 16 17 18 21 22 26 27 28 29 30 33 34 36 37 38 43 45 47 48 49 50 51 53 56 57 58 62 63 64 65 67 68 70 72 76 77 78 79 80 82 85 s
75 1 6 7 9 10 13 14 15 16 17 20 21 22 23 26 28 29 31 33 34 38 39 40 41 42 43 48 51 52 53 57 61 64 65 66 69 72 73 78 80 81 82 86 87 s
76 2 3 5 7 8 9 10 11 12 20 21 22 25 28 31 32 33 35 37 46 48 51 52 55 57 58 60 62 68 70 71 72 74 77 79 81 84 85 89 90 s
77 1 2 3 8 11 13 18 19 20 21 22 23 24 27 28 30 31 32 37 39 40 41 42 43 46 49 50 51 52 53 55 56 58 59 60 63 67 68 70 71 72 73 74 76 84 86 87 90 s
78 3 4 5 8 15 17 21 22 24 25 26 27 30 31 32 33 39 40 43 44 