1 2 3 5 6 8 9 13 14 15 17 20 22 24 27 29 30 34 35 39 41 42 44 47 48 49 51 52 53 57 59 61 67 68 70 72 73 75 76 77 80 83 84 90 s
2 1 3 4 7 10 11 12 15 17 21 22 24 26 34 35 36 38 40 42 45 48 50 51 52 53 54 56 57 58 60 61 63 65 66 69 70 71 74 77 78 81 82 84 85 89 90 s
3 1 2 5 8 9 10 13 14 16 17 19 24 25 28 30 32 33 34 35 36 37 38 40 42 43 44 45 46 49 52 53 54 55 56 59 60 61 64 65 67 69 72 76 80 81 85 87 90 s
4 2 5 6 11 12 13 17 18 19 20 21 24 25 26 27 28 29 30 33 35 37 39 41 42 45 46 47 48 50 53 54 55 56 57 59 60 62 64 65 67 69 70 73 75 76 77 78 80 82 83 85 87 90 s
5 1 3 4 6 7 14 15 16 18 19 20 21 24 26 27 28 29 33 34 36 39 40 41 43 44 46 48 49 51 52 53 54 56 59 60 61 64 65 67 68 70 72 75 76 78 79 80 82 83 84 s
6 1 4 5 7 8 12 14 15 16 17 18 19 20 21 22 23 26 27 28 30 32 36 38 40 45 46 47 50 52 58 59 60 61 62 63 64 65 66 67 68 69 70 72 73 78 81 83 86 87 89 90 s
7 2 5 6 10 11 12 15 16 17 18 19 20 21 22 24 31 32 34 35 37 40 41 43 44 46 50 51 52 54 56 58 59 60 61 63 64 65 69 71 75 76 81 83 86 88 s
8 1 3 6 9 10 12 13 14 15 21 23 24 25 27 28 30 31 32 35 38 39 40 41 45 46 47 48 49 50 51 53 54 56 58 59 61 64 65 75 76 77 79 81 82 85 86 90 s
9 1 3 8 10 11 12 14 15 18 20 23 24 27 29 30 33 39 40 42 44 46 47 48 49 51 52 54 55 57 58 59 60 62 63 65 66 67 72 74 77 78 80 81 82 83 84 85 88 89 90 s
10 2 3 7 8 9 12 13 14 17 18 20 22 23 24 26 27 28 30 32 34 35 36 38 39 40 41 42 52 53 54 57 59 60 62 65 66 67 68 69 70 72 74 76 77 78 81 82 83 85 86 88 90 s
11 2 4 7 9 12 13 14 15 17 19 20 27 28 31 36 41 43 45 47 51 52 53 54 55 56 57 58 59 60 63 66 68 70 71 72 73 78 80 81 82 83 85 86 88 s
12 2 4 6 7 8 9 10 11 13 14 15 16 18 19 20 23 25 26 29 30 31 32 33 34 35 36 39 43 45 50 53 54 55 60 62 63 65 66 67 68 69 71 72 73 75 78 80 83 84 85 86 88 89 s
13 1 3 4 8 10 11 12 15 17 19 20 23 24 25 27 28 29 30 31 35 36 37 40 41 44 45 49 50 52 54 57 58 60 61 62 65 66 69 70 72 73 74 75 77 78 79 81 82 84 85 86 87 89 s
14 1 3 5 6 8 9 10 11 12 16 17 20 22 23 25 26 27 28 29 30 32 38 43 44 47 49 50 51 53 54 55 56 57 58 59 61 64 65 68 69 70 72 73 74 77 78 80 81 83 84 86 87 88 90 s
15 1 2 5 6 7 8 9 11 12 13 16 17 18 20 24 25 26 28 33 35 36 37 38 39 40 44 46 48 49 51 52 54 60 64 65 68 69 71 73 79 80 81 82 84 87 88 s
16 3 5 6 7 12 14 15 19 20 23 24 25 27 28 29 32 38 41 43 45 46 47 49 51 54 55 56 59 60 62 63 64 66 67 68 69 70 71 73 75 76 77 78 79 83 86 87 90 s
17 1 2 3 4 6 7 10 11 13 14 15 20 21 24 27 29 33 37 38 40 42 44 45 47 48 50 53 54 55 56 58 59 60 62 64 65 69 71 72 74 78 79 81 82 83 87 88 89 s
18 4 5 6 7 9 10 12 15 20 21 22 23 24 26 27 29 30 31 33 36 37 39 40 41 42 44 45 46 48 50 51 52 56 59 62 63 68 69 70 73 74 77 78 79 80 82 87 89 s
19 3 4 5 6 7 11 12 13 16 20 23 27 28 29 30 31 32 33 34 35 39 40 41 42 43 46 49 57 61 62 63 64 70 71 73 77 79 80 82 83 85 87 89 s
20 1 4 5 6 7 9 10 11 12 13 14 15 16 17 18 19 21 26 27 30 31 33 34 35 36 37 38 39 41 43 44 45 47 48 49 51 53 56 59 60 63 65 66 69 71 72 76 80 82 85 87 88 89 s
21 2 4 5 6 7 8 17 18 20 23 25 27 33 34 35 36 37 38 41 46 47 48 49 52 53 54 56 57 58 60 61 62 65 66 67 71 74 75 77 78 79 82 86 87 90 s
22 1 2 6 7 10 14 18 26 27 28 29 30 33 34 35 36 39 40 41 43 44 47 48 49 55 56 58 60 61 62 63 65 66 67 68 69 71 75 79 80 82 83 85 89 90 s
23 6 8 9 10 12 13 14 16 18 19 21 30 31 32 36 37 38 39 42 45 46 47 48 50 51 52 54 55 56 58 59 60 62 65 66 68 69 70 71 72 75 76 77 79 82 83 85 86 89 90 s
24 1 2 3 4 5 7 8 9 10 13 15 16 17 18 25 27 30 31 33 34 36 39 40 42 43 44 46 49 50 51 52 53 55 58 59 60 61 62 64 69 71 72 78 79 80 82 83 86 88 89 s
25 3 4 8 12 13 14 15 16 21 24 26 28 29 31 34 36 37 39 41 43 46 47 48 49 52 55 58 59 61 62 63 64 66 67 68 69 71 73 74 76 77 78 80 81 83 86 s
26 2 4 5 6 10 12 14 15 18 20 22 25 27 29 30 31 33 35 36 37 39 41 42 43 46 47 48 49 50 51 52 53 54 55 56 58 61 63 64 65 70 71 72 73 74 75 77 78 79 81 82 83 86 90 s
27 1 4 5 6 8 9 10 11 13 14 16 17 18 19 20 21 22 24 26 28 30 31 32 33 34 37 39 42 43 45 46 51 52 58 64 68 70 74 75 76 78 88 90 s
28 3 4 5 6 8 10 11 13 14 15 16 19 22 25 27 29 32 34 35 36 37 39 40 42 43 44 45 46 52 53 56 58 59 62 65 71 73 77 79 80 83 84 85 89 90 s
29 1 4 5 9 12 13 14 16 17 18 19 22 25 26 28 31 34 35 37 39 41 42 44 45 46 47 48 49 50 51 52 54 56 57 58 59 60 61 62 63 64 65 70 71 77 79 80 83 85 88 90 s
30 1 3 4 6 8 9 10 12 13 14 18 19 20 22 23 24 26 27 32 34 40 41 42 44 46 48 53 55 58 59 63 64 65 66 69 71 77 78 81 84 86 87 88 89 90 s
31 7 8 11 12 13 18 19 20 23 24 25 26 27 29 32 34 36 37 38 41 42 43 44 45 46 48 50 51 53 55 56 58 61 63 64 66 67 68 69 73 74 76 77 78 79 81 84 85 88 89 90 s
32 3 6 7 8 10 12 14 16 19 23 27 28 30 31 33 34 35 38 39 43 45 48 49 50 52 54 55 58 60 61 62 64 66 68 69 70 72 74 79 82 83 84 85 86 89 90 s
33 3 4 5 9 12 15 17 18 19 20 21 22 24 26 27 32 40 41 42 44 46 47 49 50 51 55 57 59 60 61 62 64 65 69 70 72 75 76 77 79 80 82 83 85 87 88 90 s
34 1 2 3 5 7 10 12 19 20 21 22 24 25 27 28 29 30 31 32 36 37 39 41 44 46 50 54 55 57 62 63 64 67 68 69 70 73 77 79 80 83 87 89 s
35 1 2 3 4 7 8 10 12 13 15 19 20 21 22 26 28 29 32 36 37 38 39 45 46 49 52 53 54 55 57 58 59 64 66 68 69 71 72 73 76 79 81 82 83 85 86 89 90 s
36 2 3 5 6 10 11 12 13 15 18 20 21 22 23 24 25 26 28 31 34 35 37 39 40 41 46 48 51 52 55 57 64 65 66 69 70 71 74 75 78 79 80 81 83 87 90 s
37 3 4 7 13 15 17 18 20 21 23 25 26 27 28 29 31 34 35 36 39 42 45 47 49 50 52 53 54 57 59 62 64 65 67 72 73 74 76 78 80 81 82 84 87 s
38 2 3 6 8 10 14 15 16 17 20 21 23 31 32 35 40 41 46 47 49 50 51 54 55 59 62 63 66 69 70 71 73 74 75 76 80 81 82 84 86 87 88 s
39 1 4 5 8 9 10 12 15 18 19 20 22 23 24 25 26 27 28 29 32 34 35 36 37 42 48 49 50 52 53 54 55 57 60 61 62 63 67 72 73 74 75 77 79 80 83 84 86 89 90 s
40 2 3 5 6 7 8 9 10 13 15 17 18 19 22 24 28 30 33 36 38 41 44 47 48 50 56 58 59 63 65 66 67 68 69 71 72 73 74 76 78 79 80 81 82 85 86 88 89 90 s
41 1 4 5 7 8 10 11 13 16 18 19 20 21 22 25 26 29 30 31 33 34 36 38 40 42 43 44 46 47 48 51 52 55 57 59 61 64 65 66 67 69 70 71 73 74 76 80 81 83 85 86 89 s
42 1 2 3 4 9 10 17 18 19 23 24 26 27 28 29 30 31 33 37 39 41 43 45 47 49 51 53 55 56 57 60 62 64 67 74 75 76 77 78 79 83 84 85 88 90 s
43 3 5 7 11 12 14 16 19 20 22 24 25 26 27 28 31 32 41 42 46 47 48 49 50 51 52 55 57 59 60 61 64 70 75 76 77 78 79 80 82 86 88 90 s
44 1 3 5 7 9 13 14 15 17 18 20 22 24 28 29 30 31 33 34 40 41 45 48 49 54 55 57 58 59 60 61 62 66 67 71 73 75 76 79 80 83 84 86 87 88 89 s
45 2 3 4 6 8 11 12 13 16 17 18 20 23 27 28 29 31 32 35 37 42 44 46 52 53 54 55 56 57 58 60 62 63 64 65 66 67 69 70 72 73 77 78 79 80 81 84 85 86 90 s
46 3 4 5 6 7 8 9 15 16 18 19 21 23 24 25 26 27 28 29 30 31 33 34 35 36 38 41 43 45 47 48 49 51 53 54 56 57 58 59 60 61 62 68 70 71 72 73 78 79 84 85 86 87 s
47 1 4 6 8 9 11 14 16 17 20 21 22 23 25 26 29 33 37 38 40 41 42 43 46 49 50 51 52 53 54 64 66 69 71 72 74 75 77 80 82 84 88 89 s
48 1 2 4 5 8 9 15 17 18 20 21 22 23 25 26 29 30 31 32 36 39 40 41 43 44 46 49 55 56 60 65 68 69 75 76 77 78 79 80 82 83 85 87 88 90 s
49 1 3 5 8 9 13 14 15 16 19 20 21 22 24 25 26 29 32 33 35 37 38 39 42 43 44 46 47 48 56 57 59 62 64 65 66 68 69 71 72 73 76 77 79 80 82 84 85 90 s
50 2 4 6 7 8 12 13 14 17 18 23 24 26 29 31 32 33 34 37 38 39 40 43 47 52 53 54 55 57 61 62 63 64 65 66 68 72 73 74 76 78 79 81 82 84 85 87 90 s
51 1 2 5 7 8 9 11 14 15 16 18 20 23 24 26 27 29 31 33 36 38 41 42 43 46 47 53 55 58 63 64 66 67 68 69 70 72 73 75 76 77 78 80 81 82 83 84 85 87 s
52 1 2 3 5 6 7 9 10 11 13 15 18 21 23 24 25 26 27 28 29 32 35 36 37 39 41 43 45 47 50 54 56 58 59 60 61 63 64 65 67 68 69 72 75 76 78 80 83 84 88 89 90 s
53 1 2 3 4 5 8 10 11 12 14 17 20 21 24 26 28 30 31 35 37 39 42 45 46 47 50 51 56 57 58 59 60 61 62 63 64 65 67 68 71 72 73 76 77 79 81 82 83 84 85 87 90 s
54 2 3 4 5 7 8 9 10 11 12 13 14 15 16 17 21 23 26 29 32 34 35 37 38 39 44 45 46 47 50 52 55 57 58 60 65 68 70 71 75 76 77 79 80 83 88 89 90 s
55 3 4 9 11 12 14 16 17 22 23 24 25 26 30 31 32 33 34 35 36 38 39 41 42 43 44 45 48 50 51 54 57 60 61 63 64 65 66 67 71 73 75 76 78 79 82 90 s
56 2 3 4 5 7 8 11 14 16 17 18 20 21 22 23 26 28 29 31 40 42 45 46 48 49 52 53 57 58 62 63 66 67 69 70 71 75 78 79 80 86 88 90 s
57 1 2 4 9 10 11 13 14 19 21 29 33 34 35 36 37 39 41 42 43 44 45 46 49 50 53 54 55 56 58 59 61 64 65 66 68 70 72 73 74 75 76 79 81 82 83 85 86 89 s
58 2 6 7 8 9 11 13 14 17 21 22 23 24 25 26 27 28 29 30 31 32 35 40 44 45 46 51 52 53 54 56 57 59 61 62 64 65 66 68 69 71 72 73 75 79 88 90 s
59 1 3 4 5 6 7 8 9 10 11 14 16 17 18 20 23 24 25 28 29 30 33 35 37 38 40 41 43 44 46 49 52 53 57 58 62 64 66 67 68 71 74 79 81 82 84 87 88 90 s
60 2 3 4 5 6 7 9 10 11 12 13 15 16 17 20 21 22 23 24 29 32 33 39 42 43 44 45 46 48 52 53 54 55 62 63 64 65 67 68 70 72 74 75 78 81 82 84 87 88 90 s
61 1 2 3 5 6 7 8 13 14 19 21 22 24 25 26 29 31 32 33 39 41 43 44 46 50 52 53 55 57 58 62 68 73 75 76 80 82 83 84 85 90 s
62 4 6 9 10 12 13 16 17 18 19 21 22 23 24 25 28 29 32 33 34 37 38 39 42 44 45 46 49 50 53 56 58 59 60 61 63 65 66 68 70 71 72 74 76 78 83 84 86 87 s
63 2 6 7 9 11 12 16 18 19 20 22 25 26 29 30 31 34 38 39 40 45 50 51 52 53 55 56 60 62 66 68 69 70 71 74 75 78 79 80 83 84 s
64 3 4 5 6 7 8 14 15 16 17 19 24 25 26 27 29 30 31 32 33 34 35 36 37 41 42 43 45 47 49 50 51 52 53 55 57 58 59 60 65 66 67 69 70 73 77 78 79 80 85 86 87 88 90 s
65 2 3 4 5 6 7 8 9 10 12 13 14 15 17 20 21 22 23 26 28 29 30 33 36 37 40 41 45 48 49 50 52 53 54 55 57 58 60 62 64 66 67 69 70 72 74 75 76 77 78 79 82 83 85 87 89 s
66 2 6 9 10 11 12 13 16 20 21 22 23 25 30 31 32 35 36 38 40 41 44 45 47 49 50 51 55 56 57 58 59 62 63 64 65 69 71 72 73 75 79 80 81 82 83 87 88 90 s
67 1 3 4 5 6 9 10 12 16 21 22 25 31 34 37 39 40 41 42 44 45 51 52 53 55 56 59 60 64 65 68 71 73 75 81 83 85 87 88 90 s
68 1 5 6 10 11 12 14 15 16 18 22 23 25 27 31 32 34 35 40 46 48 49 50 51 52 53 54 57 58 59 60 61 62 63 67 69 73 76 78 80 81 82 83 89 90 s
69 2 3 4 6 7 10 12 13 14 15 16 17 18 20 22 23 24 25 30 31 32 33 34 35 36 38 40 41 45 47 48 49 51 52 56 58 63 64 65 66 68 71 73 74 75 76 78 79 80 83 84 86 87 90 s
70 1 2 4 5 6 10 11 13 14 16 18 19 23 26 27 29 32 33 34 36 38 41 43 45 46 51 54 56 57 60 62 63 64 65 72 73 74 75 77 82 85 86 s
71 2 7 11 12 15 16 17 19 20 21 22 23 24 25 26 28 29 30 35 36 38 40 41 44 46 47 49 53 54 55 56 58 59 62 63 66 67 69 72 73 74 76 78 80 81 82 84 85 87 90 s
72 1 3 5 6 9 10 11 12 13 14 17 20 23 24 26 32 33 35 37 39 40 45 46 47 49 50 51 52 53 57 58 60 62 65 66 70 71 75 79 80 84 85 86 87 88 89 s
73 1 4 6 11 12 13 14 15 16 18 19 25 26 28 31 34 35 37 38 39 40 41 44 45 46 49 50 51 53 55 57 58 61 64 66 67 68 69 70 71 77 78 80 82 83 84 88 89 90 s
74 2 9 10 13 14 17 18 21 25 26 27 31 32 36 37 38 39 40 41 42 47 50 57 59 60 62 63 65 69 70 71 75 77 78 79 80 81 83 85 86 87 90 s
75 1 4 5 7 8 12 13 16 21 22 23 26 27 33 36 38 39 42 43 44 47 48 51 52 54 55 56 57 58 60 61 63 65 66 67 69 70 72 74 76 77 79 80 81 82 85 88 89 s
76 1 3 4 5 7 8 10 16 20 23 25 27 31 33 35 37 38 40 41 42 43 44 48 49 50 51 52 53 54 55 57 61 62 65 68 69 71 75 77 78 79 81 82 86 87 89 90 s
77 1 2 4 8 9 10 13 14 16 18 19 21 23 25 26 28 29 30 31 33 34 39 42 43 45 47 48 49 51 53 54 64 65 70 73 74 75 76 78 79 81 84 87 s
78 2 4 5 6 9 10 11 12 13 14 16 17 18 21 24 25 26 27 30 31 36 37 40 42 43 45 46 48 50 51 52 55 56 60 62 63 64 65 68 69 71 73 74 76 77 79 83 87 88 89 s
79 5 8 13 15 16 17 18 19 21 22 23 24 26 28 29 31 32 33 34 35 36 39 40 42 43 44 45 46 48 49 50 53 54 55 56 57 58 59 63 64 65 66 69 72 74 75 76 77 78 80 81 84 86 87 90 s
80 1 3 4 5 9 11 12 14 15 18 19 20 22 24 25 28 29 33 34 36 37 38 39 40 41 43 44 45 47 48 49 51 52 54 56 61 63 64 66 68 69 71 72 73 74 75 79 82 83 84 88 90 s
81 2 3 6 7 8 9 10 11 13 14 15 17 25 26 30 31 35 36 37 38 40 41 45 50 51 53 57 59 60 66 67 68 71 74 75 76 77 79 82 86 87 88 s
82 2 4 5 8 9 10 11 13 15 17 18 19 20 21 22 23 24 26 32 33 35 37 38 40 43 47 48 49 50 51 53 55 57 59 60 61 65 66 68 70 71 73 75 76 80 81 86 88 89 90 s
83 1 4 5 6 7 9 10 11 12 14 16 17 19 22 23 24 25 26 28 29 32 33 34 35 36 39 41 42 44 48 51 52 53 54 57 61 62 63 65 66 67 68 69 73 74 78 80 84 89 s
84 1 2 5 9 12 13 14 15 28 30 31 32 37 38 39 42 44 45 46 47 49 50 51 52 53 59 60 61 62 63 69 71 72 73 77 79 80 83 85 86 87 88 89 s
85 2 3 4 8 9 10 11 12 13 19 20 22 23 28 29 31 32 33 35 40 41 42 45 46 48 49 50 51 53 57 61 64 65 67 70 71 72 74 75 84 87 88 90 s
86 6 7 8 10 11 12 13 14 16 21 23 24 25 26 30 32 35 38 39 40 41 43 44 45 46 56 57 62 64 69 70 72 74 76 79 81 82 84 87 90 s
87 3 4 6 13 14 15 16 17 18 19 20 21 30 33 34 36 37 38 44 46 48 50 51 53 59 60 62 64 65 66 67 69 71 72 74 76 77 78 79 81 84 85 86 88 89 s
88 7 9 10 11 12 14 15 17 20 24 27 29 30 31 33 38 40 42 43 44 47 48 52 54 56 58 59 60 64 66 67 72 73 75 78 80 81 82 84 85 87 89 90 s
89 2 6 9 12 13 17 18 19 20 22 23 24 28 30 31 32 34 35 39 40 41 44 47 52 54 57 65 68 72 73 75 76 78 82 83 84 87 88 90 s
90 1 2 3 4 6 8 9 10 14 16 21 22 23 26 27 28 29 30 31 32 33 35 36 39 40 42 43 45 48 49 50 52 53 54 55 56 58 59 60 61 64 66 67 68 69 71 73 74 76 79 80 82 85 86 88 89 s
