1 2 4 5 7 8 11 12 13 14 15 17 18 22 23 24 26 27 28 29 31 32 34 35 36 40 41 42 43 47 48 49 53 55 57 60 64 66 67 69 70 71 72 74 75 77 78 79 80 84 85 s
2 1 4 6 7 9 11 12 13 14 16 17 18 20 21 24 30 32 33 35 36 37 39 40 42 46 49 53 54 58 61 66 69 73 79 80 82 87 89 90 s
3 4 5 6 8 9 12 14 16 19 20 22 23 24 25 26 28 33 35 36 39 43 44 46 47 51 53 55 58 60 61 63 64 65 66 68 69 71 73 74 75 82 83 86 87 88 s
4 1 2 3 6 7 8 9 10 12 15 16 18 20 21 23 27 29 33 40 41 45 46 48 50 51 53 55 56 58 59 62 64 66 67 68 70 72 74 78 83 88 89 90 s
5 1 3 7 8 11 12 14 15 16 17 19 21 23 25 31 32 33 35 36 37 39 40 41 43 44 45 46 53 55 56 57 58 61 62 69 70 71 72 73 74 75 78 79 80 81 83 84 86 88 89 90 s
6 2 3 4 7 8 10 11 12 13 14 18 22 23 29 30 32 33 34 37 41 43 44 48 52 53 57 60 61 64 65 67 68 69 70 71 74 75 80 82 84 86 87 88 90 s
7 1 2 4 5 6 10 11 12 13 14 15 17 23 25 26 27 29 31 32 37 40 41 43 49 50 52 53 56 58 59 60 61 62 63 65 67 70 71 72 76 77 80 81 82 83 84 86 87 88 89 90 s
8 1 3 4 5 6 9 10 20 23 24 25 28 29 31 32 33 34 35 36 37 39 44 45 46 48 49 50 51 52 53 55 60 61 62 63 64 65 66 67 68 70 71 73 76 77 78 80 81 82 83 84 85 86 87 88 90 s
9 2 3 4 8 11 12 13 17 20 21 22 23 25 29 31 32 38 39 40 43 45 46 47 49 50 51 53 55 56 58 59 60 61 62 63 70 71 72 73 74 75 76 77 78 79 80 81 82 86 87 89 90 s
10 4 6 7 8 16 18 20 22 23 28 29 31 35 36 37 39 40 42 43 44 45 48 49 52 54 55 56 58 59 62 63 64 66 67 68 69 70 71 72 75 77 79 80 81 82 85 86 87 88 89 s
11 1 2 5 6 7 9 12 15 18 20 22 23 24 25 26 29 32 34 38 40 45 47 48 49 50 51 56 57 60 63 64 65 67 69 70 71 74 75 80 87 90 s
12 1 2 3 4 5 6 7 9 11 15 16 17 22 24 26 30 32 34 35 37 40 41 42 43 44 45 49 52 53 54 55 56 57 58 60 61 62 64 67 71 72 73 76 78 79 81 82 83 88 90 s
13 1 2 6 7 9 14 15 17 22 24 27 28 30 32 34 35 38 40 47 48 53 54 55 57 58 62 63 67 68 69 70 71 72 73 74 75 77 80 83 87 88 90 s
14 1 2 3 5 6 7 13 16 20 25 26 28 29 30 31 35 36 38 40 41 42 43 44 45 46 47 48 50 55 56 57 58 62 65 67 68 75 77 80 81 82 84 87 88 89 s
15 1 4 5 7 11 12 13 19 23 24 25 26 27 28 30 32 33 36 37 42 44 45 46 48 49 50 53 54 55 58 61 62 63 65 66 69 70 71 72 73 75 77 78 82 83 85 86 89 s
16 2 3 4 5 10 12 14 17 18 22 23 24 25 26 30 31 32 33 34 35 38 39 40 41 42 43 44 45 48 49 50 54 55 57 58 59 61 62 64 65 66 67 70 77 85 87 88 s
17 1 2 5 7 9 12 13 16 22 24 26 27 29 31 32 33 38 40 41 43 46 49 50 52 53 54 56 57 59 61 63 66 68 71 72 73 74 75 77 78 79 80 81 82 83 84 85 86 87 89 s
18 1 2 4 6 10 11 16 19 20 23 25 28 29 30 31 35 36 37 38 39 40 41 43 45 47 48 51 52 54 55 57 60 61 62 63 65 66 68 69 71 74 78 82 83 84 86 s
19 3 5 15 18 22 23 25 26 28 31 32 33 34 35 36 37 39 41 42 46 48 49 51 53 54 55 59 61 62 67 70 71 76 77 78 81 82 83 84 87 89 s
20 2 3 4 8 9 10 11 14 18 21 22 24 26 27 28 29 31 32 33 34 35 36 40 41 43 44 46 50 52 53 54 56 59 65 67 68 70 71 73 74 78 79 80 84 85 86 87 88 89 90 s
21 2 4 5 9 20 24 27 28 29 30 31 32 33 35 38 39 45 47 50 51 53 54 55 56 58 59 62 63 65 68 69 70 72 73 75 76 79 80 81 82 89 s
22 1 3 6 9 10 11 12 13 16 17 19 20 24 25 28 30 32 35 37 40 45 48 49 51 52 53 54 55 56 58 61 64 65 67 69 73 79 80 88 89 s
23 1 3 4 5 6 7 8 9 10 11 15 16 18 19 28 29 30 31 33 34 38 39 40 43 45 46 47 49 52 54 56 58 62 63 64 65 66 67 68 76 79 80 81 83 87 90 s
24 1 2 3 8 11 12 13 15 16 17 20 21 22 26 27 28 29 30 31 32 36 38 39 41 44 45 47 49 51 58 59 61 62 63 64 65 68 70 73 74 75 76 79 80 86 88 s
25 3 5 7 8 9 11 14 15 16 18 19 22 27 28 30 31 32 33 34 35 37 39 40 41 42 43 45 49 50 51 52 53 55 56 58 61 62 63 64 65 67 68 71 72 73 75 76 78 79 80 82 83 89 s
26 1 3 7 11 12 14 15 16 17 19 20 24 27 29 31 34 35 36 37 40 44 45 46 47 49 50 51 52 54 55 57 58 59 60 61 62 64 65 68 71 73 74 75 76 77 79 80 82 83 84 85 86 90 s
27 1 4 7 13 15 17 20 21 24 25 26 29 30 31 32 34 35 36 38 40 41 42 43 44 46 47 49 51 52 56 57 59 63 65 68 69 73 77 81 84 86 88 90 s
28 1 3 8 10 13 14 15 18 19 20 21 22 23 24 25 29 31 34 40 41 42 44 46 47 50 51 54 56 57 60 62 64 70 71 73 77 78 81 83 84 85 88 s
29 1 4 6 7 8 9 10 11 14 17 18 20 21 23 24 26 27 28 30 32 33 39 42 44 46 47 48 49 50 51 52 53 57 58 60 61 67 69 70 71 73 76 80 82 83 86 88 s
30 2 6 12 13 14 15 16 18 21 22 23 24 25 27 29 31 33 35 36 39 41 43 47 49 52 53 56 58 60 64 65 69 77 78 79 81 82 83 85 88 90 s
31 1 5 7 8 9 10 14 16 17 18 19 20 21 23 24 25 26 27 28 30 32 36 37 38 42 43 45 46 48 49 50 51 52 56 57 62 63 64 65 68 69 76 78 80 81 83 85 90 s
32 1 2 5 6 7 8 9 11 12 13 15 16 17 19 20 21 22 24 25 27 29 31 33 35 44 46 47 48 49 50 51 52 55 56 57 59 60 61 62 65 66 67 68 69 71 73 76 77 79 80 82 86 88 89 s
33 2 3 4 5 6 8 15 16 17 19 20 21 23 25 29 30 32 34 35 36 37 41 43 46 47 53 55 61 63 64 65 70 72 74 75 76 78 79 80 83 84 89 90 s
34 1 6 8 11 12 13 16 19 20 23 25 26 27 28 33 36 37 39 40 41 42 43 46 48 49 50 52 54 59 62 63 64 65 70 71 74 75 76 81 82 83 84 85 86 89 90 s
35 1 2 3 5 8 10 12 13 14 16 18 19 20 21 22 25 26 27 30 32 33 38 39 40 42 45 48 53 56 57 58 61 66 67 68 69 71 74 78 81 82 83 85 87 90 s
36 1 2 3 5 8 10 14 15 18 19 20 24 26 27 30 31 33 34 37 39 41 42 43 47 50 51 53 59 63 65 66 67 69 73 74 75 77 79 82 85 86 87 90 s
37 2 5 6 7 8 10 12 15 18 19 22 25 26 31 33 34 36 39 40 41 45 48 52 57 65 66 68 69 70 71 72 73 74 75 76 77 78 79 83 84 87 88 s
38 9 11 13 14 16 17 18 21 23 24 27 31 35 39 41 42 46 47 48 49 50 52 55 58 61 62 64 65 66 68 74 75 77 78 80 83 88 89 90 s
39 2 3 5 8 9 10 16 18 19 21 23 24 25 29 30 34 35 36 37 38 40 45 47 49 50 51 53 55 56 60 61 62 63 66 67 70 71 73 74 76 79 80 81 82 83 84 85 87 88 89 90 s
40 1 2 4 5 7 9 10 11 12 13 14 16 17 18 20 22 23 25 26 27 28 34 35 37 39 42 43 44 45 46 48 49 50 52 58 59 62 64 66 69 71 75 76 78 79 81 82 84 85 89 s
41 1 4 5 6 7 12 14 16 17 18 19 20 24 25 27 28 30 33 34 36 37 38 42 47 50 51 52 53 55 57 58 60 61 64 65 68 69 70 72 73 78 79 80 82 83 84 85 89 s
42 1 2 10 12 14 15 16 19 25 27 28 29 31 34 35 36 38 40 41 51 52 54 55 56 61 65 66 67 68 69 71 73 74 75 77 78 79 80 81 82 84 s
43 1 3 5 6 7 9 10 12 14 16 17 18 20 23 25 27 30 31 33 34 36 40 48 49 52 54 58 59 63 64 65 68 69 71 72 73 75 83 85 86 87 88 89 s
44 3 5 6 8 10 12 14 15 16 20 24 26 27 28 29 32 40 48 49 53 54 55 56 57 58 60 61 63 64 65 69 73 74 75 76 78 79 83 85 86 89 s
45 4 5 8 9 10 11 12 14 15 16 18 21 22 23 24 25 26 31 35 37 39 40 46 52 53 54 55 60 61 62 63 66 67 68 69 70 71 72 75 76 77 78 79 83 87 90 s
46 2 3 4 5 8 9 14 15 17 19 20 23 26 27 28 29 31 32 33 34 38 40 45 48 49 52 54 55 58 60 61 62 63 64 65 66 68 70 71 72 73 75 77 78 79 81 82 83 84 86 88 90 s
47 1 3 9 11 13 14 18 21 23 24 26 27 28 29 30 32 33 36 38 39 41 48 54 64 65 66 67 68 69 70 71 73 74 76 77 81 82 84 86 s
48 1 4 6 8 10 11 13 14 15 16 18 19 22 29 31 32 34 35 37 38 40 43 44 46 47 49 53 55 59 61 65 67 68 69 70 71 74 83 85 86 88 s
49 1 2 7 8 9 10 11 12 15 16 17 19 22 23 24 25 26 27 29 30 31 32 34 38 39 40 43 44 46 48 52 53 56 59 65 66 70 71 72 74 76 77 80 81 82 84 85 s
50 4 7 8 9 11 14 15 16 17 20 21 25 26 28 29 31 32 34 36 38 39 40 41 51 53 54 57 60 61 63 65 66 68 69 70 71 73 74 75 77 78 79 81 84 85 87 89 s
51 3 4 8 9 11 18 19 21 22 24 25 26 27 28 29 31 32 36 39 41 42 50 54 56 60 63 64 65 66 68 69 71 72 79 80 81 82 83 85 86 88 89 s
52 6 7 8 10 12 17 18 20 22 23 25 26 27 29 30 31 32 34 37 38 40 41 42 43 45 46 49 53 55 57 58 60 62 63 66 69 73 75 79 80 81 82 83 84 85 87 88 89 90 s
53 1 2 3 4 5 6 7 8 9 12 13 15 17 19 20 21 22 25 29 30 33 35 36 39 41 44 45 48 49 50 52 54 57 59 61 65 66 68 74 75 77 79 82 83 86 87 88 s
54 2 10 12 13 15 16 17 18 19 20 21 22 23 26 28 34 42 43 44 45 46 47 50 51 53 55 58 60 61 63 65 68 69 71 73 75 77 78 82 83 86 87 s
55 1 3 4 5 8 9 10 12 13 14 15 16 18 19 21 22 25 26 32 33 38 39 41 42 44 45 46 48 52 54 57 60 61 62 63 65 68 69 70 74 75 76 81 82 85 86 90 s
56 4 5 7 9 10 11 12 14 17 20 21 22 23 25 27 28 30 31 32 35 39 42 44 49 51 58 60 63 64 68 69 70 75 78 80 83 84 86 87 88 s
57 1 5 6 11 12 13 14 16 17 18 26 27 28 29 31 32 35 37 41 44 50 52 53 55 59 60 61 63 66 69 73 76 79 80 82 87 88 s
58 2 3 4 5 7 9 10 12 13 14 15 16 21 22 23 24 25 26 29 30 35 38 40 41 43 44 46 52 54 56 59 61 62 65 68 73 75 76 77 78 80 81 84 90 s
59 4 7 9 10 16 17 19 20 21 24 26 27 32 34 36 40 43 48 49 53 57 58 62 64 65 66 68 72 73 74 75 76 77 78 79 81 83 84 85 88 90 s
60 1 3 6 7 8 9 11 12 18 26 28 29 30 32 39 41 44 45 46 50 51 52 54 55 56 57 61 65 68 69 70 71 76 78 79 80 83 85 86 87 88 89 90 s
61 2 3 5 6 7 8 9 12 15 16 17 18 19 22 24 25 26 29 32 33 35 38 39 41 42 44 45 46 48 50 53 54 55 57 58 60 62 63 64 69 76 77 78 81 82 83 84 85 87 88 90 s
62 4 5 7 8 9 10 12 13 14 15 16 18 19 21 23 24 25 26 28 31 32 34 38 39 40 45 46 52 55 58 59 61 64 66 71 72 73 76 79 81 82 85 86 87 88 89 s
63 3 7 8 9 10 11 13 15 17 18 21 23 24 25 27 31 33 34 36 39 43 44 45 46 50 51 52 54 55 56 57 61 66 69 73 74 77 83 84 85 88 90 s
64 1 3 4 6 8 10 11 12 16 22 23 24 25 26 28 30 31 33 34 38 40 41 43 44 46 47 51 56 59 61 62 65 66 69 70 71 74 75 77 80 81 84 86 87 88 89 90 s
65 3 6 7 8 11 14 15 16 18 20 21 22 23 24 25 26 27 30 31 32 33 34 36 37 38 41 42 43 44 46 47 48 49 50 51 53 54 55 58 59 60 64 68 69 70 71 72 73 74 75 77 79 86 87 88 s
66 1 2 3 4 8 10 15 16 17 18 23 32 35 36 37 38 39 40 42 45 46 47 49 50 51 52 53 57 59 62 63 64 67 68 69 73 75 76 77 80 82 84 86 90 s
67 1 4 6 7 8 10 11 12 13 14 16 19 20 22 23 25 29 32 35 36 39 42 45 47 48 66 70 72 73 76 78 82 88 89 s
68 3 4 6 8 10 13 14 17 18 20 21 23 24 25 26 27 31 32 35 37 38 41 42 43 45 46 47 48 50 51 53 54 55 56 58 59 60 65 66 72 73 74 75 77 78 81 82 83 88 89 s
69 1 2 3 5 6 10 11 13 15 18 21 22 27 29 30 31 32 35 36 37 40 41 42 43 44 45 47 48 50 51 52 54 55 56 57 60 61 63 64 65 66 70 71 74 75 77 78 80 83 85 88 s
70 1 4 5 6 7 8 9 10 11 13 15 16 19 20 21 24 28 29 33 34 37 39 41 45 46 47 48 49 50 55 56 60 64 65 67 69 71 73 74 76 79 81 83 84 85 86 87 90 s
71 1 3 5 6 7 8 9 10 11 12 13 15 17 18 19 20 25 26 28 29 32 34 35 37 39 40 42 43 45 46 47 48 49 50 51 54 60 62 64 65 69 70 72 73 74 76 77 79 86 87 88 89 90 s
72 1 4 5 7 9 10 12 13 15 17 21 25 33 37 41 43 45 46 49 51 59 62 65 67 68 71 73 75 76 77 80 82 84 87 88 s
73 2 3 5 8 9 12 13 15 17 20 21 22 24 25 26 27 28 29 32 36 37 39 41 42 43 44 46 47 50 52 54 57 58 59 62 63 65 66 67 68 70 71 72 75 77 79 81 82 83 84 85 89 90 s
74 1 3 4 5 6 9 11 13 17 18 20 24 26 33 34 35 36 37 38 39 42 44 47 48 49 50 53 55 59 63 64 65 68 69 70 71 76 78 81 83 85 86 90 s
75 1 3 5 6 9 10 11 13 14 15 17 21 24 25 26 33 34 36 37 38 40 42 43 44 45 46 50 52 53 54 55 56 58 59 64 65 66 68 69 72 73 76 77 79 83 84 86 88 89 s
76 7 8 9 12 19 21 23 24 25 26 29 31 32 33 34 37 39 40 44 45 47 49 55 57 58 59 60 61 62 66 67 70 71 72 74 75 79 80 81 82 83 85 87 89 s
77 1 7 8 9 10 13 14 15 16 17 19 26 27 28 30 32 36 37 38 42 45 46 47 49 50 53 54 58 59 61 63 64 65 66 68 69 71 72 73 75 85 86 87 88 89 90 s
78 1 4 5 8 9 12 15 17 18 19 20 25 28 30 31 33 35 37 38 40 41 42 44 45 46 50 54 56 58 59 60 61 67 68 69 74 79 86 87 88 89 90 s
79 1 2 5 9 10 12 17 20 21 22 23 24 25 26 30 32 33 36 37 39 40 41 42 44 45 46 50 51 52 53 57 59 60 62 65 70 71 73 75 76 78 80 81 82 83 84 85 86 87 s
80 1 2 5 6 7 8 9 10 11 13 14 17 20 21 22 23 24 25 26 29 31 32 33 38 39 41 42 49 51 52 56 57 58 60 64 66 69 72 76 79 85 87 88 89 s
81 5 7 8 9 10 12 14 17 19 21 23 27 28 30 31 34 35 39 40 42 46 47 49 50 51 52 55 58 59 61 62 64 68 70 73 74 76 79 82 86 87 88 s
82 2 3 6 7 8 9 10 12 14 15 17 18 19 21 25 26 29 30 32 34 35 36 39 40 41 42 46 47 49 51 52 53 54 55 57 61 62 66 67 68 72 73 76 79 81 83 87 89 s
83 3 4 5 7 8 12 13 15 17 18 19 23 25 26 28 29 30 31 33 34 35 37 38 39 41 43 44 45 46 48 51 52 53 54 56 59 60 61 63 68 69 70 73 74 75 76 79 82 85 86 87 90 s
84 1 5 6 7 8 14 17 18 19 20 26 27 28 33 34 37 39 40 41 42 46 47 49 50 52 56 58 59 61 63 64 66 70 72 73 75 79 85 86 87 88 89 s
85 1 8 10 15 16 17 20 26 28 30 31 34 35 36 39 40 41 43 44 48 49 50 51 52 55 59 60 61 62 63 69 70 73 74 76 77 79 80 83 84 86 s
86 3 5 6 7 8 9 10 15 17 18 20 24 26 27 29 32 34 36 43 44 46 47 48 51 53 54 55 56 60 62 64 65 66 70 71 74 75 77 78 79 81 83 84 85 90 s
87 2 3 6 7 8 9 10 11 13 14 16 17 19 20 23 35 36 37 39 43 45 50 52 53 54 56 57 60 61 62 64 65 70 71 72 76 77 78 79 80 81 82 83 84 89 90 s
88 3 4 5 6 7 8 10 12 13 14 16 20 22 24 27 28 29 30 32 37 38 39 43 46 48 51 52 53 56 57 59 60 61 62 63 64 65 67 68 69 71 72 75 77 78 80 81 84 89 90 s
89 2 4 5 7 9 10 14 15 17 19 20 21 22 25 32 33 34 38 39 40 41 43 44 50 51 52 60 62 64 67 68 71 73 75 76 77 78 80 82 84 87 88 s
90 2 4 5 6 7 8 9 11 12 13 20 23 26 27 30 31 33 34 35 36 38 39 45 46 52 55 58 59 60 61 63 64 66 70 71 73 74 77 78 83 86 87 88 s
