1 2 3 6 8 9 11 15 16 20 22 24 26 27 28 29 31 32 33 34 36 40 41 42 46 47 48 50 51 52 53 56 59 60 61 67 69 71 72 73 75 76 78 79 80 83 86 89 90 s
2 1 3 4 8 10 11 12 13 14 16 17 18 20 21 23 24 25 26 28 30 36 38 39 40 43 45 47 50 51 53 59 60 61 63 64 65 67 69 72 76 79 82 83 85 89 90 s
3 1 2 5 8 9 11 12 14 16 17 20 23 24 25 26 30 33 34 37 39 40 41 42 43 45 46 48 60 62 63 67 68 70 71 72 78 79 85 87 88 90 s
4 2 5 6 7 8 9 10 12 13 14 15 18 19 20 25 30 32 36 38 41 45 46 49 51 54 55 58 59 62 64 65 66 67 72 74 76 78 81 83 84 86 s
5 3 4 8 10 12 15 16 18 20 24 25 26 27 29 34 36 37 41 42 43 44 47 50 51 52 53 54 55 59 61 63 65 67 69 70 71 73 75 77 79 80 83 87 89 90 s
6 1 4 7 8 10 12 13 15 17 20 21 23 24 30 31 34 35 36 39 44 45 47 48 52 54 56 57 61 62 64 67 73 75 76 81 87 s
7 4 6 8 13 17 18 23 26 27 28 30 34 37 43 45 48 49 50 51 52 55 57 58 62 63 68 69 70 71 75 76 78 79 81 82 84 85 86 89 90 s
8 1 2 3 4 5 6 7 9 10 15 16 18 19 23 27 29 31 32 33 36 37 38 39 42 43 48 50 52 53 57 58 61 72 75 76 78 79 80 82 84 86 87 88 s
9 1 3 4 8 10 11 13 14 15 16 20 21 24 26 29 30 32 33 35 36 37 38 39 49 50 53 54 58 59 61 63 64 66 67 68 69 70 78 79 83 84 85 87 89 90 s
10 2 4 5 6 8 9 12 13 17 18 21 22 25 26 27 35 40 45 47 49 53 55 59 60 63 64 69 73 74 77 81 84 85 86 87 90 s
11 1 2 3 9 13 17 19 20 24 25 26 27 29 31 34 35 37 44 47 50 51 54 57 58 59 62 64 67 70 74 75 76 78 81 84 88 89 s
12 2 3 4 5 6 10 15 17 18 22 24 26 27 28 31 32 38 48 49 50 51 52 53 56 58 59 62 63 67 68 69 70 71 73 75 77 79 80 81 82 83 85 88 90 s
13 2 4 6 7 9 10 11 14 17 18 19 20 22 23 24 25 26 27 28 32 38 39 41 42 46 47 48 54 58 61 63 65 66 67 68 69 71 74 76 77 78 79 80 82 89 s
14 2 3 4 9 13 15 17 24 25 26 29 31 34 35 38 39 41 42 43 45 47 48 49 53 54 55 56 60 62 63 66 68 71 74 76 79 80 83 85 87 89 90 s
15 1 4 5 6 8 9 12 14 17 18 21 23 25 29 30 35 37 40 42 46 49 51 54 55 56 58 60 61 63 64 67 68 69 72 73 74 75 76 79 80 82 84 86 89 90 s
16 1 2 3 5 8 9 18 19 21 24 25 26 29 36 38 39 40 41 42 43 44 46 47 49 51 53 60 62 65 66 67 68 70 72 74 75 80 81 84 85 88 90 s
17 2 3 6 7 10 11 12 13 14 15 21 22 28 29 33 34 35 36 45 48 49 50 52 53 56 57 59 60 61 62 64 66 67 70 72 74 77 78 80 81 82 83 86 89 s
18 2 4 5 7 8 10 12 13 15 16 19 25 27 29 32 33 34 35 39 42 45 46 47 49 50 54 60 64 67 68 69 70 72 73 74 75 79 80 81 82 83 84 87 88 89 s
19 4 8 11 13 16 18 21 24 25 26 28 29 32 33 35 37 43 44 46 47 50 51 52 53 56 58 59 60 63 69 71 73 74 81 82 83 85 88 89 s
20 1 2 3 4 5 6 9 11 13 30 32 37 42 43 45 47 48 51 52 53 54 56 57 59 60 63 64 68 72 74 75 77 78 80 87 88 s
21 2 6 9 10 15 16 17 19 23 25 26 27 28 30 32 35 36 37 39 40 42 43 44 45 49 57 58 59 60 61 62 64 69 72 73 84 86 88 89 s
22 1 10 12 13 17 25 27 29 31 32 35 37 38 39 42 44 46 48 51 53 58 62 64 65 67 70 72 75 76 78 79 80 83 84 85 86 89 s
23 2 3 6 7 8 13 15 21 26 27 29 30 31 32 36 38 39 43 44 45 52 53 54 55 56 57 58 62 63 65 67 68 69 72 74 76 78 80 83 86 87 s
24 1 2 3 5 6 9 11 12 13 14 16 19 25 26 28 29 31 34 35 40 41 44 45 47 48 50 51 54 56 59 60 61 62 63 64 65 66 68 69 74 76 77 79 80 81 82 84 86 90 s
25 2 3 4 5 10 11 13 14 15 16 18 19 21 22 24 33 34 36 38 41 45 48 50 54 58 59 60 61 62 64 65 66 70 73 75 78 79 80 82 84 85 86 87 90 s
26 1 2 3 5 7 9 10 11 12 13 14 16 19 21 23 24 27 29 33 34 37 38 39 40 41 46 51 52 55 56 60 61 64 66 67 69 70 73 75 77 78 79 80 81 85 86 87 89 s
27 1 5 7 8 10 11 12 13 18 21 22 23 26 28 29 30 33 35 36 37 40 43 46 48 50 51 54 55 56 57 58 59 61 62 65 71 72 74 77 78 80 82 83 84 85 86 87 88 89 s
28 1 2 7 12 13 17 19 21 24 27 30 31 33 34 37 38 40 45 46 47 48 52 54 55 58 59 61 63 65 66 70 71 72 73 75 77 81 83 85 86 88 s
29 1 5 8 9 11 14 15 16 17 18 19 22 23 24 26 27 30 35 38 41 42 44 46 49 50 53 54 56 59 60 61 65 68 69 71 74 75 76 77 78 81 85 86 87 89 s
30 2 3 4 6 7 9 15 20 21 23 27 28 29 32 34 36 37 38 40 41 42 43 45 48 50 52 53 55 58 59 62 64 65 70 72 73 75 77 80 88 s
31 1 6 8 11 12 14 22 23 24 28 32 34 35 37 41 42 44 46 47 48 49 50 54 57 59 60 63 64 68 69 72 76 80 82 85 86 88 90 s
32 1 4 8 9 12 13 18 19 20 21 22 23 30 31 33 34 35 36 37 40 42 44 45 48 50 51 52 53 55 57 60 61 62 63 64 65 67 73 74 75 76 77 79 80 85 86 90 s
33 1 3 8 9 17 18 19 25 26 27 28 32 34 37 41 43 45 47 48 50 52 53 55 56 61 63 65 66 67 68 70 71 72 74 75 76 79 80 85 89 s
34 1 3 5 6 7 11 14 17 18 24 25 26 28 30 31 32 33 35 36 37 39 40 41 43 46 47 48 55 57 58 59 62 63 65 66 69 70 71 72 76 77 80 81 82 83 84 85 s
35 6 9 10 11 14 15 17 18 19 21 22 24 27 29 31 32 34 36 41 43 44 47 50 52 53 56 57 59 60 63 66 67 68 70 71 73 74 81 83 84 85 89 90 s
36 1 2 4 5 6 8 9 16 17 21 23 25 27 30 32 34 35 37 40 41 42 44 46 49 54 56 60 62 63 66 67 68 69 71 76 79 80 81 82 83 84 88 90 s
37 3 5 7 8 9 11 15 19 20 21 22 26 27 28 30 31 32 33 34 36 38 39 40 45 46 47 48 49 54 57 58 59 61 64 65 66 67 70 76 78 79 80 81 82 83 84 85 86 87 89 90 s
38 2 4 8 9 12 13 14 16 22 23 25 26 28 29 30 37 41 44 46 47 48 49 51 53 58 59 61 62 63 64 66 67 68 69 71 72 73 74 76 77 78 80 82 85 86 87 88 s
39 2 3 6 8 9 13 14 16 18 21 22 23 26 34 37 40 41 43 44 45 46 47 49 50 52 53 54 55 58 63 69 71 74 75 76 77 80 81 83 85 89 s
40 1 2 3 10 15 16 21 24 26 27 28 30 32 34 36 37 39 44 46 48 49 50 52 54 60 61 62 64 65 66 67 68 69 72 74 75 76 78 81 82 83 84 85 87 89 s
41 1 3 4 5 13 14 16 24 25 26 29 30 31 33 34 35 36 38 39 48 50 53 54 59 61 62 65 68 72 74 75 76 77 79 80 81 85 86 87 89 90 s
42 1 3 5 8 13 14 15 16 18 20 21 22 29 30 31 32 36 43 44 47 48 49 50 51 54 55 57 59 63 67 68 69 70 72 73 74 75 79 80 81 86 88 s
43 2 3 5 7 8 14 16 19 20 21 23 27 30 33 34 35 39 42 44 46 48 49 50 51 52 54 56 58 62 63 64 65 67 74 75 76 77 79 81 82 83 84 86 88 89 90 s
44 5 6 11 16 19 21 22 23 24 29 31 32 35 36 38 39 40 42 43 47 49 51 54 56 57 60 61 62 71 72 73 75 76 77 84 85 86 87 90 s
45 2 3 4 6 7 10 14 17 18 20 21 23 24 25 28 30 32 33 37 39 48 49 50 51 55 57 61 62 63 64 65 67 70 71 72 73 74 79 81 82 85 86 87 88 89 90 s
46 1 3 4 13 15 16 18 19 22 26 27 28 29 31 34 36 37 38 39 40 43 50 51 52 54 57 58 59 60 62 63 65 68 72 73 75 77 82 83 84 85 87 89 90 s
47 1 2 5 6 10 11 13 14 16 18 19 20 24 28 31 33 34 35 37 38 39 42 44 49 50 51 53 56 57 59 60 61 62 63 64 65 69 70 72 75 76 78 79 84 86 90 s
48 1 3 6 7 8 12 13 14 17 20 22 24 25 27 28 30 31 32 33 34 37 38 40 41 42 43 45 50 51 53 55 57 59 60 61 63 64 65 66 69 70 71 74 77 79 80 82 85 87 89 90 s
49 4 7 9 10 12 14 15 16 17 18 21 29 31 36 37 38 39 40 42 43 44 45 47 50 54 56 60 61 64 65 69 70 71 73 75 76 79 80 82 83 84 85 86 87 s
50 1 2 5 7 8 9 11 12 17 18 19 24 25 27 29 30 31 32 33 35 39 40 41 42 43 45 46 47 48 49 52 53 58 60 62 63 66 67 68 69 71 74 75 79 81 85 88 89 90 s
51 1 2 4 5 7 11 12 15 16 19 20 22 24 26 27 32 38 42 43 44 45 46 47 48 54 55 56 57 59 61 65 66 67 68 69 71 72 73 75 76 77 79 80 82 85 90 s
52 1 5 6 7 8 12 17 19 20 23 26 28 30 32 33 35 39 40 43 46 50 53 57 60 62 65 68 70 71 73 76 78 79 81 82 83 85 87 89 90 s
53 1 2 5 8 9 10 12 14 16 17 19 20 22 23 29 30 32 33 35 38 39 41 47 48 50 52 54 56 58 59 61 62 66 69 74 75 77 78 80 83 84 85 86 87 88 s
54 4 5 6 9 11 13 14 15 18 20 23 24 25 27 28 29 31 36 37 39 40 41 42 43 44 46 49 51 53 56 60 61 62 63 68 71 73 75 76 77 78 80 82 85 88 89 90 s
55 4 5 7 10 14 15 23 26 27 28 30 32 33 34 39 42 45 48 51 57 58 60 61 65 66 68 72 74 77 78 80 82 83 85 88 s
56 1 6 12 14 15 17 19 20 23 24 26 27 29 33 35 36 43 44 47 49 51 53 54 58 59 60 65 66 67 68 69 70 71 76 79 82 85 88 89 90 s
57 6 7 8 11 17 20 21 23 27 31 32 34 35 37 42 44 45 46 47 48 51 52 55 58 61 62 66 67 68 69 70 71 72 74 75 76 79 80 81 83 84 85 86 89 90 s
58 4 7 8 9 11 12 13 15 19 21 22 23 25 27 28 30 34 37 38 39 43 46 50 53 55 56 57 60 64 65 66 67 68 69 72 77 78 79 80 85 86 87 88 s
59 1 2 4 5 9 10 11 12 17 19 20 21 24 25 27 28 29 30 31 34 35 37 38 41 42 46 47 48 51 53 56 63 65 69 71 73 74 80 83 85 87 90 s
60 1 2 3 10 14 15 16 17 18 19 20 21 24 25 26 29 31 32 35 36 40 44 46 47 48 49 50 52 54 55 56 58 64 66 68 69 71 72 74 75 76 78 79 80 81 82 83 84 85 86 88 s
61 1 2 5 6 8 9 13 15 17 21 24 25 26 27 28 29 32 33 37 38 40 41 44 45 47 48 49 51 53 54 55 57 64 66 67 68 70 72 73 74 77 78 82 83 86 87 88 90 s
62 3 4 6 7 11 12 14 16 17 21 22 23 24 25 27 30 32 34 36 38 40 41 43 44 45 46 47 50 52 53 54 57 71 73 74 79 86 88 90 s
63 2 3 5 7 9 10 12 13 14 15 19 20 23 24 28 31 32 33 34 35 36 38 39 42 43 45 46 47 48 50 54 59 66 67 69 75 76 78 79 80 83 85 90 s
64 2 4 6 9 10 11 15 17 18 20 21 22 24 25 26 30 31 32 37 38 40 43 45 47 48 49 58 60 61 69 75 76 77 78 81 83 85 87 88 89 90 s
65 2 4 5 13 16 22 23 24 25 27 28 29 30 32 33 34 37 40 41 43 45 46 47 48 49 51 52 55 56 58 59 66 68 69 72 73 75 76 77 78 79 82 83 87 90 s
66 4 9 13 14 16 17 24 25 26 28 33 34 35 36 37 38 40 48 50 51 53 55 56 57 58 60 61 63 65 72 73 74 78 80 81 88 89 s
67 1 2 3 4 5 6 9 11 12 13 15 16 17 18 22 23 26 32 33 35 36 37 38 40 42 43 45 50 51 56 57 58 61 63 68 69 70 71 72 74 76 78 79 80 84 85 86 88 s
68 3 7 9 12 13 14 15 16 18 20 23 24 29 31 33 35 36 38 40 41 42 46 50 51 52 54 55 56 57 58 60 61 65 67 69 70 74 75 77 80 81 88 s
69 1 2 5 7 9 10 12 13 15 18 19 21 23 24 26 29 31 34 36 38 39 40 42 47 48 49 50 51 53 56 57 58 59 60 63 64 65 67 68 72 73 75 76 77 85 86 87 s
70 3 5 7 9 11 12 16 17 18 22 25 26 28 30 33 34 35 37 42 45 47 48 49 52 56 57 61 67 68 71 72 73 74 75 76 77 81 83 84 85 89 90 s
71 1 3 5 7 12 13 14 19 27 28 29 33 34 35 36 38 39 44 45 48 49 50 51 52 54 56 57 59 60 62 67 70 72 73 74 77 78 81 82 83 84 85 90 s
72 1 2 3 4 8 15 16 17 18 20 21 22 23 27 28 30 31 33 34 38 40 41 42 44 45 46 47 51 55 57 58 60 61 65 66 67 69 70 71 74 76 80 81 84 87 89 90 s
73 1 5 6 10 12 15 18 19 21 25 26 28 30 32 35 38 42 44 45 46 49 51 52 54 59 61 62 65 66 69 70 71 74 77 78 79 81 84 85 86 87 90 s
74 4 10 11 13 14 15 16 17 18 19 20 23 24 27 29 32 33 35 38 39 40 41 42 43 45 48 50 53 55 57 59 60 61 62 66 67 68 70 71 72 73 75 79 83 85 88 s
75 1 5 6 7 8 11 12 15 16 18 20 22 25 26 28 29 30 32 33 39 40 41 42 43 44 46 47 49 50 51 53 54 57 60 63 64 65 68 69 70 74 76 78 79 81 84 85 88 s
76 1 2 4 6 7 8 11 13 14 15 22 23 24 29 31 32 33 34 36 37 38 39 40 41 43 44 47 49 51 52 54 56 57 60 63 64 65 67 69 70 72 75 78 80 83 86 89 90 s
77 5 10 12 13 17 20 24 26 27 28 29 30 32 34 38 39 41 43 44 46 48 51 53 54 55 58 61 64 65 68 69 70 71 73 82 84 87 88 89 s
78 1 3 4 7 8 9 11 13 17 20 22 23 25 26 27 29 37 38 40 47 52 53 54 55 58 60 61 63 64 65 66 67 71 73 75 76 79 80 82 85 86 87 88 90 s
79 1 2 3 5 7 8 9 12 13 14 15 18 22 24 25 26 32 33 36 37 41 42 43 45 47 48 49 50 51 52 56 57 58 60 62 63 65 67 73 74 75 78 80 83 84 87 88 90 s
80 1 5 8 12 13 14 15 16 17 18 20 22 23 24 25 26 27 30 31 32 33 34 36 37 38 39 41 42 48 49 51 53 54 55 57 58 59 60 63 66 67 68 72 76 78 79 81 82 83 84 85 86 s
81 4 6 7 10 11 12 16 17 18 19 24 26 28 29 34 35 36 37 39 40 41 42 43 45 50 52 57 60 64 66 68 70 71 72 73 75 80 88 89 90 s
82 2 7 8 12 13 15 17 18 19 24 25 27 31 34 36 37 38 40 43 45 46 48 49 51 52 54 55 56 60 61 65 71 77 78 80 83 84 85 89 s
83 1 2 4 5 9 12 14 17 18 19 22 23 27 28 34 35 36 37 39 40 43 46 49 52 53 55 57 59 60 61 63 64 65 70 71 74 76 79 80 82 84 85 86 87 s
84 4 7 8 9 10 11 15 16 18 21 22 24 25 27 34 35 36 37 40 43 44 46 47 49 53 57 60 67 70 71 72 73 75 77 79 80 82 83 86 87 88 89 90 s
85 2 3 7 9 10 12 14 16 19 22 25 26 27 28 29 31 32 33 34 35 37 38 39 40 41 44 45 46 48 49 50 51 52 53 54 55 56 57 58 59 60 63 64 67 69 70 71 73 74 75 78 80 82 83 86 87 88 89 s
86 1 4 7 8 10 15 17 21 22 23 24 25 26 27 28 29 31 32 37 38 41 42 43 44 45 47 49 53 57 58 60 61 62 67 69 73 76 78 80 83 84 85 87 88 s
87 3 5 6 8 9 10 14 18 20 23 25 26 27 29 37 38 40 41 44 45 46 48 49 52 53 58 59 61 64 65 69 72 73 77 78 79 83 84 85 86 s
88 3 8 11 12 16 18 19 20 21 27 28 30 31 36 38 42 43 45 50 53 54 55 56 58 60 61 62 64 66 67 68 74 75 77 78 79 81 84 85 86 89 90 s
89 1 2 5 7 9 11 13 14 15 17 18 19 21 22 26 27 29 33 35 37 39 40 41 43 45 46 48 50 52 54 56 57 64 66 70 72 76 77 81 82 84 85 88 90 s
90 1 2 3 5 7 9 10 12 14 15 16 24 25 31 32 35 36 37 41 43 44 45 46 47 48 50 51 52 54 56 57 59 61 62 63 64 65 70 71 72 73 76 78 79 81 84 88 89 s
