1 4 5 8 9 11 17 20 21 22 32 36 41 46 48 51 67 70 71 72 75 78 82 86 87 s
2 4 10 11 16 18 23 24 35 36 39 41 43 48 50 53 55 56 57 63 64 66 68 69 71 76 78 79 81 88 92 94 s
3 7 12 16 17 24 25 26 29 32 33 37 38 39 42 43 44 46 52 54 59 66 75 83 87 89 91 94 95 s
4 1 2 5 8 9 12 18 24 25 28 32 33 34 38 39 44 46 47 50 52 83 85 86 91 s
5 1 4 14 15 20 22 31 37 40 41 45 57 62 63 65 68 69 75 92 94 s
6 8 12 13 16 19 21 22 23 26 27 33 47 49 57 69 72 80 81 82 84 87 90 94 95 s
7 3 10 16 18 23 31 39 42 43 45 47 52 53 58 61 64 72 77 80 87 s
8 1 4 6 9 12 14 16 17 19 22 23 25 26 43 53 54 56 60 63 65 70 71 74 81 82 87 88 91 s
9 1 4 8 11 13 14 18 22 25 29 35 38 46 48 51 54 56 57 58 60 68 72 75 87 89 93 s
10 2 7 11 20 31 34 46 47 48 52 53 54 56 57 66 67 79 82 s
11 1 2 9 10 12 16 18 23 26 44 46 49 60 64 71 81 86 92 s
12 3 4 6 8 11 13 36 40 41 42 45 47 51 53 54 55 58 59 67 68 71 73 81 82 85 88 93 94 s
13 6 9 12 16 21 22 23 25 28 38 40 41 43 56 65 67 71 74 76 87 88 s
14 5 8 9 21 26 29 32 36 40 49 52 67 75 92 94 s
15 5 19 21 23 25 32 36 37 38 44 45 67 68 70 79 86 87 95 s
16 2 3 6 7 8 11 13 27 28 30 35 37 41 44 51 53 64 66 68 71 72 76 85 86 88 91 s
17 1 3 8 20 27 31 36 47 48 60 64 67 68 72 73 74 76 79 80 81 84 86 90 s
18 2 4 7 9 11 19 23 24 27 28 29 30 34 36 53 54 61 62 64 68 74 76 78 83 84 85 s
19 6 8 15 18 26 27 30 38 52 58 64 66 68 72 75 87 88 93 s
20 1 5 10 17 23 24 26 27 28 33 41 51 61 62 67 68 71 93 94 s
21 1 6 13 14 15 24 29 47 50 53 68 72 75 84 87 90 92 93 s
22 1 5 6 8 9 13 23 30 32 43 46 48 52 53 55 57 59 64 66 74 76 77 78 83 85 91 s
23 2 6 7 8 11 13 15 18 20 22 41 44 50 56 67 69 84 s
24 2 3 4 18 20 21 27 29 34 41 44 47 48 51 57 59 63 64 68 71 74 78 82 86 90 91 s
25 3 4 8 9 13 15 27 29 31 42 46 57 63 74 85 87 88 s
26 3 6 8 11 14 19 20 28 37 38 44 52 53 54 56 59 66 67 72 74 77 78 84 88 90 91 95 s
27 6 16 17 18 19 20 24 25 29 31 33 36 41 47 51 52 56 70 74 80 84 87 89 91 92 s
28 4 13 16 18 20 26 46 47 51 52 54 62 63 68 69 70 78 81 82 s
29 3 9 14 18 21 24 25 27 38 39 45 57 58 63 71 73 75 77 81 89 90 92 s
30 16 18 19 22 34 35 43 51 53 59 61 62 63 67 72 78 82 87 94 s
31 5 7 10 17 25 27 36 37 40 49 56 57 59 60 61 63 70 82 83 93 94 s
32 1 3 4 14 15 22 33 34 36 38 43 44 48 51 67 79 85 87 88 94 s
33 3 4 6 20 27 32 37 38 39 44 47 51 52 65 68 69 85 94 95 s
34 4 10 18 24 30 32 36 37 38 40 42 43 45 48 49 55 56 57 66 67 71 80 90 92 s
35 2 9 16 30 37 43 45 47 54 56 62 63 67 71 74 83 84 89 91 s
36 1 2 12 14 15 17 18 27 31 32 34 37 38 39 42 49 52 60 63 65 69 71 81 85 86 88 90 91 s
37 3 5 15 16 26 31 33 34 35 36 41 44 47 48 49 50 52 54 55 59 61 67 70 71 75 77 81 86 90 92 95 s
38 3 4 9 13 15 19 26 29 32 33 34 36 44 51 53 59 65 67 69 73 82 87 88 94 s
39 2 3 4 7 29 33 36 41 44 48 51 52 55 56 59 60 63 71 75 82 83 84 85 86 87 89 92 s
40 5 12 13 14 31 34 47 49 54 55 61 65 68 75 81 85 90 92 95 s
41 1 2 5 12 13 16 20 23 24 27 37 39 43 48 51 55 56 59 60 62 63 75 76 77 78 79 88 90 s
42 3 7 12 25 34 36 45 46 52 54 70 73 78 79 83 84 85 87 89 90 s
43 2 3 7 8 13 22 30 32 34 35 41 48 53 55 57 59 61 65 72 73 74 78 79 81 90 s
44 3 4 11 15 16 23 24 26 32 33 37 38 39 50 51 52 64 65 67 72 76 82 s
45 5 7 12 15 29 34 35 42 48 49 52 58 61 65 68 69 71 72 74 80 81 82 83 84 86 90 93 s
46 1 3 4 9 10 11 22 25 28 42 54 57 58 68 73 74 77 78 79 80 83 85 91 93 94 s
47 4 6 7 10 12 17 21 24 27 28 33 35 37 40 59 60 62 64 66 76 77 81 83 85 92 s
48 1 2 9 10 17 22 24 32 34 37 39 41 43 45 58 66 72 74 75 80 82 87 90 95 s
49 6 11 14 31 34 36 37 40 45 59 60 64 65 68 72 79 80 82 91 92 s
50 2 4 21 23 37 44 52 60 68 72 75 76 80 81 84 92 93 s
51 1 9 12 16 20 24 27 28 30 32 33 38 39 41 44 53 55 60 65 70 73 84 86 90 93 94 s
52 3 4 7 10 14 19 22 26 27 28 33 36 37 39 42 44 45 50 55 63 69 78 79 88 89 91 95 s
53 2 7 8 10 12 16 18 21 22 26 30 38 43 51 54 63 68 75 76 78 87 90 94 95 s
54 3 8 9 10 12 18 26 28 35 37 40 42 46 53 60 64 70 73 75 76 77 80 81 82 83 85 89 90 93 s
55 2 12 22 34 37 39 40 41 43 51 52 57 65 67 71 92 s
56 2 8 9 10 13 23 26 27 31 34 35 39 41 58 63 68 70 75 80 82 87 88 90 92 94 95 s
57 2 5 6 9 10 22 24 25 29 31 34 43 46 55 58 69 72 74 80 86 s
58 7 9 12 19 29 45 46 48 56 57 59 63 64 68 70 72 83 84 86 92 95 s
59 3 12 22 24 26 30 31 37 38 39 41 43 47 49 58 63 65 68 71 72 73 74 85 88 90 95 s
60 8 9 11 17 31 36 39 41 47 49 50 51 54 63 64 70 72 73 76 80 81 84 91 93 94 s
61 7 18 20 30 31 37 40 43 45 63 67 73 78 85 89 s
62 5 18 20 28 30 35 41 47 64 69 70 73 74 75 80 81 82 88 90 92 95 s
63 2 5 8 24 25 28 29 30 31 35 36 39 41 52 53 56 58 59 60 61 66 68 73 79 80 81 83 84 89 92 s
64 2 7 11 16 17 18 19 22 24 44 47 49 54 58 60 62 70 72 75 77 86 89 90 91 s
65 5 8 13 33 36 38 40 43 44 45 49 51 55 59 76 82 83 84 85 93 94 s
66 2 3 10 16 19 22 26 34 47 48 63 69 88 90 s
67 1 10 12 13 14 15 17 20 23 26 30 32 34 35 37 38 44 55 61 71 77 84 87 93 94 s
68 2 5 9 12 15 16 17 18 19 20 21 24 28 33 40 45 46 49 50 53 56 58 59 63 76 82 83 84 92 94 s
69 2 5 6 23 28 33 36 38 45 52 57 62 66 77 78 79 84 90 95 s
70 1 8 15 27 28 31 37 42 51 54 56 58 60 62 64 72 73 75 76 78 80 83 85 86 87 90 s
71 1 2 8 11 12 13 16 20 24 29 34 35 36 37 39 45 55 59 67 73 74 81 92 93 s
72 1 6 7 9 16 17 19 21 26 30 43 44 45 48 49 50 57 58 59 60 64 70 73 79 80 92 93 s
73 12 17 29 38 42 43 46 51 54 59 60 61 62 63 70 71 72 76 78 81 83 84 85 86 92 94 95 s
74 8 13 17 18 22 24 25 26 27 35 43 45 46 48 57 59 62 71 79 82 84 90 91 94 s
75 1 3 5 9 14 19 21 29 37 39 40 41 48 50 53 54 56 62 64 70 83 84 87 91 95 s
76 2 13 16 17 18 22 41 44 47 50 53 54 60 65 68 70 73 77 78 87 88 92 s
77 7 22 26 29 37 41 46 47 54 64 67 69 76 79 82 89 90 91 93 s
78 1 2 18 22 24 26 28 30 41 42 43 46 52 53 61 69 70 73 76 87 88 92 93 94 s
79 2 10 15 17 32 41 42 43 46 49 52 63 69 72 74 77 85 87 88 89 91 94 s
80 6 7 17 27 34 45 46 48 49 50 54 56 57 60 62 63 70 72 84 88 92 s
81 2 6 8 11 12 17 28 29 36 37 40 43 45 47 50 54 60 62 63 71 73 89 93 95 s
82 1 6 8 10 12 24 28 30 31 38 39 44 45 48 49 54 56 62 65 68 74 77 87 88 89 92 94 s
83 3 4 18 22 31 35 39 42 45 46 47 54 58 63 65 68 70 73 75 85 86 95 s
84 6 17 18 21 23 26 27 35 39 42 45 50 51 58 60 63 65 67 68 69 73 74 75 80 85 86 90 s
85 4 12 16 18 22 25 32 33 36 39 40 42 46 47 54 59 61 65 70 73 79 83 84 86 88 89 90 91 94 95 s
86 1 4 11 15 16 17 24 36 37 39 45 51 57 58 64 70 73 83 84 85 88 90 92 95 s
87 1 3 6 7 8 9 13 15 19 21 25 27 30 32 38 39 42 48 53 56 67 70 75 76 78 79 82 89 93 s
88 2 8 12 13 16 19 25 26 32 36 38 41 52 56 59 62 66 76 78 79 80 82 85 86 89 91 93 s
89 3 9 27 29 35 39 42 52 54 61 63 64 77 79 81 82 85 87 88 92 s
90 6 17 21 24 26 29 34 36 37 40 41 42 43 45 48 51 53 54 56 59 62 64 66 69 70 74 77 84 85 86 91 s
91 3 4 8 16 22 24 26 27 35 36 46 49 52 60 64 74 75 77 79 85 88 90 s
92 2 5 11 14 21 27 29 34 37 39 40 47 49 50 55 56 58 62 63 68 71 72 73 76 78 80 82 86 89 95 s
93 9 12 19 20 21 31 45 46 50 51 54 60 65 67 71 72 77 78 81 87 88 s
94 2 3 5 6 12 14 20 30 31 32 33 38 46 51 53 56 60 65 67 68 73 74 78 79 82 85 s
95 3 6 15 26 33 37 40 48 52 53 56 58 59 62 69 73 75 81 83 85 86 92 s
