1 2 6 7 9 12 13 14 19 20 22 23 28 31 38 39 47 53 60 63 64 68 69 80 81 84 85 91 93 s
2 1 3 6 7 10 11 14 19 30 32 34 40 42 52 53 54 59 60 63 64 77 81 83 84 85 87 89 90 s
3 2 4 13 20 21 23 27 28 31 33 35 36 40 42 43 45 54 56 57 58 60 76 82 83 86 88 92 s
4 3 5 7 15 16 17 20 21 26 27 30 32 42 45 53 57 59 61 62 66 69 70 71 75 80 81 82 85 86 s
5 4 12 16 17 21 23 24 27 31 34 35 36 43 55 56 58 60 64 66 68 69 70 87 89 91 94 s
6 1 2 10 14 18 20 21 27 28 29 30 38 41 43 44 46 50 54 55 63 74 83 86 89 90 93 95 s
7 1 2 4 9 12 13 15 18 22 24 25 37 40 41 50 54 56 58 59 65 73 75 89 92 s
8 10 13 15 16 21 31 33 35 40 41 43 49 58 62 71 73 76 79 80 82 83 85 93 s
9 1 7 11 12 14 15 18 19 20 36 41 42 47 53 60 62 66 68 85 89 90 92 93 s
10 2 6 8 12 17 18 28 29 30 32 33 34 35 47 54 57 59 64 68 73 77 81 82 89 s
11 2 9 14 17 24 25 30 31 44 51 54 66 67 68 70 71 79 81 82 83 84 86 89 92 s
12 1 5 7 9 10 14 15 19 22 23 25 27 37 43 45 51 53 59 62 64 69 72 73 77 80 82 84 86 88 92 95 s
13 1 3 7 8 17 23 29 31 35 38 57 59 64 65 67 74 76 88 91 93 94 95 s
14 1 2 6 9 11 12 20 25 27 28 29 46 55 56 57 61 62 66 67 71 72 80 85 86 87 91 s
15 4 7 8 9 12 20 22 23 29 35 36 38 51 54 61 64 75 76 79 85 93 s
16 4 5 8 20 29 31 38 40 41 48 49 52 54 60 63 66 68 69 70 71 82 85 86 87 89 s
17 4 5 10 11 13 20 33 36 38 40 41 44 45 49 53 58 61 62 64 70 73 74 75 80 81 83 88 89 94 95 s
18 6 7 9 10 21 30 31 33 34 45 46 48 56 76 79 84 87 91 s
19 1 2 9 12 26 30 32 34 38 39 42 52 57 60 65 66 67 72 79 85 89 92 s
20 1 3 4 6 9 14 15 16 17 27 32 34 41 48 53 56 57 58 59 61 67 68 71 75 77 88 91 s
21 3 4 5 6 8 18 25 38 44 47 48 58 67 69 72 75 78 87 88 s
22 1 7 12 15 27 33 34 35 41 42 43 46 48 52 55 57 59 68 70 78 80 84 88 93 95 s
23 1 3 5 12 13 15 25 28 31 35 36 37 44 46 48 55 58 61 63 67 74 76 77 78 81 85 86 87 91 s
24 5 7 11 31 32 36 40 41 42 43 44 46 57 58 61 63 74 76 77 78 86 s
25 7 11 12 14 21 23 31 41 45 51 60 63 74 87 88 93 94 s
26 4 19 32 37 38 44 47 49 63 66 69 70 71 72 87 90 93 95 s
27 3 4 5 6 12 14 20 22 30 31 32 33 43 51 56 58 68 69 74 93 s
28 1 3 6 10 14 23 31 33 36 40 43 49 54 55 56 61 62 65 66 67 71 76 79 85 86 92 93 94 s
29 6 10 13 14 15 16 31 34 35 37 40 42 46 47 48 49 53 54 58 61 62 63 69 70 71 75 78 80 85 95 s
30 2 4 6 10 11 18 19 27 32 38 50 59 78 82 89 91 94 s
31 1 3 5 8 11 13 16 18 23 24 25 27 28 29 34 39 45 56 58 66 70 73 74 75 78 81 84 85 91 92 95 s
32 2 4 10 19 20 24 26 27 30 33 34 35 41 43 49 55 57 59 76 78 81 83 88 92 93 s
33 3 8 10 17 18 22 27 28 32 37 38 39 41 51 52 53 55 56 57 62 66 68 69 76 86 s
34 2 5 10 18 19 20 22 29 31 32 35 37 40 44 47 54 66 67 68 69 70 71 72 73 74 77 79 81 83 85 88 89 90 95 s
35 3 5 8 10 13 15 22 23 29 32 34 41 44 45 47 52 58 61 62 68 70 73 74 78 80 81 86 91 s
36 3 5 9 15 17 23 24 28 38 42 51 52 65 68 72 84 85 s
37 7 12 23 26 29 33 34 39 46 48 50 54 57 62 67 68 70 75 82 92 93 95 s
38 1 6 13 15 16 17 19 21 26 30 33 36 46 48 53 55 56 63 64 65 66 67 71 73 76 83 85 86 88 s
39 1 19 31 33 37 42 44 46 47 48 51 57 58 59 60 62 64 69 70 75 85 86 89 94 95 s
40 2 3 7 8 16 17 24 28 29 34 44 55 58 65 70 88 94 s
41 6 7 8 9 16 17 20 22 24 25 32 33 35 43 47 53 55 57 59 60 61 71 73 74 77 89 90 95 s
42 2 3 4 9 19 22 24 29 36 39 44 53 57 61 62 65 72 73 84 89 91 93 95 s
43 3 5 6 8 12 22 24 27 28 32 41 46 48 56 57 65 66 70 71 73 76 78 79 81 86 88 89 92 94 s
44 6 11 17 21 23 24 26 34 35 39 40 42 50 51 57 64 65 68 76 79 80 86 89 90 s
45 3 4 12 17 18 25 31 35 52 63 65 68 71 77 82 88 92 s
46 6 14 18 22 23 24 29 37 38 39 43 51 56 61 62 64 65 74 79 81 86 90 92 s
47 1 9 10 21 26 29 34 35 39 41 49 50 51 56 57 60 61 63 67 75 78 79 80 86 s
48 16 18 20 21 22 23 29 37 38 39 43 51 52 53 54 59 62 63 67 71 72 73 85 86 87 88 s
49 8 16 17 26 28 29 32 47 50 51 63 65 67 72 73 75 78 79 81 83 89 91 s
50 6 7 30 37 44 47 49 52 53 56 74 75 79 87 89 92 s
51 11 12 15 25 27 33 36 39 44 46 47 48 49 54 59 60 65 66 67 68 69 71 73 76 80 83 94 s
52 2 16 19 22 33 35 36 45 48 50 55 58 68 76 80 81 88 89 90 91 s
53 1 2 4 9 12 17 20 29 33 38 41 42 48 50 66 70 80 85 88 91 s
54 2 3 6 7 10 11 15 16 28 29 34 37 48 51 56 64 67 69 78 91 93 94 s
55 5 6 14 22 23 28 32 33 38 40 41 52 62 63 64 67 72 77 81 82 83 s
56 3 5 7 14 18 20 27 28 31 33 38 43 46 47 50 54 59 61 62 63 76 82 85 86 s
57 3 4 10 13 14 19 20 22 24 32 33 37 39 41 42 43 44 47 65 68 70 71 74 79 88 89 92 s
58 3 5 7 8 17 20 21 23 24 27 29 31 35 39 40 52 68 71 72 75 79 83 89 90 91 94 95 s
59 2 4 7 10 12 13 20 22 30 32 39 41 48 51 56 62 64 67 72 75 76 77 79 92 94 95 s
60 1 2 3 5 9 16 19 25 39 41 47 51 66 68 69 78 79 80 86 87 90 94 s
61 4 14 15 17 20 23 24 28 29 35 41 42 46 47 56 67 72 77 82 84 85 94 s
62 4 8 9 12 14 17 28 29 33 35 37 39 42 46 48 55 56 59 63 71 76 81 85 89 92 93 94 s
63 1 2 6 16 23 24 25 26 29 38 45 47 48 49 55 56 62 67 78 83 85 86 87 s
64 1 2 5 10 12 13 15 17 38 39 44 46 54 55 59 65 66 68 74 75 91 93 95 s
65 7 13 19 28 36 38 40 42 43 44 45 46 49 51 57 64 72 74 79 83 88 93 s
66 4 5 9 11 14 16 19 26 28 31 33 34 38 43 51 53 60 64 69 76 78 86 88 s
67 11 13 14 19 20 21 23 28 34 37 38 47 48 49 51 54 55 59 61 63 79 80 93 s
68 1 5 9 10 11 16 20 22 27 33 34 35 36 37 44 45 51 52 57 58 60 64 70 71 73 87 88 92 93 94 s
69 1 4 5 12 16 21 26 27 29 33 34 39 51 54 60 66 73 74 76 81 86 92 94 95 s
70 4 5 11 16 17 22 26 29 31 34 35 37 39 40 43 53 57 68 83 89 90 94 s
71 4 8 11 14 16 20 26 28 29 34 38 41 43 45 48 51 57 58 62 68 73 74 80 86 90 93 s
72 12 14 19 21 26 34 36 42 48 49 55 58 59 61 65 73 74 75 81 84 90 91 95 s
73 7 8 10 12 17 31 34 35 38 41 42 43 48 49 51 68 69 71 72 80 81 83 85 88 90 s
74 6 13 17 23 24 25 27 31 34 35 41 46 50 57 64 65 69 71 72 75 76 82 84 86 93 s
75 4 7 15 17 20 21 29 31 37 39 47 49 50 58 59 64 72 74 77 82 83 84 92 s
76 3 8 13 15 18 23 24 28 32 33 38 43 44 51 52 56 59 62 66 69 74 80 87 88 90 91 93 s
77 2 10 12 20 23 24 34 41 45 55 59 61 75 86 89 90 91 s
78 21 22 23 24 29 30 31 32 35 43 47 49 54 60 63 66 79 81 82 84 85 s
79 8 11 15 18 19 28 34 43 44 46 47 49 50 57 58 59 60 65 67 78 81 84 86 89 91 95 s
80 1 4 8 12 14 17 22 29 35 44 47 51 52 53 60 67 71 73 76 81 85 86 s
81 1 2 4 10 11 17 23 31 32 34 35 43 46 49 52 55 62 69 72 73 78 79 80 83 84 85 87 88 89 90 92 s
82 3 4 8 10 11 12 16 30 37 45 55 56 61 74 75 78 83 88 91 s
83 2 3 6 8 11 17 32 34 38 49 51 55 58 63 65 70 73 75 81 82 84 89 s
84 1 2 11 12 18 22 31 36 42 61 72 74 75 78 79 81 83 88 92 93 95 s
85 1 2 4 8 9 14 15 16 19 23 28 29 31 34 36 38 39 48 53 56 61 62 63 73 78 80 81 91 95 s
86 3 4 6 11 12 14 16 23 24 28 33 35 38 39 43 44 46 47 48 56 60 63 66 69 71 74 77 79 80 87 91 95 s
87 2 5 14 16 18 21 23 25 26 48 50 60 63 68 76 81 86 92 s
88 3 12 13 17 20 21 22 25 32 34 38 40 43 45 48 52 53 57 65 66 68 73 76 81 82 84 s
89 2 5 6 7 9 10 11 16 17 19 30 34 39 41 42 43 44 49 50 52 57 58 62 70 77 79 81 83 94 s
90 2 6 9 26 34 41 44 46 52 58 60 70 71 72 73 76 77 81 s
91 1 5 13 14 18 20 23 30 31 35 42 49 52 53 54 58 64 72 76 77 79 82 85 86 92 95 s
92 3 7 9 11 12 19 28 31 32 37 43 45 46 50 57 59 62 68 69 75 81 84 87 91 93 94 s
93 1 6 8 9 13 15 22 25 26 27 28 32 37 42 54 62 64 65 67 68 71 74 76 84 92 94 s
94 5 13 17 25 28 30 39 40 43 51 54 58 59 60 61 62 68 69 70 89 92 93 95 s
95 6 12 13 17 22 26 29 31 34 37 39 41 42 58 59 64 69 72 79 84 85 86 91 94 s
