1 3 4 14 17 21 24 31 33 36 39 43 44 46 52 55 59 68 69 70 72 76 77 85 88 93 s
2 7 12 18 22 23 26 34 35 36 38 44 53 59 60 61 63 67 68 75 78 80 88 89 93 s
3 1 7 8 11 12 13 23 24 31 33 37 40 42 50 51 52 53 57 62 70 73 74 75 77 80 85 88 89 90 91 93 s
4 1 6 9 11 13 17 18 19 22 30 34 39 40 44 52 56 60 65 66 71 75 83 84 86 88 90 92 s
5 11 14 17 24 30 32 41 42 45 48 51 52 54 55 59 60 62 63 66 67 69 71 72 80 84 90 92 93 s
6 4 12 20 21 25 26 31 35 37 40 44 45 50 51 55 56 59 60 70 73 75 78 83 85 87 89 91 s
7 2 3 10 11 18 23 30 32 33 39 45 48 60 64 78 81 84 94 95 s
8 3 9 11 15 17 20 22 26 28 30 33 42 43 44 45 46 50 52 56 64 67 68 75 83 86 89 95 s
9 4 8 11 14 17 19 25 30 31 34 35 40 50 52 53 58 59 63 65 66 73 74 76 84 89 95 s
10 7 12 15 16 21 24 26 27 30 31 33 36 40 42 45 46 50 51 60 66 75 76 80 82 89 92 s
11 3 4 5 7 8 9 13 16 17 19 21 24 25 30 31 32 38 52 54 60 65 66 69 78 88 89 90 91 s
12 2 3 6 10 13 20 22 25 28 30 35 39 49 50 53 55 57 59 61 63 74 76 82 84 94 s
13 3 4 11 12 16 20 21 32 34 36 38 41 42 44 45 46 52 55 57 64 66 67 71 73 77 79 86 92 s
14 1 5 9 15 16 24 30 32 39 42 47 49 54 56 72 79 90 s
15 8 10 14 16 17 18 20 21 22 23 24 28 30 31 34 39 40 44 49 50 57 63 66 74 75 77 80 82 84 86 90 93 s
16 10 11 13 14 15 21 22 23 25 26 28 32 34 43 49 50 52 53 57 59 63 64 67 71 72 75 79 83 85 88 89 93 94 s
17 1 4 5 8 9 11 15 18 26 30 32 46 54 59 61 71 72 77 80 91 s
18 2 4 7 15 17 20 25 26 29 33 37 38 42 51 55 56 57 59 64 68 69 70 75 81 90 s
19 4 9 11 22 26 29 35 36 37 39 40 45 46 48 54 61 77 84 91 s
20 6 8 12 13 15 18 21 23 25 30 33 38 40 41 46 60 61 63 68 79 81 82 83 85 86 88 91 s
21 1 6 10 11 13 15 16 20 26 27 28 35 36 37 45 47 48 55 60 69 74 76 81 85 87 94 s
22 2 4 8 12 15 16 19 26 27 30 33 39 44 45 55 61 64 65 74 80 81 86 89 90 93 95 s
23 2 3 7 15 16 20 26 33 34 35 38 40 41 47 52 54 61 63 71 73 82 86 93 95 s
24 1 3 5 10 11 14 15 25 37 38 41 42 47 48 50 51 62 67 68 71 81 92 s
25 6 9 11 12 16 18 20 24 29 30 32 35 41 45 48 49 53 54 58 61 62 67 68 75 80 81 92 s
26 2 6 8 10 16 17 18 19 21 22 23 32 33 43 46 55 62 64 70 80 82 83 85 91 95 s
27 10 21 22 28 34 35 38 46 47 50 54 55 60 63 65 66 72 75 77 86 90 s
28 8 12 15 16 21 27 36 45 57 58 64 65 83 84 94 s
29 18 19 25 31 47 50 53 56 58 63 64 67 85 88 89 93 94 95 s
30 4 5 7 8 9 10 11 12 14 15 17 20 22 25 33 37 40 41 42 43 45 53 54 66 67 71 73 74 81 82 86 94 s
31 1 3 6 9 10 11 15 29 35 45 48 50 52 59 66 69 70 74 80 82 83 87 93 s
32 5 7 11 13 14 16 17 25 26 36 44 47 51 52 55 56 58 65 69 74 76 84 87 89 90 92 s
33 1 3 7 8 10 18 20 22 23 26 30 35 37 45 54 59 60 62 63 68 84 93 s
34 2 4 9 13 15 16 23 27 36 40 48 50 57 65 66 69 72 76 79 83 85 s
35 2 6 9 12 19 21 23 25 27 31 33 36 41 51 52 53 62 63 67 77 83 86 89 94 s
36 1 2 10 13 19 21 28 32 34 35 45 54 55 67 68 74 77 80 81 88 89 s
37 3 6 18 19 21 24 30 33 42 43 44 45 47 53 60 62 64 65 72 73 79 81 82 89 92 s
38 2 11 13 18 20 23 24 27 42 51 55 59 61 64 65 67 68 84 89 91 s
39 1 4 7 12 14 15 19 22 45 71 83 86 90 s
40 3 4 6 9 10 15 19 20 23 30 34 41 43 44 50 52 61 62 72 75 83 90 91 93 s
41 5 13 20 23 24 25 30 35 40 46 47 51 52 60 61 62 69 71 73 74 89 93 s
42 3 5 8 10 13 14 18 24 30 37 38 47 49 56 64 66 69 76 83 84 85 89 90 91 95 s
43 1 8 16 26 30 37 40 44 46 54 57 60 70 73 77 78 83 85 87 88 95 s
44 1 2 4 6 8 13 15 22 32 37 40 43 45 51 58 63 72 85 86 89 91 93 s
45 5 6 7 8 10 13 19 21 22 25 28 30 31 33 36 37 39 44 49 53 54 64 73 77 78 80 84 89 91 93 s
46 1 8 10 13 17 19 20 26 27 41 43 48 50 51 53 55 63 64 73 74 75 79 89 93 95 s
47 14 21 23 24 27 29 32 37 41 42 56 58 60 70 73 77 81 s
48 5 7 19 21 24 25 31 34 46 49 51 53 56 58 59 60 64 66 73 75 76 78 80 82 87 90 s
49 12 14 15 16 25 42 45 48 53 55 58 59 64 70 72 74 78 80 82 88 89 90 92 95 s
50 3 6 8 9 10 12 15 16 24 27 29 31 34 40 46 55 60 61 62 67 69 70 72 79 83 84 85 86 95 s
51 3 5 6 10 18 24 32 35 38 41 44 46 48 67 70 71 76 83 84 89 90 92 s
52 1 3 4 5 8 9 11 13 16 23 31 32 35 40 41 53 62 65 70 72 73 77 80 83 85 86 95 s
53 2 3 9 12 16 25 29 30 35 37 45 46 48 49 52 59 63 64 75 76 77 83 85 86 95 s
54 5 11 14 17 19 23 25 27 30 33 36 43 45 65 70 73 76 80 82 83 85 88 90 93 s
55 1 5 6 12 13 18 21 22 26 27 32 36 38 46 49 50 62 63 68 69 74 81 90 s
56 4 6 8 14 18 29 32 42 47 48 57 63 65 70 75 76 77 92 s
57 3 12 13 15 16 18 28 34 43 56 59 64 68 70 72 79 81 91 93 s
58 9 25 28 29 32 44 47 48 49 59 65 72 73 77 83 85 87 88 89 93 95 s
59 1 2 5 6 9 12 16 17 18 31 33 38 48 49 53 57 58 66 69 72 73 75 78 81 90 91 94 s
60 2 4 5 6 7 10 11 20 21 27 33 37 41 43 47 48 50 61 62 63 64 70 72 79 81 89 93 s
61 2 12 17 19 20 22 23 25 38 40 41 50 60 64 65 66 69 72 73 76 77 80 82 83 84 86 89 s
62 3 5 24 25 26 33 35 37 40 41 50 52 55 60 66 67 69 71 73 79 80 81 82 87 90 s
63 2 5 9 12 15 16 20 23 27 29 33 35 44 46 53 55 56 60 65 67 68 69 70 71 75 77 79 82 83 87 91 95 s
64 7 8 13 16 18 22 26 28 29 37 38 42 45 46 48 49 53 57 60 61 65 67 76 80 82 89 93 s
65 4 9 11 22 27 28 32 34 37 38 52 54 56 58 61 63 64 68 75 76 80 83 85 87 s
66 4 5 9 10 11 13 15 27 30 31 34 42 48 59 61 62 69 72 73 74 75 79 86 93 95 s
67 2 5 8 13 16 24 25 29 30 35 36 38 50 51 62 63 64 68 70 73 78 83 88 89 91 94 s
68 1 2 8 18 20 24 25 33 36 38 55 57 63 65 67 69 86 88 89 90 s
69 1 5 11 18 21 31 32 34 41 42 50 55 59 61 62 63 66 68 74 81 83 90 s
70 1 3 6 18 26 31 43 47 49 50 51 52 54 56 57 60 63 67 71 77 79 83 84 85 87 89 92 s
71 4 5 13 16 17 23 24 30 39 41 51 62 63 70 72 79 82 86 89 91 94 s
72 1 5 14 16 17 27 34 37 40 44 49 50 52 57 58 59 60 61 66 71 76 78 81 83 84 85 86 87 89 93 s
73 3 6 9 13 23 30 37 41 43 45 46 47 48 52 54 58 59 61 62 66 67 79 80 82 84 85 86 87 88 91 s
74 3 9 12 15 21 22 30 31 32 36 41 46 49 55 66 69 75 76 77 81 84 86 90 91 s
75 2 3 4 6 8 10 15 16 18 25 27 40 46 48 53 56 59 63 65 66 74 77 80 83 85 s
76 1 9 10 12 21 32 34 42 48 51 53 54 56 61 64 65 72 74 77 83 86 91 93 95 s
77 1 3 13 15 17 19 27 35 36 43 45 47 52 53 56 58 61 63 70 74 75 76 81 83 85 87 92 s
78 2 6 7 11 43 45 48 49 59 67 72 79 82 83 85 89 s
79 13 14 16 20 34 37 46 50 57 60 62 63 66 70 71 73 78 83 84 85 87 93 94 s
80 2 3 5 10 15 17 22 25 26 31 36 45 48 49 52 54 61 62 64 65 73 75 83 91 s
81 7 18 20 21 22 24 25 30 36 37 47 55 57 59 60 62 69 72 74 77 82 83 84 88 90 92 94 95 s
82 10 12 15 20 23 26 30 31 37 48 49 54 61 62 63 64 71 73 78 81 84 85 89 90 92 s
83 4 6 8 16 20 26 28 31 34 35 39 40 42 43 50 51 52 53 54 58 61 63 65 67 69 70 72 75 76 77 78 79 80 81 84 91 95 s
84 4 5 7 9 12 15 19 28 32 33 38 42 45 50 51 61 70 72 73 74 79 81 82 83 89 94 95 s
85 1 3 6 16 20 21 26 29 34 42 43 44 50 52 53 54 58 65 70 72 73 75 77 78 79 82 88 91 95 s
86 4 8 13 15 20 22 23 27 30 35 39 44 50 52 53 61 66 68 71 72 73 74 76 93 95 s
87 6 21 31 32 43 48 58 62 63 65 70 72 73 77 79 90 91 95 s
88 1 2 3 4 11 16 20 29 36 43 49 54 58 67 68 73 81 85 89 93 s
89 2 3 6 8 9 10 11 16 22 29 32 35 36 37 38 41 42 44 45 46 49 51 58 60 61 64 67 68 70 71 72 78 82 84 88 s
90 3 4 5 11 14 15 18 22 27 32 39 40 42 48 49 51 54 55 59 62 68 69 74 81 82 87 92 94 95 s
91 3 6 11 17 19 20 26 38 40 42 44 45 57 59 63 67 71 73 74 76 80 83 85 87 92 94 95 s
92 4 5 10 13 24 25 32 37 49 51 56 70 77 81 82 90 91 95 s
93 1 2 3 5 15 16 22 23 29 31 33 40 41 44 45 46 54 57 58 60 64 66 72 76 79 86 88 s
94 7 12 16 21 28 29 30 35 59 67 71 79 81 84 90 91 s
95 7 8 9 22 23 26 29 42 43 46 49 50 52 53 58 63 66 76 81 83 84 85 86 87 90 91 92 s
