1 6 10 13 14 16 24 25 34 37 44 46 53 55 64 65 67 70 80 85 90 s
2 3 5 7 8 12 17 22 23 32 35 40 45 52 56 64 68 71 74 77 78 81 84 88 90 91 s
3 2 8 30 39 47 52 54 56 57 59 60 68 74 77 81 83 85 s
4 6 11 16 20 26 28 32 34 37 39 42 44 45 51 56 59 70 76 77 78 82 84 88 90 95 s
5 2 11 13 14 16 17 18 25 29 35 36 51 56 67 72 74 75 76 79 81 83 85 87 88 90 s
6 1 4 15 26 27 28 30 34 37 52 53 56 57 60 67 72 75 77 83 92 95 s
7 2 10 16 17 22 24 25 26 32 33 40 44 48 49 66 69 70 80 81 85 91 92 s
8 2 3 10 13 14 16 17 21 22 28 35 38 39 41 42 44 45 54 55 68 69 70 71 74 82 84 86 90 s
9 10 13 18 19 20 27 37 38 40 45 48 50 57 61 63 69 74 76 80 88 90 92 93 94 s
10 1 7 8 9 18 28 36 37 38 44 45 49 50 53 56 57 65 72 73 77 78 79 81 85 89 91 s
11 4 5 14 16 21 22 26 28 31 32 33 40 41 42 47 61 68 70 71 72 73 79 90 s
12 2 13 14 15 17 26 28 30 36 46 56 57 60 61 65 66 69 73 74 80 81 84 91 s
13 1 5 8 9 12 14 17 22 24 29 47 49 50 53 58 59 60 61 64 68 69 70 75 76 82 83 84 86 87 88 89 94 95 s
14 1 5 8 11 12 13 16 20 22 24 33 35 40 46 48 49 55 65 69 72 78 83 93 94 s
15 6 12 17 24 25 27 29 30 38 47 48 52 54 64 65 66 71 86 89 92 95 s
16 1 4 5 7 8 11 14 19 21 22 27 34 35 37 41 42 43 45 52 59 60 61 62 63 79 82 86 89 91 94 95 s
17 2 5 7 8 12 13 15 25 32 35 43 44 46 50 52 59 67 82 85 91 s
18 5 9 10 19 20 24 25 37 38 40 44 45 46 47 54 55 56 59 67 77 78 82 83 94 95 s
19 9 16 18 20 27 30 31 36 52 57 65 69 75 76 80 82 83 84 87 88 90 92 94 95 s
20 4 9 14 18 19 22 25 28 36 39 48 58 61 69 71 75 76 79 82 84 90 92 93 95 s
21 8 11 16 22 23 27 32 37 46 48 52 62 66 70 76 79 80 82 87 90 93 95 s
22 2 7 8 11 13 14 16 20 21 34 35 36 45 52 62 63 71 73 76 82 87 90 91 92 93 94 s
23 2 21 24 27 28 34 36 37 39 42 46 49 50 57 60 61 65 67 74 75 76 77 80 81 86 88 s
24 1 7 13 14 15 18 23 28 30 33 37 40 42 53 64 68 70 71 72 75 84 90 s
25 1 5 7 15 17 18 20 26 34 39 41 43 46 53 57 59 60 69 72 74 76 83 85 93 s
26 4 6 7 11 12 25 29 30 32 34 35 38 41 42 43 44 47 53 54 56 59 65 67 71 76 77 78 81 89 91 92 s
27 6 9 15 16 19 21 23 30 31 36 43 52 61 64 69 70 74 77 78 80 82 93 s
28 4 6 8 10 11 12 20 23 24 36 39 47 49 52 53 57 60 64 67 72 73 76 77 82 86 91 95 s
29 5 13 15 26 37 39 40 41 43 57 61 63 66 71 77 80 82 85 86 91 s
30 3 6 12 15 19 24 26 27 32 33 43 46 49 50 56 57 60 62 63 66 71 72 73 77 79 85 88 90 s
31 11 19 27 32 37 42 44 60 63 65 66 73 75 80 81 88 89 95 s
32 2 4 7 11 17 21 26 30 31 41 43 47 48 51 53 54 56 61 63 68 72 82 85 86 90 s
33 7 11 14 24 30 42 43 58 60 62 63 66 67 70 80 81 83 85 88 91 s
34 1 4 6 16 22 23 25 26 41 48 53 59 63 64 69 74 75 80 82 s
35 2 5 8 14 16 17 22 26 42 48 54 57 66 74 75 76 81 86 90 94 s
36 5 10 12 19 20 22 23 27 28 39 41 47 48 50 55 56 60 64 74 75 79 80 91 s
37 1 4 6 9 10 16 18 21 23 24 29 31 43 46 49 50 53 54 55 57 59 65 68 70 72 76 79 81 87 s
38 8 9 10 15 18 26 40 41 42 44 45 46 47 50 52 56 70 74 77 89 92 94 s
39 3 4 8 20 23 25 28 29 36 51 52 54 61 69 77 80 81 84 85 86 93 s
40 2 7 9 11 14 18 24 29 38 41 42 45 46 54 58 59 62 66 68 72 73 78 82 84 86 87 90 91 94 95 s
41 8 11 16 25 26 29 32 34 36 38 40 42 44 51 53 54 56 58 64 65 67 68 80 84 90 95 s
42 4 8 11 16 23 24 26 31 33 35 38 40 41 45 48 51 55 61 75 77 78 80 82 84 85 91 93 94 s
43 16 17 25 26 27 29 30 32 33 37 45 46 55 56 58 59 61 64 70 73 77 78 80 91 93 94 95 s
44 1 4 7 8 10 17 18 26 31 38 41 45 46 47 49 53 59 60 62 66 77 81 88 92 s
45 2 4 8 9 10 16 18 22 38 40 42 43 44 48 60 61 63 64 69 70 73 75 80 82 85 93 95 s
46 1 12 14 17 18 21 23 25 30 37 38 40 43 44 51 52 55 59 76 77 85 88 91 93 s
47 3 11 13 15 18 26 28 32 36 38 44 49 53 61 65 67 69 70 71 73 76 80 84 86 89 s
48 7 9 14 15 20 21 32 34 35 36 42 45 55 60 64 65 68 70 75 78 80 90 94 s
49 7 10 13 14 23 28 30 37 44 47 51 52 53 57 66 68 72 73 75 78 80 88 89 90 s
50 9 10 13 17 23 30 36 37 38 51 54 58 63 65 71 72 73 74 76 86 87 s
51 4 5 32 39 41 42 46 49 50 55 64 65 70 72 74 75 76 87 92 94 s
52 2 3 6 15 16 17 19 21 22 27 28 38 39 46 49 60 61 63 67 70 72 76 83 88 93 94 s
53 1 6 10 13 24 25 26 28 32 34 37 41 44 47 49 54 56 61 66 69 71 74 79 81 82 86 94 s
54 3 8 15 18 26 32 35 37 39 40 41 50 53 61 66 67 68 76 80 88 90 92 s
55 1 8 14 18 36 37 42 43 46 48 51 65 67 71 78 84 92 94 95 s
56 2 3 4 5 6 10 12 18 26 30 32 36 38 41 43 53 58 60 63 65 70 77 84 85 88 94 s
57 3 6 9 10 12 19 23 25 28 29 30 35 37 49 66 67 68 72 75 77 79 86 87 s
58 13 20 33 40 41 43 50 56 59 60 64 65 67 70 74 75 76 77 82 83 86 88 89 91 94 s
59 3 4 13 16 17 18 25 26 34 37 40 43 44 46 58 60 64 65 66 73 76 77 78 79 90 91 92 s
60 3 6 12 13 16 23 25 28 30 31 33 36 44 45 48 52 56 58 59 64 67 72 77 80 81 s
61 9 11 12 13 16 20 23 27 29 32 39 42 43 45 47 52 53 54 64 65 66 70 74 76 87 89 91 92 93 s
62 16 21 22 30 33 40 44 63 67 69 71 73 74 78 80 83 85 s
63 9 16 22 29 30 31 32 33 34 45 50 52 56 62 70 71 81 85 86 91 95 s
64 1 2 13 15 24 27 28 34 36 41 43 45 48 51 58 59 60 61 72 75 77 81 86 87 89 91 94 s
65 1 10 12 14 15 19 23 26 31 37 41 47 48 50 51 55 56 58 59 61 66 69 73 83 85 89 95 s
66 7 12 15 21 29 30 31 33 35 40 44 49 53 54 57 59 61 65 67 70 71 72 73 82 83 89 93 95 s
67 1 5 6 17 18 23 26 28 33 41 47 52 54 55 57 58 60 62 66 69 71 74 76 81 86 90 92 95 s
68 2 3 8 11 13 24 32 37 40 41 48 49 54 57 69 70 72 73 74 88 90 s
69 7 8 9 12 13 14 19 20 25 27 34 39 45 47 53 62 65 67 68 70 71 72 74 82 86 89 90 s
70 1 4 7 8 11 13 21 24 27 33 37 38 43 45 47 48 51 52 56 58 61 63 66 68 69 71 75 77 82 90 s
71 2 8 11 15 20 22 24 26 29 30 47 50 53 55 62 63 66 67 69 70 75 78 86 93 94 s
72 5 6 10 11 14 24 25 28 30 32 37 40 49 50 51 52 57 60 64 66 68 69 81 85 92 s
73 10 11 12 22 28 30 31 40 43 45 47 49 50 59 62 65 66 68 76 78 79 82 89 91 93 s
74 2 3 5 8 9 12 23 25 27 34 35 36 38 50 51 53 58 61 62 67 68 69 76 85 86 87 88 89 94 s
75 5 6 13 19 20 23 24 31 34 35 36 42 45 48 49 51 57 58 64 70 71 79 84 86 88 89 90 s
76 4 5 9 13 19 20 21 22 23 25 26 28 35 37 46 47 50 51 52 54 58 59 61 67 73 74 79 82 83 89 91 94 s
77 2 3 4 6 10 18 23 26 27 28 29 30 38 39 42 43 44 46 56 57 58 59 60 64 70 85 91 94 s
78 2 4 10 14 18 26 27 40 42 43 48 49 55 59 62 71 73 81 83 86 91 92 s
79 5 10 11 16 20 21 30 36 37 53 57 59 73 75 76 82 84 85 86 92 94 s
80 1 7 9 12 19 21 23 27 29 31 33 34 36 39 41 42 43 45 47 48 49 54 60 62 82 84 89 94 s
81 2 3 5 7 10 12 23 26 31 33 35 37 39 44 53 60 63 64 67 72 78 83 88 89 92 94 95 s
82 4 8 13 16 17 18 19 20 21 22 27 28 29 32 34 40 42 45 53 58 66 69 70 73 76 79 80 85 88 92 s
83 3 5 6 13 14 18 19 25 33 52 58 62 65 66 76 78 81 91 92 s
84 2 4 8 12 13 19 20 24 39 40 41 42 47 55 56 75 79 80 87 s
85 1 3 5 7 10 17 25 29 30 32 33 39 42 45 46 56 62 63 65 72 74 77 79 82 87 92 93 s
86 8 13 15 16 23 28 29 32 35 39 40 47 50 53 57 58 63 64 67 69 71 74 75 78 79 87 88 94 s
87 5 13 19 21 22 37 40 50 51 57 61 64 74 84 85 86 89 92 s
88 2 4 5 9 13 19 23 30 31 33 44 46 49 52 54 56 58 68 74 75 81 82 86 90 94 s
89 10 13 15 16 26 31 38 47 49 58 61 64 65 66 69 73 74 75 76 80 81 87 90 91 s
90 1 2 4 5 8 9 11 19 20 21 22 24 30 32 35 40 41 48 49 54 59 67 68 69 70 75 88 89 91 94 s
91 2 7 10 12 16 17 22 26 28 29 33 36 40 42 43 46 58 59 61 63 64 73 76 77 78 83 89 90 92 93 s
92 6 7 9 15 19 20 22 26 38 44 51 54 55 59 61 67 72 78 79 81 82 83 85 87 91 93 94 95 s
93 9 14 20 21 22 25 27 39 42 43 45 46 52 61 66 71 73 85 91 92 94 95 s
94 9 13 14 16 18 19 22 35 38 40 42 43 48 51 52 53 55 56 58 64 71 74 76 77 79 80 81 86 88 90 92 93 s
95 4 6 13 15 16 18 19 20 21 28 31 40 41 43 45 55 63 65 66 67 81 92 93 s
