1 2 4 8 17 20 21 25 26 27 31 34 44 46 47 50 52 57 60 63 65 66 67 75 76 80 81 82 92 s
2 1 4 10 13 17 22 23 25 26 30 33 38 40 41 46 54 55 58 65 67 71 72 73 75 77 79 80 83 87 92 93 s
3 7 9 19 20 21 22 25 27 36 43 47 48 50 51 58 59 62 66 67 71 72 77 79 89 91 93 s
4 1 2 5 11 13 15 19 20 23 27 29 36 40 46 50 54 56 59 71 73 75 78 80 81 82 87 90 s
5 4 10 12 13 15 16 22 26 30 31 32 37 40 53 58 60 64 65 66 70 72 74 77 82 83 85 86 89 s
6 10 11 18 24 25 29 31 33 36 50 52 54 55 58 60 63 68 74 77 80 87 88 93 s
7 3 9 22 23 31 32 33 37 39 46 47 49 50 54 55 56 59 66 69 76 84 86 88 89 93 94 95 s
8 1 10 18 20 23 25 27 28 39 40 41 45 49 51 52 53 60 65 66 72 77 81 85 87 91 s
9 3 7 12 16 17 22 24 31 36 40 41 42 58 62 64 66 67 72 73 76 77 79 81 87 92 93 94 s
10 2 5 6 8 11 13 15 16 20 29 30 32 33 35 36 37 41 43 48 50 52 58 68 77 79 80 83 85 92 s
11 4 6 10 14 17 18 21 26 30 31 33 35 42 44 48 54 56 57 61 63 69 70 71 75 77 79 82 83 88 95 s
12 5 9 18 25 26 27 29 30 34 37 40 44 48 49 54 57 58 59 69 78 82 86 90 91 94 s
13 2 4 5 10 17 21 22 24 25 31 32 40 51 52 56 59 61 64 68 72 74 75 76 79 80 84 86 89 s
14 11 16 23 25 27 28 33 38 42 43 44 47 49 52 53 55 56 59 64 69 76 78 81 82 90 91 95 s
15 4 5 10 20 22 24 32 37 47 55 63 65 67 72 74 77 79 81 84 86 87 94 95 s
16 5 9 10 14 20 26 30 33 36 49 50 52 56 58 61 65 72 78 81 83 88 89 90 93 s
17 1 2 9 11 13 19 24 25 29 31 39 40 46 50 52 57 68 71 74 76 86 89 90 95 s
18 6 8 11 12 20 21 29 31 32 33 36 38 46 47 52 59 60 63 64 70 72 74 76 80 85 89 91 92 s
19 3 4 17 28 33 35 36 37 41 43 47 49 51 52 55 56 57 59 61 63 68 70 72 74 75 77 78 82 84 85 91 95 s
20 1 3 4 8 10 15 16 18 24 25 26 29 34 40 46 52 53 54 63 65 67 72 74 78 79 80 84 91 93 s
21 1 3 11 13 18 22 23 28 31 33 45 46 47 49 52 54 55 57 60 74 75 76 78 80 82 86 94 s
22 2 3 5 7 9 13 15 21 24 27 28 35 41 44 59 64 65 66 69 75 77 78 85 86 87 93 95 s
23 2 4 7 8 14 21 33 34 36 40 42 43 62 66 71 72 73 81 94 s
24 6 9 13 15 17 20 22 27 29 39 41 43 45 47 48 52 54 57 60 62 65 69 70 74 82 86 88 89 90 91 95 s
25 1 2 3 6 8 12 13 14 17 20 32 33 34 39 43 47 50 52 57 63 64 66 70 77 78 81 86 90 93 s
26 1 2 5 11 12 16 20 28 32 34 36 37 38 40 42 43 48 49 50 55 57 60 63 64 66 68 70 75 76 79 84 86 89 s
27 1 3 4 8 12 14 22 24 29 31 35 40 42 43 45 48 53 69 71 73 75 76 79 80 81 84 88 90 s
28 8 14 19 21 22 26 32 38 39 41 45 53 57 58 59 60 61 65 76 77 78 81 87 88 91 94 s
29 4 6 10 12 17 18 20 24 27 32 45 56 61 65 66 67 73 76 79 83 84 85 88 89 91 s
30 2 5 10 11 12 16 36 37 42 43 47 48 51 52 55 56 62 65 72 75 76 79 80 81 s
31 1 5 6 7 9 11 13 17 18 21 27 35 43 46 47 48 60 62 64 66 67 75 76 77 79 82 88 92 94 s
32 5 7 10 13 15 18 25 26 28 29 36 39 44 45 50 52 59 62 66 67 75 76 77 84 89 s
33 2 6 7 10 11 14 16 18 19 21 23 25 35 43 44 46 50 51 52 53 58 62 64 72 73 75 87 92 93 s
34 1 12 20 23 25 26 37 38 43 45 49 52 55 63 77 93 95 s
35 10 11 19 22 27 31 33 36 37 38 45 47 48 50 52 55 83 85 86 88 95 s
36 3 4 6 9 10 16 18 19 23 26 30 32 35 37 38 40 46 57 60 63 66 81 84 95 s
37 5 7 10 12 15 19 26 30 34 35 36 38 40 42 43 48 74 76 77 82 89 91 s
38 2 14 18 26 28 34 35 36 37 39 41 42 52 54 55 56 57 58 60 62 64 69 74 76 79 85 88 89 90 s
39 7 8 17 24 25 28 32 38 40 42 44 47 50 51 56 65 71 75 81 86 89 94 s
40 2 4 5 8 9 12 13 17 20 23 26 27 36 37 39 42 54 57 60 77 86 91 s
41 2 8 9 10 19 22 24 28 38 42 45 48 62 63 74 79 93 s
42 9 11 14 23 26 27 30 37 38 39 40 41 43 47 51 52 54 58 61 63 64 71 72 73 79 85 90 s
43 3 10 14 19 23 24 25 26 27 30 31 33 34 37 42 44 45 48 49 50 52 61 63 70 78 80 85 87 88 89 91 94 s
44 1 11 12 14 22 32 33 39 43 48 49 54 55 56 58 61 62 69 70 76 86 90 92 s
45 8 21 24 27 28 29 32 34 35 41 43 48 50 54 55 65 69 75 76 81 84 88 92 93 s
46 1 2 4 7 17 18 20 21 31 33 36 47 49 55 57 61 62 66 69 75 88 89 90 s
47 1 3 7 14 15 18 19 21 24 25 30 31 35 39 42 46 49 56 61 62 63 71 78 86 87 95 s
48 3 10 11 12 24 26 27 30 31 35 37 41 43 44 45 50 56 61 63 71 82 84 88 89 93 s
49 7 8 12 14 16 19 21 26 34 43 44 46 47 52 54 63 75 79 83 84 88 89 95 s
50 1 3 4 6 7 10 16 17 25 26 32 33 35 39 43 45 48 53 62 67 69 70 75 82 84 94 s
51 3 8 13 19 30 33 39 42 57 59 62 63 68 70 83 84 86 89 90 91 s
52 1 6 8 10 13 14 16 17 18 19 20 21 24 25 30 32 33 34 35 38 42 43 49 64 68 70 73 80 s
53 5 8 14 20 27 28 33 50 55 62 64 69 70 79 81 89 91 s
54 2 4 6 7 11 12 20 21 24 38 40 42 44 45 49 56 59 61 67 70 85 88 89 95 s
55 2 6 7 14 15 19 21 26 30 34 35 38 44 45 46 53 56 67 72 77 78 81 83 84 85 86 91 s
56 4 7 11 13 14 16 19 29 30 38 39 44 47 48 54 55 58 59 61 65 67 68 72 75 77 88 89 91 93 s
57 1 11 12 17 19 21 24 25 26 28 36 38 40 46 51 60 63 82 83 89 90 s
58 2 3 5 6 9 10 12 16 28 33 38 42 44 56 61 64 65 76 79 85 92 s
59 3 4 7 12 13 14 18 19 22 28 32 51 54 56 63 69 70 79 81 86 93 s
60 1 5 6 8 18 21 24 26 28 31 36 38 40 57 61 63 66 69 70 73 77 85 86 s
61 11 13 16 19 28 29 42 43 44 46 47 48 54 56 58 60 68 71 74 77 83 s
62 3 9 23 24 30 31 32 33 38 41 44 46 47 50 51 53 68 71 72 73 84 89 91 94 s
63 1 6 11 15 18 19 20 25 26 34 36 41 42 43 47 48 49 51 57 59 60 64 68 69 71 77 82 83 s
64 5 9 13 14 18 22 25 26 31 33 38 42 52 53 58 63 65 66 68 71 77 87 92 93 94 s
65 1 2 5 8 15 16 20 22 24 28 29 30 39 45 56 58 64 66 69 74 77 78 82 88 s
66 1 3 5 7 8 9 22 23 25 26 29 31 32 36 46 60 64 65 70 72 77 83 87 91 93 s
67 1 2 3 9 15 20 29 31 32 50 54 55 56 68 70 71 74 75 76 77 85 86 s
68 6 10 13 17 19 26 51 52 56 61 62 63 64 67 75 79 82 84 85 86 87 90 92 s
69 7 11 12 14 22 24 27 38 44 45 46 50 53 59 60 63 65 70 73 74 79 82 90 94 s
70 5 11 18 19 24 25 26 43 44 50 51 52 53 54 59 60 66 67 69 82 84 87 89 91 95 s
71 2 3 4 11 17 23 27 39 42 47 48 61 62 63 64 67 75 84 86 93 s
72 2 3 5 8 9 13 15 16 18 19 20 23 30 33 42 55 56 62 66 73 76 81 85 92 93 s
73 2 4 9 23 27 29 33 42 52 60 62 69 72 74 78 81 83 87 92 s
74 5 6 13 15 17 18 19 20 21 24 37 38 41 61 65 67 69 73 83 90 91 94 s
75 1 2 4 11 13 19 21 22 26 27 30 31 32 33 39 45 46 49 50 56 67 68 71 82 87 90 95 s
76 1 7 9 13 14 17 18 21 26 27 28 29 30 31 32 37 38 44 45 58 67 72 79 88 95 s
77 2 3 5 6 8 9 10 11 15 19 22 25 28 31 32 34 37 40 55 56 60 61 63 64 65 66 67 78 79 90 91 94 s
78 4 12 14 16 19 20 21 22 25 28 43 47 55 65 73 77 83 89 91 93 s
79 2 3 9 10 11 13 15 20 26 27 29 30 31 38 41 42 49 53 58 59 68 69 76 77 83 90 92 s
80 1 2 4 6 10 13 18 20 21 27 30 43 52 82 84 85 87 89 92 93 95 s
81 1 4 8 9 14 15 16 23 25 27 28 30 36 39 45 53 55 59 72 73 83 94 95 s
82 1 4 5 11 12 14 19 21 24 31 37 48 50 57 63 65 68 69 70 75 80 83 84 89 91 92 s
83 2 5 10 11 16 29 35 49 51 55 57 61 63 66 73 74 78 79 81 82 87 91 s
84 7 13 15 19 20 26 27 29 32 36 45 48 49 50 51 55 62 68 70 71 80 82 90 95 s
85 5 8 10 18 19 22 29 35 38 42 43 54 55 58 60 67 68 72 80 89 94 s
86 5 7 12 13 15 17 21 22 24 25 26 35 39 40 44 47 51 55 59 60 67 68 71 95 s
87 2 4 6 8 9 15 22 28 33 43 47 64 66 68 70 73 75 80 83 s
88 6 7 11 16 24 27 28 29 31 35 38 43 45 46 48 49 54 56 65 76 91 94 95 s
89 3 5 7 13 16 17 18 24 26 29 32 37 38 39 43 46 48 49 51 53 54 56 57 62 70 78 80 82 85 95 s
90 4 12 14 16 17 24 25 27 38 42 44 46 51 57 68 69 74 75 77 79 84 94 95 s
91 3 8 12 14 18 19 20 24 28 29 37 40 43 51 53 55 56 62 66 70 74 77 78 82 83 88 92 s
92 1 2 9 10 18 31 33 44 45 58 64 68 72 73 79 80 82 91 s
93 2 3 6 7 9 16 20 22 25 33 34 41 45 48 56 59 64 66 71 72 78 80 95 s
94 7 9 12 15 21 23 28 31 39 43 50 62 64 69 74 77 81 85 88 90 95 s
95 7 11 14 15 17 19 22 24 34 35 36 47 49 54 70 75 76 80 81 84 86 88 89 90 93 94 s
