1 2 5 7 9 10 15 16 18 19 20 21 24 25 26 31 33 34 37 38 39 40 41 43 47 48 50 51 53 54 57 58 60 61 62 63 64 65 67 74 75 79 80 82 83 84 85 89 91 94 95 s
2 1 5 8 9 10 12 13 17 19 20 24 25 27 29 30 31 32 37 40 41 42 47 50 52 53 56 59 61 64 66 67 68 72 74 76 78 81 83 85 86 89 90 92 s
3 5 6 7 8 11 13 16 17 18 19 20 21 25 28 37 39 41 44 45 48 51 52 53 54 57 60 61 64 65 67 70 72 75 79 80 81 82 83 84 87 90 91 93 94 s
4 5 6 10 12 15 16 20 21 25 26 28 32 33 34 36 37 38 39 43 45 46 48 49 52 53 54 60 61 62 63 64 67 68 70 72 77 78 80 86 89 90 91 93 95 s
5 1 2 3 4 8 10 12 13 15 16 17 19 20 27 29 31 34 35 36 39 41 42 43 45 46 48 49 53 54 56 59 61 63 64 67 70 71 72 74 76 77 78 79 82 86 87 88 91 93 94 95 s
6 3 4 8 9 10 14 22 24 26 27 30 32 35 36 40 41 42 45 47 48 51 52 57 60 61 62 64 65 66 71 73 74 76 78 82 84 89 90 95 s
7 1 3 9 12 13 16 17 19 23 25 28 29 30 31 34 35 36 37 39 40 44 45 50 52 55 59 62 63 64 65 67 70 72 73 76 77 82 83 84 85 86 88 90 92 93 95 s
8 2 3 5 6 10 13 14 16 17 18 19 23 24 26 27 30 31 32 34 35 36 39 40 43 45 48 52 53 55 56 57 61 62 63 65 68 71 75 77 78 79 80 81 82 84 85 87 89 90 92 93 94 s
9 1 2 6 7 13 15 16 17 18 19 20 24 25 27 28 29 30 31 32 34 35 37 38 40 41 44 49 51 52 53 56 59 60 67 68 70 71 72 74 75 76 79 80 81 83 86 87 88 92 93 94 95 s
10 1 2 4 5 6 8 17 18 21 23 24 27 28 32 35 36 37 38 39 41 43 44 47 49 52 53 54 55 57 58 60 61 62 63 64 67 68 69 71 72 75 79 80 82 84 85 86 87 88 91 92 93 94 s
11 3 12 23 28 31 35 36 37 40 43 44 46 49 50 53 55 56 58 62 65 72 73 75 78 80 82 84 86 87 89 90 91 s
12 2 4 5 7 11 13 15 16 18 20 21 24 26 30 31 32 33 37 38 39 41 42 45 49 50 51 52 53 54 56 57 58 59 60 61 62 64 66 67 69 70 73 77 85 88 89 90 91 94 s
13 2 3 5 7 8 9 12 15 16 17 21 23 24 26 28 30 31 32 34 35 36 37 39 40 43 47 48 53 55 59 61 62 65 66 67 68 69 70 71 73 75 77 79 83 84 85 87 88 90 92 93 94 s
14 6 8 15 17 18 20 22 25 26 31 32 35 36 38 41 42 43 44 45 46 48 51 59 60 62 65 66 67 69 71 73 75 77 78 79 83 84 85 86 88 89 91 92 94 95 s
15 1 4 5 9 12 13 14 16 18 21 24 26 29 31 36 37 38 40 41 42 45 46 47 48 49 50 55 56 57 58 59 61 62 63 65 66 68 69 70 72 73 78 80 81 86 87 92 95 s
16 1 3 4 5 7 8 9 12 13 15 17 18 20 24 26 28 31 34 39 40 41 42 45 46 47 48 50 53 55 58 59 61 62 66 68 71 72 75 76 77 79 82 83 85 86 88 91 93 95 s
17 2 3 5 7 8 9 10 13 14 16 18 26 27 31 32 35 36 40 42 46 49 50 51 52 54 57 59 60 61 63 64 65 66 68 70 73 80 84 85 87 94 s
18 1 3 8 9 10 12 14 15 16 17 19 20 22 26 28 30 34 35 36 37 38 40 43 44 46 47 51 53 55 60 61 64 65 67 71 83 84 86 89 90 91 92 93 94 95 s
19 1 2 3 5 7 8 9 18 20 24 25 28 30 31 35 36 41 43 45 47 49 51 53 59 63 64 66 70 75 77 80 83 84 87 90 91 92 s
20 1 2 3 4 5 9 12 14 16 18 19 22 26 27 29 30 31 32 34 36 40 41 42 43 44 46 47 50 51 53 54 58 60 61 67 68 69 71 74 76 77 79 80 81 82 83 88 89 90 92 93 95 s
21 1 3 4 10 12 13 15 24 28 30 31 32 34 35 37 40 43 44 45 46 47 50 51 52 53 56 57 59 63 68 69 70 71 72 74 75 76 78 79 82 83 85 88 92 s
22 6 14 18 20 23 25 28 29 31 36 39 40 41 42 43 45 48 49 51 52 53 56 57 58 59 61 64 65 67 69 70 73 79 80 82 84 85 86 89 93 94 s
23 7 8 10 11 13 22 28 30 31 32 34 35 36 39 40 42 43 45 46 47 49 52 53 55 56 60 61 63 66 67 69 70 71 72 74 75 76 79 80 83 84 86 89 92 94 s
24 1 2 6 8 9 10 12 13 15 16 19 21 25 26 27 28 29 30 31 32 33 35 44 45 47 48 49 50 59 62 63 64 67 68 69 72 74 75 77 78 79 80 81 82 84 86 91 94 s
25 1 2 3 4 7 9 14 19 22 24 27 30 32 33 34 35 37 39 40 41 42 48 49 50 53 55 57 58 59 61 62 63 64 67 69 71 72 73 76 79 82 83 84 85 88 91 93 94 95 s
26 1 4 6 8 12 13 14 15 16 17 18 20 24 31 33 34 35 42 44 45 46 47 49 53 55 56 59 62 63 72 74 79 81 82 83 84 88 90 91 92 93 s
27 2 5 6 8 9 10 17 20 24 25 29 31 34 35 37 40 41 43 45 47 49 53 55 56 59 60 61 62 64 65 67 68 71 72 77 78 82 87 91 92 93 94 95 s
28 3 4 7 9 10 11 13 16 18 19 21 22 23 24 30 31 33 39 42 43 44 46 47 49 51 52 54 55 57 59 66 69 72 73 74 75 76 77 78 82 85 91 93 94 s
29 2 5 7 9 15 20 22 24 27 30 32 33 35 37 39 40 41 43 44 45 49 50 51 55 57 58 59 65 67 68 76 80 81 82 86 87 89 93 95 s
30 2 6 7 8 9 12 13 18 19 20 21 23 24 25 28 29 31 33 34 35 36 39 40 43 46 49 53 54 57 59 60 62 64 70 73 78 79 82 86 88 91 93 s
31 1 2 5 7 8 9 11 12 13 14 15 16 17 19 20 21 22 23 24 26 27 28 30 32 35 39 41 43 48 49 50 52 54 55 60 62 64 66 68 73 75 78 79 81 82 84 85 87 89 90 94 95 s
32 2 4 6 8 9 10 12 13 14 17 20 21 23 24 25 29 31 33 34 36 38 41 43 44 48 50 51 53 54 55 59 60 62 63 68 72 74 76 78 79 80 81 82 83 85 86 87 89 91 92 93 94 95 s
33 1 4 12 24 25 26 28 29 30 32 34 37 38 43 45 46 51 53 56 57 61 62 63 67 69 71 75 80 82 83 84 85 90 91 94 95 s
34 1 4 5 7 8 9 13 16 18 20 21 23 25 26 27 30 32 33 35 40 42 47 48 49 53 54 55 57 58 59 61 62 64 68 70 73 77 79 80 84 88 90 92 94 s
35 5 6 7 8 9 10 11 13 14 17 18 19 21 23 24 25 26 27 29 30 31 34 37 38 42 43 44 45 46 49 51 60 63 65 68 70 74 75 78 80 81 82 83 85 86 88 89 90 91 93 94 95 s
36 4 5 6 7 8 10 11 13 14 15 17 18 19 20 22 23 30 32 42 43 45 46 47 48 50 51 52 53 54 56 59 61 64 65 67 69 72 74 76 77 78 79 82 85 91 93 94 s
37 1 2 3 4 7 9 10 11 12 13 15 18 21 25 27 29 33 35 40 41 42 43 45 46 47 48 49 52 53 56 57 59 61 64 65 67 69 70 71 72 74 76 79 80 81 83 84 86 88 90 92 93 94 s
38 1 4 9 10 12 14 15 18 32 33 35 40 42 45 46 49 50 51 56 57 58 63 64 67 72 74 76 78 79 80 83 84 86 87 89 92 s
39 1 3 4 5 7 8 10 12 13 16 22 23 25 28 29 30 31 42 43 45 47 48 51 53 54 56 59 60 62 63 64 65 67 69 70 72 75 76 77 78 82 83 84 85 87 88 91 92 94 95 s
40 1 2 6 7 8 9 11 13 15 16 17 18 20 21 22 23 25 27 29 30 34 37 38 41 44 45 46 48 55 58 59 61 64 66 67 68 70 73 74 75 76 77 80 82 85 86 87 90 93 94 s
41 1 2 3 5 6 9 10 12 14 15 16 19 20 22 25 27 29 31 32 37 40 42 43 44 48 50 51 52 53 54 56 57 58 60 61 62 63 64 65 66 70 71 72 78 79 80 82 83 84 85 86 87 88 90 91 93 s
42 2 5 6 12 14 15 16 17 20 22 23 25 26 28 34 35 36 37 38 39 41 44 46 48 50 52 53 57 59 62 65 66 68 71 73 74 75 76 78 82 83 84 86 88 92 93 s
43 1 4 5 8 10 11 13 14 18 19 20 21 22 23 27 28 29 30 31 32 33 35 36 37 39 41 44 46 48 49 58 59 60 61 64 70 71 73 74 75 76 77 79 80 82 83 84 85 87 88 89 90 94 s
44 3 7 9 10 11 14 18 20 21 24 26 28 29 32 35 40 41 42 43 47 49 50 52 55 59 60 63 65 68 70 71 74 75 77 78 79 82 83 84 85 86 87 89 s
45 3 4 5 6 7 8 12 14 15 16 19 21 22 23 24 26 27 29 33 35 36 37 38 39 40 49 52 55 57 59 61 62 63 65 66 68 69 70 73 74 75 77 79 80 82 83 86 87 89 90 91 92 93 s
46 4 5 11 14 15 16 17 18 20 21 23 26 28 30 33 35 36 37 38 40 42 43 47 52 54 55 59 64 67 68 71 74 76 77 78 81 84 85 87 90 93 94 s
47 1 2 6 10 13 15 16 18 19 20 21 23 24 26 27 28 34 36 37 39 44 46 48 50 51 53 54 56 57 61 62 63 64 65 66 68 70 72 73 74 75 78 79 80 81 83 86 87 92 93 s
48 1 3 4 5 6 8 13 14 15 16 22 24 25 31 32 34 36 37 39 40 41 42 43 47 52 53 54 55 57 58 59 62 64 68 72 73 75 77 78 89 90 91 93 s
49 4 5 9 10 11 12 15 17 19 22 23 24 25 26 27 28 29 30 31 34 35 37 38 43 44 45 50 52 56 58 61 63 64 65 67 68 69 70 72 75 76 79 80 81 84 88 91 92 94 95 s
50 1 2 7 11 12 15 16 17 20 21 24 25 29 31 32 36 38 41 42 44 47 49 55 56 59 60 62 63 64 65 66 68 70 72 74 78 79 81 82 85 86 87 89 90 93 95 s
51 1 3 6 9 12 14 17 18 19 20 21 22 28 29 32 33 35 36 38 39 41 47 55 56 57 60 64 65 66 68 72 77 78 81 82 83 85 86 88 91 s
52 2 3 4 6 7 8 9 10 12 17 21 22 23 28 31 36 37 41 42 44 45 46 48 49 53 54 55 56 57 58 61 62 63 64 65 66 68 69 71 72 73 74 75 78 79 80 82 84 87 88 89 91 92 s
53 1 2 3 4 5 8 9 10 11 12 13 16 18 19 20 21 22 23 25 26 27 30 32 33 34 36 37 39 41 42 47 48 52 56 60 65 66 67 69 70 72 73 74 75 76 77 78 80 82 83 84 87 88 89 92 93 94 s
54 1 3 4 5 10 12 17 20 28 30 31 32 34 36 39 41 46 47 48 52 55 61 62 64 68 69 75 80 81 82 83 86 92 s
55 7 8 10 11 13 15 16 18 23 25 26 27 28 29 31 32 34 40 44 45 46 48 50 51 52 54 56 57 58 60 62 63 65 67 68 71 77 79 81 82 84 85 86 94 95 s
56 2 5 8 9 11 12 15 21 22 23 26 27 33 36 37 38 39 41 47 49 50 51 52 53 55 57 58 61 62 63 64 66 67 68 69 70 73 77 78 79 80 82 84 85 87 88 90 91 93 s
57 1 3 6 8 10 12 15 17 21 22 25 28 29 30 33 34 37 38 41 42 45 47 48 51 52 55 56 58 61 63 65 67 79 81 84 86 88 95 s
58 1 10 11 12 15 16 20 22 25 29 34 38 40 41 43 48 49 52 55 56 57 60 65 66 69 70 74 75 77 78 80 84 87 89 91 94 95 s
59 2 5 7 9 12 13 14 15 16 17 19 21 22 24 25 26 27 28 29 30 32 34 36 37 39 40 42 43 44 45 46 48 50 61 62 66 68 70 74 75 78 80 82 86 88 91 93 s
60 1 3 4 6 9 10 12 14 17 18 20 23 27 30 31 32 35 39 41 43 44 50 51 53 55 58 62 65 69 71 72 74 75 77 80 82 84 85 88 89 90 93 94 95 s
61 1 2 3 4 5 6 8 10 12 13 15 16 17 18 20 22 23 25 27 33 34 36 37 40 41 43 45 47 49 52 54 56 57 59 62 63 64 65 66 67 71 72 73 74 75 76 78 83 85 87 91 92 94 s
62 1 4 6 7 8 10 11 12 13 14 15 16 24 25 26 27 30 31 32 33 34 39 41 42 45 47 48 50 52 54 55 56 59 60 61 63 64 69 70 72 73 74 75 77 83 84 89 90 94 s
63 1 4 5 7 8 10 15 17 19 21 23 24 25 26 32 33 35 38 39 41 44 45 47 49 50 52 55 56 57 61 62 65 73 74 76 77 80 82 83 84 86 88 90 91 92 94 s
64 1 2 3 4 5 6 7 10 12 17 18 19 22 24 25 27 30 31 34 36 37 38 39 40 41 43 46 47 48 49 50 51 52 54 56 61 62 65 70 74 75 76 77 78 80 82 84 85 90 91 92 93 94 95 s
65 1 3 6 7 8 11 13 14 15 17 18 22 27 29 35 36 37 39 41 42 44 45 47 49 50 51 52 53 55 57 58 60 61 63 64 67 69 74 75 78 80 81 82 85 88 89 94 95 s
66 2 6 12 13 14 15 16 17 19 23 28 31 40 41 42 45 47 50 51 52 53 56 58 59 61 68 69 70 71 74 76 80 82 84 85 86 87 90 91 92 93 95 s
67 1 2 3 4 5 7 9 10 12 13 14 18 20 22 23 24 25 27 29 33 36 37 38 39 40 46 49 53 55 56 57 61 65 68 69 72 73 74 79 91 s
68 2 4 8 9 10 13 15 16 17 20 21 24 27 29 31 32 34 35 40 42 44 45 46 47 48 49 50 51 52 54 55 56 59 66 67 70 71 75 77 78 80 83 84 85 86 87 88 89 93 94 95 s
69 10 12 13 14 15 20 21 22 23 24 25 28 33 36 37 39 45 49 52 53 54 56 58 60 62 65 66 67 70 72 74 83 84 85 86 88 89 90 91 92 93 94 s
70 3 4 5 7 9 12 13 15 17 19 21 22 23 30 34 35 37 39 40 41 43 44 45 47 49 50 53 56 58 59 62 64 66 68 69 72 79 81 86 87 88 s
71 5 6 8 9 10 13 14 16 18 20 21 23 25 27 33 37 41 42 43 44 46 52 55 60 61 66 68 72 73 74 75 76 81 82 84 87 88 91 92 95 s
72 2 3 4 5 7 9 10 11 15 16 21 23 24 25 26 27 28 32 36 37 38 39 41 47 48 49 50 51 52 53 60 61 62 67 69 70 71 73 74 75 77 79 80 82 86 88 91 93 95 s
73 6 7 11 12 13 14 15 17 22 25 28 30 31 34 40 42 43 45 47 48 52 53 56 61 62 63 67 71 72 74 75 76 77 80 81 83 85 87 90 91 95 s
74 1 2 5 6 9 20 21 23 24 26 28 32 35 36 37 38 40 42 43 44 45 46 47 50 52 53 58 59 60 61 62 63 64 65 66 67 69 71 72 73 75 83 84 86 93 s
75 1 3 8 9 10 11 13 14 16 19 21 23 24 28 31 33 35 39 40 42 43 44 45 47 48 49 52 53 54 58 59 60 61 62 64 65 68 71 72 73 74 76 77 79 81 85 88 91 92 94 95 s
76 2 5 6 7 9 16 20 21 23 25 28 29 32 36 37 38 39 40 42 43 46 49 53 61 63 64 66 71 73 75 77 79 80 84 85 86 88 89 90 94 s
77 4 5 7 8 12 13 14 16 19 20 24 27 28 34 36 39 40 43 44 45 46 48 51 53 55 56 58 60 62 63 64 68 72 73 75 76 78 80 82 83 84 85 88 89 92 94 s
78 2 4 5 6 8 11 14 15 21 24 27 28 30 31 32 35 36 38 39 41 42 44 46 47 48 50 51 52 53 56 58 59 61 64 65 68 77 81 84 85 87 89 93 94 95 s
79 1 3 5 8 9 10 13 14 16 20 21 22 23 24 25 26 30 31 32 34 36 37 38 41 43 44 45 47 49 50 52 55 56 57 67 70 72 75 76 80 83 86 87 91 94 95 s
80 1 3 4 8 9 10 11 15 17 19 20 22 23 24 29 32 33 34 35 37 38 40 41 43 45 47 49 52 53 54 56 58 59 60 63 64 65 66 68 72 73 76 77 79 82 84 85 88 92 94 s
81 2 3 8 9 15 20 24 26 29 31 32 35 37 46 47 49 50 51 54 55 57 65 70 71 73 75 78 82 84 86 87 88 89 92 93 94 s
82 1 3 5 6 7 8 10 11 16 20 21 22 24 25 26 27 28 29 30 31 32 33 35 36 39 40 41 42 43 44 45 50 51 52 53 54 55 56 59 60 63 64 65 66 71 72 77 80 81 83 84 85 86 87 90 s
83 1 2 3 7 9 13 14 16 18 19 20 21 23 25 26 32 33 35 37 38 39 41 42 43 44 45 47 51 53 54 61 62 63 68 69 73 74 77 79 82 84 85 87 88 90 93 95 s
84 1 3 6 7 8 10 11 13 14 17 18 19 22 23 24 25 26 31 33 34 37 38 39 41 42 43 44 46 49 52 53 55 56 57 58 60 62 63 64 66 68 69 71 74 76 77 78 80 81 82 83 89 90 92 94 95 s
85 1 2 7 8 10 12 13 14 16 17 21 22 25 28 31 32 33 35 36 39 40 41 43 44 46 50 51 55 56 60 61 64 65 66 68 69 73 75 76 77 78 80 82 83 86 87 90 91 92 93 94 s
86 2 4 5 7 9 10 11 14 15 16 18 22 23 24 29 30 32 35 37 38 40 41 42 44 45 47 50 51 54 55 57 59 63 66 68 69 70 72 74 76 79 81 82 85 89 90 92 93 s
87 3 5 8 9 10 11 13 15 17 19 27 29 31 32 38 39 40 41 43 44 45 46 47 50 52 53 56 58 61 66 68 70 71 73 78 79 81 82 83 85 89 94 s
88 5 7 9 10 12 13 14 16 20 21 25 26 30 34 35 37 39 41 42 43 49 51 52 53 56 57 59 60 63 65 68 69 70 71 72 75 76 77 80 81 83 90 91 92 93 94 s
89 1 2 4 6 8 11 12 14 18 20 22 23 29 31 32 35 38 43 44 45 48 50 52 53 58 60 62 65 68 69 76 77 78 81 84 86 87 90 93 95 s
90 2 3 4 6 7 8 11 12 13 18 19 20 26 31 33 34 35 37 40 41 43 45 46 48 50 56 60 62 63 64 66 69 73 76 82 83 84 85 86 88 89 91 92 95 s
91 1 3 4 5 10 11 12 14 16 18 19 24 25 26 27 28 30 32 33 35 36 39 41 45 48 49 51 52 56 58 59 61 63 64 66 67 69 71 72 73 75 79 85 88 90 94 s
92 2 7 8 9 10 13 14 15 18 19 20 21 23 26 27 32 34 37 38 39 42 45 47 49 52 53 54 61 63 64 66 69 71 75 77 80 81 84 85 86 88 90 94 s
93 3 4 5 7 8 9 10 13 16 18 20 22 25 26 27 28 29 30 32 35 36 37 40 41 42 45 46 47 48 50 53 56 59 60 64 66 68 69 72 74 78 81 83 85 86 88 89 s
94 1 3 5 8 9 10 12 13 14 17 18 22 23 24 25 27 28 31 32 33 34 35 36 37 39 40 43 46 49 53 55 58 60 61 62 63 64 65 68 69 75 76 77 78 79 80 81 84 85 87 88 91 92 95 s
95 1 4 5 6 7 9 14 15 16 18 20 25 27 29 31 32 33 35 39 49 50 55 57 58 60 64 65 66 68 71 72 73 75 78 79 83 84 89 90 94 s
