1 2 4 5 9 10 11 12 16 18 19 21 23 24 29 30 33 36 37 42 43 47 51 52 53 54 57 61 62 64 65 67 68 70 72 73 76 77 78 79 83 84 86 87 88 89 90 91 94 95 s
2 1 5 6 8 9 12 15 18 21 26 27 31 32 34 35 36 38 39 42 43 44 45 47 51 54 55 56 57 58 60 62 65 66 70 74 76 77 78 79 81 83 84 85 86 87 90 92 93 95 s
3 4 6 7 8 10 11 12 14 17 18 19 24 26 28 29 30 33 34 36 38 39 40 44 45 52 53 54 55 56 58 60 61 62 63 64 66 69 70 71 72 75 79 80 81 84 88 90 92 94 s
4 1 3 6 9 13 16 17 18 19 21 22 27 28 29 30 31 33 35 37 38 39 42 43 45 46 48 49 52 53 54 60 63 64 66 68 69 70 72 73 75 81 85 86 87 89 90 93 95 s
5 1 2 6 13 14 18 19 22 23 24 26 27 28 29 31 33 34 36 38 41 42 43 45 46 47 48 49 50 54 56 58 60 61 62 67 68 72 73 74 75 76 78 81 84 91 s
6 2 3 4 5 7 9 12 13 14 15 17 18 19 20 22 26 27 28 29 30 31 32 33 35 36 40 42 44 45 46 47 48 49 50 51 53 54 57 58 60 62 65 70 71 72 73 76 77 78 79 80 81 82 83 85 86 87 89 90 91 92 94 s
7 3 6 10 11 12 13 16 19 20 22 24 27 28 29 30 31 34 35 36 38 40 41 42 49 58 59 60 65 66 67 68 69 70 74 75 77 78 81 84 85 88 89 92 93 94 95 s
8 2 3 9 11 14 15 19 21 23 24 26 27 30 32 33 34 35 36 43 45 54 57 59 60 61 64 65 67 69 74 77 79 80 82 83 91 93 95 s
9 1 2 4 6 8 10 11 12 13 15 18 20 21 22 23 24 25 27 28 30 32 33 34 36 37 38 40 41 45 47 48 51 52 53 54 55 58 60 61 63 65 68 69 74 75 76 77 78 79 83 85 87 88 89 90 91 92 95 s
10 1 3 7 9 11 12 13 14 17 18 19 21 23 24 25 27 28 29 30 31 34 36 37 38 39 42 48 49 51 52 53 54 58 59 62 64 66 67 69 71 73 76 78 80 81 82 83 88 90 92 94 95 s
11 1 3 7 8 9 10 12 13 14 15 17 18 19 22 24 27 33 37 38 41 42 43 44 45 46 47 49 51 52 53 56 57 59 60 62 63 65 67 68 72 74 75 76 78 80 84 85 86 87 92 93 s
12 1 2 3 6 7 9 10 11 13 14 15 16 18 20 21 22 23 24 25 27 29 30 31 35 36 38 39 40 41 43 45 46 47 49 51 53 55 57 61 62 64 65 66 67 69 72 73 75 76 77 78 81 82 84 86 88 89 90 94 95 s
13 4 5 6 7 9 10 11 12 16 17 19 23 29 30 35 36 40 42 43 44 45 54 55 56 57 58 60 61 62 63 64 65 66 67 69 71 72 73 74 75 76 78 81 85 87 90 92 94 95 s
14 3 5 6 8 10 11 12 15 17 18 19 20 21 29 30 33 34 35 37 39 42 44 46 47 51 52 59 61 62 63 64 66 67 68 72 73 74 75 79 80 83 85 86 88 91 94 95 s
15 2 6 8 9 11 12 14 16 18 20 24 25 26 27 28 32 33 34 35 36 39 44 45 46 49 51 52 54 55 57 59 60 61 65 67 69 70 71 72 73 74 76 78 79 83 86 87 88 89 90 91 92 93 94 s
16 1 4 7 12 13 15 17 18 27 30 32 37 40 41 48 50 52 53 54 55 56 57 59 61 63 64 66 70 71 76 77 81 82 85 88 89 91 92 93 95 s
17 3 4 6 10 11 13 14 16 18 19 20 23 27 28 30 33 35 36 38 41 42 43 44 45 46 49 51 54 55 56 57 63 65 69 70 71 76 77 78 80 84 86 91 94 95 s
18 1 2 3 4 5 6 9 10 11 12 14 15 16 17 19 20 24 26 27 29 30 34 37 38 39 44 45 46 48 49 50 51 52 54 56 59 60 65 66 67 69 72 73 74 75 76 77 79 82 84 86 88 89 90 93 94 s
19 1 3 4 5 6 7 8 10 11 13 14 17 18 20 22 24 31 33 34 35 36 37 38 39 40 43 44 45 46 47 48 49 50 51 52 59 60 61 62 63 64 65 66 68 69 70 71 72 76 77 80 82 85 86 89 94 s
20 6 7 9 12 14 15 17 18 19 21 24 26 27 29 31 32 33 38 39 40 41 44 45 46 47 53 54 55 56 57 58 61 62 66 67 68 69 73 76 80 81 82 84 85 90 91 93 95 s
21 1 2 4 8 9 10 12 14 20 22 23 25 26 27 28 31 33 34 35 39 42 43 44 48 50 51 53 57 65 66 67 68 70 72 73 80 85 86 87 91 92 95 s
22 4 5 6 7 9 11 12 19 21 23 26 28 30 31 34 36 37 38 39 40 42 43 46 48 50 54 55 56 57 58 60 63 64 65 66 69 71 72 73 75 77 78 79 85 91 s
23 1 5 8 9 10 12 13 17 21 22 24 27 28 29 30 31 34 35 36 38 39 40 44 45 46 49 51 52 54 57 58 59 60 61 62 64 65 66 69 70 71 74 77 81 83 84 87 90 92 93 94 s
24 1 3 5 7 8 9 10 11 12 15 18 19 20 23 31 32 33 36 38 39 41 42 43 44 45 47 54 55 57 59 62 63 64 66 67 68 70 73 74 75 76 79 83 84 87 88 94 s
25 9 10 12 15 21 27 29 31 32 33 36 38 39 42 44 49 53 54 59 61 64 65 66 67 68 70 71 72 73 76 77 78 79 80 87 88 90 92 93 94 95 s
26 2 3 5 6 8 15 18 20 21 22 27 28 29 30 31 32 33 36 37 38 39 45 46 47 49 51 52 55 56 58 59 66 67 68 70 71 73 74 75 77 78 79 81 82 83 87 89 91 92 93 95 s
27 2 4 5 6 7 8 9 10 11 12 15 16 17 18 20 21 23 25 26 29 30 32 34 36 37 39 40 44 46 48 50 53 55 56 59 60 61 62 65 67 69 74 76 77 78 79 81 84 86 89 90 92 93 95 s
28 3 4 5 6 7 9 10 15 17 21 22 23 26 31 32 33 34 36 37 40 43 44 47 51 52 53 54 60 65 69 72 74 76 77 79 80 81 82 83 85 87 88 89 91 94 s
29 1 3 4 5 6 7 10 12 13 14 18 20 23 25 26 27 33 39 40 44 45 46 49 52 53 58 63 65 67 68 69 70 72 74 75 76 78 82 84 88 90 91 94 s
30 1 3 4 6 7 8 9 10 12 13 14 16 17 18 22 23 26 27 35 36 37 38 39 43 44 45 46 47 49 53 54 55 56 60 62 65 67 69 75 77 79 80 81 83 85 87 90 91 92 94 95 s
31 2 4 5 6 7 10 12 19 20 21 22 23 24 25 26 28 33 38 40 41 45 46 48 49 53 54 60 64 65 67 68 69 70 73 75 77 78 81 82 85 89 91 94 95 s
32 2 6 8 9 15 16 20 24 25 26 27 28 33 35 38 41 44 46 48 50 51 53 57 59 62 63 66 67 70 71 72 73 74 75 77 78 81 84 86 88 95 s
33 1 3 4 5 6 8 9 11 14 15 17 19 20 21 24 25 26 28 29 31 32 36 37 38 40 42 43 44 45 46 47 48 50 51 52 53 57 61 63 64 65 69 70 71 78 83 86 87 89 91 92 93 94 s
34 2 3 5 7 8 9 10 14 15 18 19 21 22 23 27 28 35 38 39 40 42 43 47 48 49 50 51 52 55 58 62 63 67 68 69 70 73 74 75 76 77 81 84 90 93 95 s
35 2 4 6 7 8 12 13 14 15 17 19 21 23 30 32 34 37 38 39 41 42 46 48 50 51 52 53 55 57 58 59 62 63 64 66 67 68 70 71 73 75 77 78 79 80 82 83 88 89 90 92 93 95 s
36 1 2 3 5 6 7 8 9 10 12 13 15 17 19 22 23 24 25 26 27 28 30 33 37 38 41 42 43 44 45 47 50 56 57 58 59 63 64 67 69 71 72 73 75 79 81 82 84 85 86 87 91 94 s
37 1 4 9 10 11 14 16 18 19 22 26 27 28 30 33 35 36 45 46 47 48 49 52 53 54 56 57 58 59 63 64 65 68 71 74 79 80 81 82 83 88 90 91 93 95 s
38 2 3 4 5 7 9 10 11 12 17 18 19 20 22 23 24 25 26 30 31 32 33 34 35 36 40 41 43 47 48 49 50 53 54 56 57 58 59 61 65 67 68 69 71 75 76 79 80 82 83 84 85 86 87 88 91 93 s
39 2 3 4 10 12 14 15 18 19 20 21 22 23 24 25 26 27 29 30 34 35 41 43 44 45 49 50 52 53 54 55 58 59 62 64 65 66 67 70 75 77 80 82 83 84 86 89 91 93 95 s
40 3 6 7 9 12 13 16 19 20 22 23 27 28 29 31 33 34 38 41 42 45 50 53 55 56 59 60 69 70 74 76 77 78 82 83 86 88 90 92 93 94 s
41 5 7 9 11 12 16 17 20 24 31 32 35 36 38 39 40 43 45 49 51 52 53 55 56 57 58 61 62 63 70 72 74 76 78 79 80 81 82 85 86 89 91 94 s
42 1 2 4 5 6 7 10 11 13 14 17 21 22 24 25 33 34 35 36 40 43 46 48 51 54 55 58 61 63 64 65 68 69 71 72 73 75 76 78 79 81 90 91 92 93 95 s
43 1 2 4 5 8 11 12 13 17 19 21 22 24 28 30 33 34 36 38 39 41 42 47 49 51 53 54 55 63 64 66 67 72 73 76 78 80 82 83 90 91 92 93 94 s
44 2 3 6 11 13 14 15 17 18 19 20 21 23 24 25 27 28 29 30 32 33 36 39 48 49 50 53 55 56 58 59 61 64 69 70 71 73 74 76 77 79 80 81 83 87 88 90 93 94 95 s
45 2 3 4 5 6 8 9 11 12 13 15 17 18 19 20 23 24 26 29 30 31 33 36 37 39 40 41 46 49 50 53 54 57 58 60 61 65 68 69 70 71 73 74 75 80 84 85 86 88 89 90 91 92 95 s
46 4 5 6 11 12 14 15 17 18 19 20 22 23 26 27 29 30 31 32 33 35 37 42 45 47 49 50 51 52 54 57 60 61 63 66 67 69 70 71 75 80 81 83 84 85 86 90 94 95 s
47 1 2 5 6 9 11 12 14 19 20 24 26 28 30 33 34 36 37 38 43 46 48 49 50 51 55 56 58 60 61 62 66 69 71 72 79 80 81 82 83 85 86 88 89 91 92 94 s
48 4 5 6 9 10 16 18 19 21 22 27 31 32 33 34 35 37 38 42 44 47 50 52 53 54 56 59 61 63 64 65 67 68 71 72 75 78 82 84 90 91 94 s
49 4 5 6 7 10 11 12 15 17 18 19 23 25 26 29 30 31 34 37 38 39 41 43 44 45 46 47 50 52 53 54 55 56 57 59 62 64 67 68 70 71 73 74 75 76 77 78 80 81 83 84 85 86 87 88 90 93 94 s
50 5 6 16 18 19 21 22 27 32 33 34 35 36 38 39 40 44 45 46 47 48 49 51 54 56 57 59 61 63 65 69 71 72 75 77 78 79 80 81 83 85 89 90 92 93 95 s
51 1 2 6 9 10 11 12 14 15 17 18 19 21 23 26 28 32 33 34 35 41 42 43 46 47 50 53 54 56 57 59 60 61 62 63 64 66 74 75 79 82 84 85 88 94 95 s
52 1 3 4 9 10 11 14 15 16 18 19 23 26 28 29 33 34 35 37 39 41 46 48 49 53 58 60 62 63 65 68 72 74 75 76 78 79 80 81 84 89 90 91 s
53 1 3 4 6 9 10 11 12 16 20 21 25 27 28 29 30 31 32 33 35 37 38 39 40 41 43 44 45 48 49 51 52 56 57 58 59 61 63 69 70 72 75 76 77 78 82 86 87 89 92 93 94 95 s
54 1 2 3 4 5 6 8 9 10 13 15 16 17 18 20 22 23 24 25 28 30 31 37 38 39 42 43 45 46 48 49 50 51 56 58 59 63 64 66 69 70 71 74 75 76 77 78 79 80 82 87 88 89 90 93 s
55 2 3 9 12 13 15 16 17 20 22 24 26 27 30 34 35 39 40 41 42 43 44 47 49 56 61 64 65 66 70 71 72 73 74 76 79 81 82 83 88 90 91 93 s
56 2 3 5 11 13 16 17 18 20 22 26 27 30 36 37 38 40 41 44 47 48 49 50 51 53 54 55 57 58 59 62 68 69 70 71 72 73 74 76 77 78 79 85 88 89 90 91 92 93 94 95 s
57 1 2 6 8 11 12 13 15 16 17 20 21 22 23 24 32 33 35 36 37 38 41 45 46 49 50 51 53 56 58 59 62 63 65 67 70 71 72 73 74 75 77 78 79 81 85 88 89 92 93 95 s
58 2 3 5 6 7 9 10 13 20 22 23 26 29 34 35 36 37 38 39 41 42 44 45 47 52 53 54 56 57 61 62 64 65 66 67 68 70 76 77 80 81 82 83 86 90 93 95 s
59 7 8 10 11 14 15 16 18 19 23 24 25 26 27 32 35 36 37 38 39 40 44 48 49 50 51 53 54 56 57 60 62 63 64 65 68 71 72 74 81 85 87 92 93 94 s
60 2 3 4 5 6 7 8 9 11 13 15 18 19 22 23 27 28 30 31 40 45 46 47 51 52 59 62 63 65 66 69 72 73 75 78 79 81 84 85 86 87 89 90 91 92 94 s
61 1 3 5 8 9 12 13 14 15 16 19 20 23 25 27 33 38 41 42 44 45 46 47 48 50 51 53 55 58 62 63 67 68 70 73 77 80 82 83 84 85 86 89 90 91 92 95 s
62 1 2 3 5 6 10 11 12 13 14 19 20 23 24 27 30 32 34 35 39 41 47 49 51 52 56 57 58 59 60 61 63 64 66 70 73 74 75 76 77 81 84 85 86 87 89 92 94 s
63 3 4 9 11 13 14 16 17 19 22 24 29 32 33 34 35 36 37 41 42 43 46 48 50 51 52 53 54 57 59 60 61 62 64 65 66 68 69 70 71 73 74 75 77 79 80 83 84 86 87 88 90 93 94 95 s
64 1 3 4 8 10 12 13 14 16 19 22 23 24 25 31 33 35 36 37 39 42 43 44 48 49 51 54 55 58 59 62 63 65 74 76 77 78 79 80 81 82 83 84 87 89 92 93 94 95 s
65 1 2 6 7 8 9 11 12 13 15 17 18 19 21 22 23 25 27 28 29 30 31 33 37 38 39 42 45 48 50 52 55 57 58 59 60 63 64 69 72 73 75 77 78 83 84 85 86 87 88 91 s
66 2 3 4 7 10 12 13 14 16 18 19 20 21 22 23 24 25 26 32 35 39 43 46 47 51 54 55 58 60 62 63 68 69 72 75 76 77 78 82 84 86 88 90 91 92 93 94 s
67 1 5 7 8 10 11 12 13 14 15 18 20 21 24 25 26 27 29 30 31 32 34 35 36 38 39 43 46 48 49 57 58 61 73 76 77 78 79 82 84 86 87 88 93 95 s
68 1 4 5 7 9 11 14 19 20 21 24 25 26 29 31 34 35 37 38 42 45 48 49 52 56 58 59 61 63 66 70 73 74 75 76 78 79 81 83 84 85 86 87 91 92 93 94 95 s
69 3 4 7 8 9 10 12 13 15 17 18 19 20 22 23 27 28 29 30 31 33 34 36 38 40 42 44 45 46 47 50 53 54 56 60 63 65 66 74 76 80 81 83 87 88 89 s
70 1 2 3 4 6 7 15 16 17 19 21 23 24 25 26 29 31 32 33 34 35 39 40 41 44 45 46 49 53 54 55 56 57 58 61 62 63 68 71 72 74 76 78 79 80 81 82 84 85 86 88 90 91 94 95 s
71 3 6 10 13 15 16 17 19 22 23 25 26 32 33 35 36 37 38 42 44 45 46 47 48 49 50 54 55 56 57 59 63 70 75 77 78 81 82 83 86 87 88 92 94 95 s
72 1 3 4 5 6 11 12 13 14 15 18 19 21 22 25 28 29 32 36 41 42 43 47 48 50 52 53 55 56 57 59 60 65 66 70 73 74 75 77 78 81 84 86 87 89 90 95 s
73 1 4 5 6 10 12 13 14 15 18 20 21 22 24 25 26 31 32 34 35 36 42 43 44 45 49 55 56 57 60 61 62 63 65 67 68 72 75 77 79 80 81 84 85 92 93 95 s
74 2 5 7 8 9 11 13 14 15 18 23 24 26 27 28 29 32 34 37 40 41 44 45 49 51 52 54 55 56 57 59 62 63 64 68 69 70 72 77 79 80 81 85 86 87 88 90 92 94 95 s
75 3 4 5 7 9 11 12 13 14 18 22 24 26 29 30 31 32 34 35 36 38 39 42 45 46 48 49 50 51 52 53 54 57 60 62 63 65 66 68 71 72 73 77 81 82 83 84 89 92 94 s
76 1 2 5 6 9 10 11 12 13 15 16 17 18 19 20 24 25 27 28 29 34 38 40 41 42 43 44 49 52 53 54 55 56 58 62 64 66 67 68 69 70 77 79 80 84 85 86 88 90 91 93 95 s
77 1 2 6 7 8 9 12 16 17 18 19 22 23 25 26 27 28 30 31 32 34 35 39 40 44 49 50 53 54 56 57 58 61 62 63 64 65 66 67 71 72 73 74 75 76 78 80 81 83 85 86 88 90 91 92 94 95 s
78 1 2 5 6 7 9 10 11 12 13 15 17 22 25 26 27 29 31 32 33 35 40 41 42 43 48 49 50 52 53 54 56 57 60 64 65 66 67 68 70 71 72 77 81 83 85 89 90 91 95 s
79 1 2 3 6 8 9 14 15 18 22 24 25 26 27 28 30 35 36 37 38 41 42 44 47 50 51 52 54 55 56 57 60 63 64 67 68 70 73 74 76 80 83 86 89 92 94 s
80 3 6 8 10 11 14 17 19 20 21 25 28 30 35 37 38 39 41 43 44 45 46 47 49 50 52 54 58 61 63 64 69 70 73 74 76 77 79 81 82 83 84 88 91 95 s
81 2 3 4 5 6 7 10 12 13 16 20 23 26 27 28 30 31 32 34 36 37 41 42 44 46 47 49 50 52 55 57 58 59 60 62 64 68 69 70 71 72 73 74 75 77 78 80 85 87 88 89 93 95 s
82 6 8 10 12 16 18 19 20 26 28 29 31 35 36 37 38 39 40 41 43 47 48 51 53 54 55 58 61 64 66 67 70 71 75 80 87 88 89 90 94 s
83 1 2 6 8 9 10 14 15 23 24 26 28 30 33 35 37 38 39 40 43 44 46 47 49 50 55 58 61 63 64 65 68 69 71 75 77 78 79 80 84 86 87 89 92 94 s
84 1 2 3 5 7 11 12 17 18 20 23 24 27 29 32 34 36 38 39 45 46 48 49 51 52 60 61 62 63 64 65 66 67 68 70 72 73 75 76 80 83 86 87 89 90 91 s
85 2 4 6 7 9 11 13 14 16 19 20 21 22 28 30 31 36 38 41 45 46 47 49 50 51 56 57 59 60 61 62 65 68 70 73 74 76 77 78 81 87 90 91 94 95 s
86 1 2 4 6 11 12 14 15 17 18 19 21 27 32 33 36 38 39 40 41 45 46 47 49 53 58 60 61 62 63 65 66 67 68 70 71 72 74 76 77 79 83 84 87 88 89 90 s
87 1 2 4 6 9 11 13 15 21 23 24 25 26 28 30 33 36 38 44 49 53 54 59 60 62 63 64 65 67 68 69 71 72 74 81 82 83 84 85 86 91 93 94 s
88 1 3 7 9 10 12 14 15 16 18 24 25 28 29 32 35 37 38 40 44 45 47 49 51 54 55 56 57 63 65 66 67 69 70 71 74 76 77 80 81 82 86 89 93 94 95 s
89 1 4 6 7 9 12 15 16 18 19 26 27 28 31 33 35 39 41 45 47 50 52 53 54 56 57 60 61 62 64 69 72 75 78 79 81 82 83 84 86 88 91 92 95 s
90 1 2 3 4 6 9 10 12 13 15 18 20 23 25 27 29 30 34 35 37 40 42 43 44 45 46 48 49 50 52 54 55 56 58 60 61 63 66 70 72 74 76 77 78 82 84 85 86 92 95 s
91 1 5 6 8 9 14 15 16 17 20 21 22 26 28 29 30 31 33 36 37 38 39 41 42 43 45 47 48 52 55 56 60 61 65 66 68 70 76 77 78 80 84 85 87 89 95 s
92 2 3 6 7 9 10 11 13 15 16 21 23 25 26 27 30 33 35 40 42 43 45 47 50 53 56 57 59 60 61 62 64 66 68 71 73 74 75 77 79 83 89 90 93 s
93 2 4 7 8 11 15 16 18 20 23 25 26 27 33 34 35 37 38 39 40 42 43 44 49 50 53 54 55 56 57 58 59 63 64 66 67 68 73 76 81 87 88 92 95 s
94 1 3 6 7 10 12 13 14 15 17 18 19 23 24 25 28 29 30 31 33 36 40 41 43 44 46 47 48 49 51 53 56 59 60 62 63 64 66 68 70 71 74 75 77 79 82 83 85 87 88 s
95 1 2 4 7 8 9 10 12 13 14 16 17 20 21 25 26 27 30 31 32 34 35 37 39 42 44 45 46 50 51 53 56 57 58 61 63 64 67 68 70 71 72 73 74 76 77 78 80 81 85 88 89 90 91 93 s
