1 2 3 4 6 7 9 12 13 15 16 18 19 20 21 23 24 25 26 27 30 32 34 38 41 44 45 47 48 49 50 51 54 55 56 58 59 63 65 66 68 73 76 78 81 84 87 89 90 91 94 95 s
2 1 3 6 8 9 10 12 13 15 16 17 19 22 24 25 27 28 29 33 34 38 39 42 45 47 49 51 52 53 55 56 60 62 65 69 71 73 74 76 77 78 80 81 83 91 95 s
3 1 2 4 5 6 7 8 9 10 15 16 17 18 21 22 26 27 28 29 30 34 37 40 46 47 52 53 54 55 57 59 61 64 67 68 69 73 75 76 79 80 81 82 84 86 94 95 s
4 1 3 5 6 8 11 12 14 17 19 21 26 28 30 31 37 38 39 40 48 50 51 57 58 59 60 61 63 71 72 73 76 80 81 83 84 87 88 89 90 93 94 95 s
5 3 4 6 9 10 11 13 18 19 22 24 25 26 29 32 33 35 38 40 43 45 46 48 49 50 53 55 57 61 62 64 69 71 72 75 76 78 79 80 81 82 84 86 88 89 90 93 s
6 1 2 3 4 5 8 9 11 13 14 15 17 20 23 26 27 32 34 38 40 41 42 43 47 48 49 54 56 57 58 60 61 62 63 64 65 66 67 68 69 70 73 74 75 76 77 78 79 82 86 87 88 89 90 91 95 s
7 1 3 8 9 12 13 14 16 19 22 25 26 31 34 35 36 37 41 42 43 46 48 54 56 57 58 59 60 62 63 64 66 73 76 78 80 82 83 84 85 86 89 90 92 93 s
8 2 3 4 6 7 13 14 15 19 20 24 25 29 30 36 38 40 42 44 45 47 48 49 50 51 53 55 56 57 65 66 68 70 71 72 73 76 78 79 80 84 87 88 92 94 s
9 1 2 3 5 6 7 10 18 19 23 25 27 28 32 36 37 38 40 41 42 43 44 45 46 47 49 50 51 52 55 58 59 60 61 64 67 69 70 71 75 76 79 81 85 86 87 88 93 94 s
10 2 3 5 9 11 12 13 16 19 20 23 24 25 31 32 36 38 39 40 41 42 43 44 45 50 52 53 54 56 57 61 63 64 66 67 70 71 73 78 82 83 86 87 89 90 92 94 s
11 4 5 6 10 14 15 17 19 22 23 25 32 33 34 36 38 39 40 42 43 45 46 47 48 53 58 59 60 62 64 66 68 69 72 73 75 77 81 82 83 86 87 90 91 92 93 95 s
12 1 2 4 7 10 13 16 17 19 20 21 24 27 28 29 30 31 32 33 34 35 37 38 39 41 43 44 45 48 49 52 55 56 57 58 61 64 65 66 67 68 73 74 75 79 81 83 84 90 91 92 93 s
13 1 2 5 6 7 8 10 12 14 19 23 26 30 33 36 38 39 40 41 42 43 47 48 52 58 59 60 61 62 64 65 67 68 69 73 74 76 77 81 84 87 88 89 91 s
14 4 6 7 8 11 13 17 18 21 23 24 27 28 29 30 31 32 33 38 39 40 41 42 43 45 46 48 50 53 57 58 59 64 69 70 72 75 76 78 79 80 81 83 84 85 87 88 91 s
15 1 2 3 6 8 11 16 19 23 24 25 26 27 28 30 31 33 36 38 41 42 44 45 47 49 51 52 55 58 59 60 66 69 70 71 72 79 81 82 83 85 87 88 89 90 93 s
16 1 2 3 7 10 12 15 18 19 20 21 22 24 25 28 33 34 35 36 38 39 40 42 44 46 47 48 51 52 56 61 63 64 67 68 69 70 72 73 74 76 77 78 79 87 88 91 92 s
17 2 3 4 6 11 12 14 22 23 24 27 29 32 34 35 38 41 44 45 46 47 48 52 57 61 63 64 66 67 68 70 74 75 76 77 79 81 82 83 86 87 88 89 91 s
18 1 3 5 9 14 16 19 20 21 22 23 25 26 29 30 32 35 38 43 44 47 50 53 54 55 56 57 60 61 62 63 64 66 67 71 73 75 77 82 83 84 88 90 94 95 s
19 1 2 4 5 7 8 9 10 11 12 13 15 16 18 20 21 22 24 26 28 29 30 32 34 36 37 41 42 46 51 52 54 55 56 57 64 66 67 68 71 73 74 79 82 83 84 88 90 92 95 s
20 1 6 8 10 12 16 18 19 21 22 25 26 27 28 32 33 35 39 41 43 45 46 47 49 50 53 54 55 56 58 61 62 66 75 79 80 81 83 85 86 87 88 89 90 91 93 s
21 1 3 4 12 14 16 18 19 20 22 26 28 30 31 32 35 37 38 43 46 47 48 49 50 51 52 53 54 56 58 63 66 69 70 71 72 73 75 76 77 79 81 84 89 93 s
22 2 3 5 7 11 16 17 18 19 20 21 23 24 29 30 31 32 33 34 36 41 43 45 46 50 51 52 54 55 56 57 59 60 61 63 64 65 66 68 72 76 77 78 79 80 81 83 86 87 88 89 91 95 s
23 1 6 9 10 11 13 14 15 17 18 22 27 28 32 33 34 35 38 39 40 41 42 43 44 45 47 48 58 62 63 64 67 69 71 73 74 75 76 77 78 81 86 87 89 90 s
24 1 2 5 8 10 12 14 15 16 17 19 22 26 28 29 32 33 34 37 42 45 46 48 49 52 53 55 58 61 63 66 67 71 73 74 75 76 84 85 86 87 88 89 92 93 94 s
25 1 2 5 7 8 9 10 11 15 16 18 20 27 28 29 33 35 36 37 40 41 42 44 47 49 50 51 53 54 59 60 61 62 63 64 65 68 69 70 71 72 73 74 75 77 78 79 80 81 82 83 86 87 91 93 s
26 1 3 4 5 6 7 13 15 18 19 20 21 24 29 30 31 32 34 37 38 42 44 48 49 52 55 56 59 61 62 65 66 69 70 75 76 77 80 81 86 92 95 s
27 1 2 3 6 9 12 14 15 17 20 23 25 29 31 33 36 38 39 40 42 43 44 45 47 49 50 51 53 55 56 60 63 65 66 67 69 71 73 74 75 77 78 79 81 82 85 88 93 94 s
28 2 3 4 9 12 14 15 16 19 20 21 23 24 25 29 32 35 36 38 39 40 42 44 52 53 54 57 58 59 61 63 64 65 67 68 71 72 73 76 80 82 84 87 88 89 90 93 95 s
29 2 3 5 8 12 14 17 18 19 22 24 25 26 27 28 30 31 33 39 40 41 42 43 45 46 47 48 49 51 53 55 56 58 59 60 61 62 64 66 69 71 72 73 74 75 77 80 84 85 86 87 89 92 94 95 s
30 1 3 4 8 12 13 14 15 18 19 21 22 26 29 33 35 36 41 44 45 49 50 53 54 57 58 59 60 62 65 68 69 71 73 74 77 79 83 84 85 88 89 93 94 95 s
31 4 7 10 12 14 15 21 22 26 27 29 33 36 37 40 43 45 46 49 50 52 53 55 58 60 61 62 63 68 70 71 72 73 74 75 79 81 84 88 90 91 92 93 94 95 s
32 1 5 6 9 10 11 12 14 17 18 19 20 21 22 23 24 26 28 34 35 36 37 38 39 44 46 50 53 55 56 57 58 59 63 65 66 68 69 70 71 72 74 77 79 83 85 86 88 89 90 91 94 95 s
33 2 5 11 12 13 14 15 16 20 22 23 24 25 27 29 30 31 34 36 38 40 41 42 44 45 47 48 49 52 54 55 57 58 63 64 66 67 69 70 72 74 76 78 80 82 84 86 88 90 92 s
34 1 2 3 6 7 11 12 16 17 19 22 23 24 26 32 33 35 37 38 41 43 44 50 51 53 56 57 59 60 62 63 64 67 72 75 79 80 81 82 84 87 92 93 s
35 5 7 12 16 17 18 20 21 23 25 28 30 32 34 37 42 45 47 50 52 53 55 59 62 64 65 66 70 71 72 74 76 77 81 82 83 84 86 88 93 94 s
36 7 8 9 10 11 13 15 16 19 22 25 27 28 30 31 32 33 41 42 44 45 47 49 50 56 58 59 61 62 64 66 68 70 71 77 80 81 82 83 84 87 88 90 s
37 3 4 7 9 12 19 21 24 25 26 31 32 34 35 38 46 48 50 51 53 54 58 60 62 64 65 66 67 69 70 77 78 82 84 86 87 88 90 92 s
38 1 2 4 5 6 8 9 10 11 12 13 14 15 16 17 18 21 23 26 27 28 32 33 34 37 41 42 44 45 46 48 49 51 52 55 56 57 59 65 66 70 75 76 77 80 86 93 94 95 s
39 2 4 10 11 12 13 14 16 20 23 27 28 29 32 41 43 44 45 46 50 51 53 54 61 66 67 74 80 81 82 89 90 92 93 94 95 s
40 3 4 5 6 8 9 10 11 13 14 16 23 25 27 28 29 31 33 43 44 45 50 51 52 56 58 59 63 65 66 67 68 72 73 75 76 77 78 80 81 82 83 86 88 90 94 s
41 1 6 7 9 10 12 13 14 15 17 19 20 22 23 25 29 30 33 34 36 38 39 43 45 50 54 55 56 57 59 61 63 66 67 68 70 72 74 78 80 83 85 90 93 94 s
42 2 6 7 8 9 10 11 13 14 15 16 19 23 24 25 26 27 28 29 33 35 36 38 48 51 53 55 56 58 59 60 61 62 66 68 70 71 72 73 74 77 79 84 86 87 88 89 92 93 94 s
43 5 6 7 9 10 11 12 13 14 18 20 21 22 23 27 29 31 34 39 40 41 44 45 46 47 48 50 52 53 57 58 59 63 64 65 66 69 70 71 74 75 76 79 80 81 83 84 91 93 94 s
44 1 8 9 10 12 15 16 17 18 23 25 26 27 28 30 32 33 34 36 38 39 40 43 48 54 55 56 57 59 60 61 62 63 64 65 66 69 70 72 73 74 79 80 84 85 87 90 95 s
45 1 2 5 8 9 10 11 12 14 15 17 20 22 23 24 27 29 30 31 33 35 36 38 39 40 41 43 46 51 56 61 62 63 64 66 67 72 74 75 77 78 79 80 82 85 87 88 89 90 91 92 93 94 s
46 3 5 7 9 11 14 16 17 19 20 21 22 24 29 31 32 37 38 39 43 45 48 52 53 55 58 59 61 62 65 66 67 68 69 74 78 79 84 89 90 92 94 s
47 1 2 3 6 8 9 11 13 15 16 17 18 20 21 23 25 27 29 33 35 36 43 48 49 51 54 58 59 60 62 63 64 65 69 70 71 75 76 77 78 80 81 82 84 85 86 89 90 91 92 94 95 s
48 1 4 5 6 7 8 11 12 13 14 16 17 21 23 24 26 29 33 37 38 42 43 44 46 47 49 51 53 55 59 60 63 65 66 67 72 73 74 75 77 78 82 83 85 86 87 88 91 95 s
49 1 2 5 6 8 9 12 15 20 21 24 25 26 27 29 30 31 33 36 38 47 48 50 55 57 60 64 66 67 69 70 72 74 77 80 81 84 85 87 89 95 s
50 1 4 5 8 9 10 14 18 20 21 22 25 27 30 31 32 34 35 36 37 39 40 41 43 49 51 52 53 55 57 59 60 61 64 67 72 77 79 81 82 83 85 86 87 88 89 91 s
51 1 2 4 8 9 15 16 19 21 22 25 27 29 34 37 38 39 40 42 45 47 48 50 53 54 56 58 59 62 63 67 68 69 72 73 74 75 76 78 80 84 88 89 92 95 s
52 2 3 9 10 12 13 15 16 17 19 21 22 24 26 28 31 33 35 38 40 43 46 50 55 56 59 60 61 62 65 68 69 72 73 76 79 80 81 84 85 86 87 89 93 s
53 2 3 5 8 10 11 14 18 20 21 24 25 27 28 29 30 31 32 34 35 37 39 42 43 46 48 50 51 54 56 57 59 62 63 65 68 69 71 72 74 77 80 81 82 83 84 85 86 89 90 92 93 94 s
54 1 3 6 7 10 18 19 20 21 22 25 28 30 33 37 39 41 44 47 51 53 55 56 58 59 60 61 64 65 67 68 71 73 75 78 81 82 84 88 92 94 s
55 1 2 3 5 8 9 12 15 18 19 20 22 24 26 27 29 31 32 33 35 38 41 42 44 46 48 49 50 52 54 56 59 62 63 64 66 68 69 70 71 72 73 75 76 78 80 81 85 87 89 92 94 95 s
56 1 2 6 7 8 10 12 16 18 19 20 21 22 26 27 29 32 34 36 38 40 41 42 44 45 51 52 53 54 55 58 61 62 63 66 67 69 70 71 78 80 81 84 86 89 91 92 s
57 3 4 5 6 7 8 10 12 14 17 18 19 22 28 30 32 33 34 38 41 43 44 49 50 53 62 65 68 73 74 76 77 78 80 81 84 85 86 87 89 91 92 95 s
58 1 4 6 7 9 11 12 13 14 15 20 21 23 24 28 29 30 31 32 33 36 37 40 42 43 46 47 51 54 56 59 61 63 64 65 66 70 71 72 74 75 76 78 80 85 86 87 88 90 91 94 s
59 1 3 4 7 9 11 13 14 15 22 25 26 28 29 30 32 34 35 36 38 40 41 42 43 44 46 47 48 50 51 52 53 54 55 58 63 64 71 72 73 74 77 78 80 81 82 83 84 85 86 88 89 91 93 94 s
60 2 4 6 7 9 11 13 15 18 22 25 27 29 30 31 34 37 42 44 47 48 49 50 52 54 66 68 69 71 74 76 83 85 87 88 89 91 94 s
61 3 4 5 6 9 10 12 13 16 17 18 20 22 24 25 26 28 29 31 36 39 41 42 44 45 46 50 52 54 56 58 62 65 66 67 68 69 73 74 76 78 79 80 82 83 86 88 91 92 93 95 s
62 2 5 6 7 11 13 18 20 23 25 26 29 30 31 34 35 36 37 42 44 45 46 47 51 52 53 55 56 57 61 63 65 67 68 70 73 74 76 77 78 79 82 85 86 89 92 93 94 s
63 1 4 6 7 10 16 17 18 21 22 23 24 25 27 28 31 32 33 34 40 41 43 44 45 47 48 51 53 55 56 58 59 62 65 67 68 69 71 72 75 76 77 81 82 85 86 88 89 90 91 92 94 s
64 3 5 6 7 9 10 11 12 13 14 16 17 18 19 22 23 25 28 29 33 34 35 36 37 43 44 45 47 49 50 54 55 58 59 65 66 67 70 74 78 81 82 83 85 86 87 88 89 91 92 95 s
65 1 2 6 8 12 13 22 25 26 27 28 30 32 35 37 38 40 43 44 46 47 48 52 53 54 57 58 61 62 63 64 66 68 69 70 71 78 79 82 83 84 86 87 90 95 s
66 1 6 7 8 10 11 12 15 17 18 19 20 21 22 24 26 27 29 32 33 35 36 37 38 39 40 41 42 43 44 45 46 48 49 55 56 58 60 61 64 65 67 68 69 71 72 73 74 77 79 80 81 83 84 85 88 91 93 95 s
67 3 6 9 10 12 13 16 17 18 19 23 24 27 28 33 34 37 39 40 41 45 46 48 49 50 51 54 56 61 62 63 64 66 68 71 73 74 76 77 78 80 83 85 87 88 90 91 s
68 1 3 6 8 11 12 13 16 17 19 22 25 28 30 31 32 36 40 41 42 46 51 52 53 54 55 57 60 61 62 63 65 66 67 69 72 73 74 75 77 80 81 82 83 84 86 87 88 89 90 91 93 95 s
69 2 3 5 6 9 11 13 14 15 16 21 23 25 26 27 29 30 32 33 37 43 44 46 47 49 51 52 53 55 56 60 61 63 65 66 68 71 72 73 74 75 76 77 82 83 84 86 87 89 91 94 s
70 6 8 9 10 14 15 16 17 21 25 26 31 32 33 35 36 37 38 41 42 43 44 47 49 55 56 58 62 64 65 71 75 77 78 80 81 82 85 87 88 89 93 s
71 2 4 5 8 9 10 15 18 19 21 23 24 25 27 28 29 30 31 32 35 36 42 43 47 53 54 55 56 58 59 60 63 65 66 67 69 70 72 73 74 78 79 82 85 89 91 92 93 s
72 4 5 8 11 14 15 16 21 22 25 28 29 31 32 33 34 35 40 41 42 44 45 48 49 50 51 52 53 55 58 59 63 66 68 69 71 74 76 77 78 81 82 83 85 86 88 89 90 94 s
73 1 2 3 4 6 7 8 10 11 12 13 16 18 19 21 23 24 25 27 28 29 30 31 40 42 44 48 51 52 54 55 57 59 61 62 66 67 68 69 71 74 76 77 81 84 85 87 92 93 94 95 s
74 2 6 12 13 16 17 19 23 24 25 27 29 30 31 32 33 35 39 41 42 43 44 45 46 48 49 51 53 57 58 59 60 61 62 64 66 67 68 69 71 72 73 75 78 82 83 84 85 86 88 89 91 92 93 94 s
75 3 5 6 9 11 12 14 17 18 20 21 23 24 25 26 27 29 31 34 38 40 43 45 47 48 51 54 55 58 63 68 69 70 74 77 78 79 80 81 82 85 86 89 91 93 94 s
76 1 2 3 4 5 6 7 8 9 13 14 16 17 21 22 23 24 26 28 33 35 38 40 43 47 51 52 55 57 58 60 61 62 63 67 69 72 73 77 78 79 80 82 84 85 86 88 89 s
77 2 6 11 13 16 17 18 21 22 23 25 26 27 29 30 32 35 36 37 38 40 42 45 47 48 49 50 53 57 59 62 63 66 67 68 69 70 72 73 75 76 78 79 80 82 83 84 86 87 89 93 94 95 s
78 1 2 5 6 7 8 10 14 16 22 23 25 27 33 37 40 41 45 46 47 48 51 54 55 56 57 58 59 61 62 64 65 67 70 71 72 74 75 76 77 80 81 82 86 89 91 93 94 95 s
79 3 5 6 8 9 12 14 15 16 17 19 20 21 22 25 27 30 31 32 34 42 43 44 45 46 50 52 61 62 65 66 71 75 76 77 81 82 84 85 87 89 91 92 94 s
80 2 3 4 5 7 8 14 20 22 25 26 28 29 33 34 36 38 39 40 41 43 44 45 47 49 51 52 53 55 56 57 58 59 61 66 67 68 70 75 76 77 78 81 82 84 85 86 88 94 s
81 1 2 3 4 5 9 11 12 13 14 15 17 20 21 22 23 25 26 27 31 34 35 36 39 40 43 47 49 50 52 53 54 55 56 57 59 63 64 66 68 70 72 73 75 78 79 80 82 83 86 87 88 92 94 s
82 3 5 6 7 10 11 15 17 18 19 25 27 28 33 34 35 36 37 39 40 45 47 48 50 53 54 59 61 62 63 64 65 68 69 70 71 72 74 75 76 77 78 79 80 81 84 86 91 92 93 94 95 s
83 2 4 7 10 11 12 14 15 17 18 19 20 22 25 30 32 35 36 40 41 43 48 50 53 59 60 61 64 65 66 67 68 69 72 74 77 81 84 85 87 89 90 91 92 95 s
84 1 3 4 5 7 8 12 13 14 18 19 21 24 28 29 30 31 33 34 35 36 37 42 43 44 46 47 49 51 52 53 54 56 57 59 65 66 68 69 73 74 76 77 79 80 82 83 85 86 87 88 89 90 92 95 s
85 7 9 14 15 20 24 27 29 30 32 41 44 45 47 48 49 50 52 53 55 57 58 59 60 62 63 64 66 67 70 71 72 73 74 75 76 79 80 83 84 86 87 88 89 91 93 94 95 s
86 3 5 6 7 9 10 11 17 20 22 23 24 25 26 29 32 33 35 37 38 40 42 47 48 50 52 53 56 57 58 59 61 62 63 64 65 68 69 72 74 75 76 77 78 80 81 82 84 85 87 88 89 91 92 94 95 s
87 1 4 6 8 9 10 11 13 14 15 16 17 20 22 23 24 25 28 29 34 36 37 42 44 45 48 49 50 52 55 57 58 60 64 65 67 68 69 70 73 77 79 81 83 84 85 86 88 92 95 s
88 4 5 6 8 9 13 14 15 16 17 18 19 20 22 24 27 28 30 31 32 33 35 36 37 40 42 45 48 50 51 54 58 59 60 61 63 64 66 67 68 70 72 74 76 80 81 84 85 86 87 89 90 91 92 s
89 1 4 5 6 7 10 13 15 17 20 21 22 23 24 28 29 30 32 39 42 45 46 47 49 50 51 52 53 55 56 57 59 60 62 63 64 68 69 70 71 72 74 75 76 77 78 79 83 84 85 86 88 91 93 94 s
90 1 4 5 6 7 10 11 12 15 18 19 20 23 28 31 32 33 36 37 39 40 41 44 45 46 47 53 58 63 65 67 68 72 83 84 88 91 92 93 95 s
91 1 2 6 11 12 13 14 16 17 20 22 25 31 32 43 45 47 48 50 56 57 58 59 60 61 63 64 66 67 68 69 71 74 75 78 79 82 83 85 86 88 89 90 92 s
92 7 8 10 11 12 16 19 24 26 29 31 33 34 37 39 42 45 46 47 51 53 54 55 56 57 61 62 63 64 71 73 74 79 81 82 83 84 86 87 88 90 91 s
93 4 5 7 9 11 12 15 20 21 24 25 27 28 30 31 34 35 38 39 41 42 43 45 52 53 59 61 62 66 68 70 71 73 74 75 77 78 82 85 89 90 95 s
94 1 3 4 8 9 10 18 24 27 29 30 31 32 35 38 39 40 41 42 43 45 46 47 53 54 55 58 59 60 62 63 69 72 73 74 75 77 78 79 80 81 82 85 86 89 95 s
95 1 2 3 4 6 11 18 19 22 26 28 29 30 31 32 38 39 44 47 48 49 51 55 57 61 64 65 66 68 73 77 78 82 83 84 85 86 87 90 93 94 s
