1 2 3 4 7 8 10 13 14 15 17 18 20 21 22 26 28 31 35 36 37 38 39 40 41 43 47 50 52 53 54 55 57 58 59 60 62 66 68 69 70 71 76 82 84 85 86 87 90 92 95 s
2 1 4 5 7 9 10 11 13 14 18 19 20 25 26 27 29 30 31 33 34 35 38 41 42 43 45 46 48 49 50 51 52 53 55 56 57 58 59 64 65 66 70 73 77 78 79 82 83 91 94 s
3 1 5 6 7 12 13 18 19 20 22 23 28 29 30 32 33 34 35 38 39 41 43 44 49 51 52 55 57 61 63 66 68 69 70 73 74 75 76 78 79 80 82 85 87 88 90 91 92 93 s
4 1 2 5 7 9 10 13 15 17 19 21 23 24 25 26 28 29 32 33 35 39 41 47 50 51 52 53 56 57 58 59 60 65 66 68 69 70 71 75 77 78 80 81 83 84 85 87 89 90 91 93 94 95 s
5 2 3 4 7 8 10 11 12 14 17 18 19 20 21 22 26 28 33 37 40 42 45 46 48 49 50 51 52 54 55 56 58 59 60 63 64 65 66 67 68 69 70 72 76 77 79 81 82 86 87 89 92 93 95 s
6 3 9 10 11 14 15 16 17 19 22 26 33 34 35 37 38 39 40 41 44 45 46 50 52 54 55 56 57 58 60 61 62 63 67 71 74 76 80 81 83 85 87 92 94 s
7 1 2 3 4 5 10 12 14 15 16 17 20 21 22 23 26 27 30 31 32 35 37 38 39 40 41 44 45 46 47 48 50 52 53 54 55 58 59 61 62 64 67 68 69 74 75 77 81 83 84 85 86 87 88 92 94 s
8 1 5 12 13 14 16 25 26 28 29 30 33 34 35 39 40 42 45 47 52 56 57 59 60 61 64 65 67 69 71 72 75 76 77 81 84 85 86 87 90 91 95 s
9 2 4 6 10 11 13 17 19 21 22 23 25 26 29 30 31 35 36 37 38 40 41 42 45 54 55 57 58 61 63 64 67 69 71 72 77 79 80 85 87 88 90 92 93 94 s
10 1 2 4 5 6 7 9 11 13 14 20 21 23 24 25 26 27 28 29 30 32 33 34 35 36 38 41 43 46 48 51 52 59 60 62 66 68 70 71 72 73 74 75 76 78 80 81 83 87 88 90 95 s
11 2 5 6 9 10 12 14 15 18 19 22 24 25 28 29 30 31 33 34 35 39 41 45 49 51 52 56 57 59 60 62 63 65 66 71 72 73 74 76 77 80 81 82 85 86 87 88 89 93 94 95 s
12 3 5 7 8 11 13 17 19 20 22 23 25 26 27 28 29 30 31 37 38 40 46 47 48 49 50 53 54 55 56 58 59 60 65 66 67 68 69 71 72 75 81 83 84 85 87 88 89 90 94 95 s
13 1 2 3 4 8 9 10 12 14 16 18 19 20 21 24 25 26 28 29 32 33 38 40 44 52 55 56 60 62 64 65 68 73 75 76 78 79 80 81 85 87 88 89 90 91 94 95 s
14 1 2 5 6 7 8 10 11 13 15 16 19 20 22 23 24 25 26 27 29 31 32 34 37 42 43 44 46 47 48 50 51 52 53 56 57 59 61 62 63 68 72 73 74 75 76 77 83 85 87 88 90 91 93 94 95 s
15 1 4 6 7 11 14 16 17 18 20 21 22 23 24 27 29 31 32 33 34 35 40 44 47 48 50 51 52 54 58 59 60 65 68 69 70 72 75 76 77 78 80 82 84 85 88 91 92 93 s
16 6 7 8 13 14 15 17 20 21 26 28 30 32 36 38 42 43 45 49 50 51 52 54 55 58 61 63 64 65 66 67 68 74 75 76 77 80 83 86 88 90 91 92 93 94 95 s
17 1 4 5 6 7 9 12 15 16 19 20 22 23 28 29 30 31 33 34 35 37 40 42 45 47 48 49 51 52 55 56 57 60 61 62 63 64 65 67 70 73 74 75 77 88 89 91 92 95 s
18 1 2 3 5 11 13 15 19 20 21 27 29 32 36 40 44 45 46 47 48 49 50 53 54 56 57 58 59 60 61 65 70 71 74 76 77 78 79 80 83 86 87 93 94 95 s
19 2 3 4 5 6 9 11 12 13 14 17 18 20 23 24 25 26 27 29 31 32 33 38 40 42 44 46 47 50 51 52 54 55 56 57 59 60 62 64 65 66 70 71 72 76 78 79 80 81 84 85 86 88 90 95 s
20 1 2 3 5 7 10 12 13 14 15 16 17 18 19 23 24 26 30 31 33 34 35 36 37 38 39 40 44 45 51 52 53 54 55 57 59 60 61 62 63 64 66 67 69 72 73 74 76 77 78 82 84 91 92 93 94 95 s
21 1 4 5 7 9 10 13 15 16 18 23 25 27 28 29 32 33 34 38 41 42 43 48 50 51 53 55 58 59 60 62 65 66 70 71 74 76 80 84 85 87 88 90 91 93 95 s
22 1 3 5 6 7 9 11 12 14 15 17 26 28 30 31 33 36 37 38 40 41 43 44 47 48 49 50 52 56 57 59 60 61 62 63 64 67 68 69 70 71 74 75 76 78 79 81 82 84 86 87 89 92 93 94 95 s
23 3 4 7 9 10 12 14 15 17 19 20 21 24 27 28 31 35 36 37 38 43 45 47 55 58 59 60 64 66 67 68 70 71 73 75 77 78 80 81 86 88 89 91 92 93 94 s
24 4 10 11 13 14 15 19 20 23 25 27 28 29 30 33 34 36 42 44 45 47 50 53 55 57 59 60 61 62 65 70 71 74 77 78 80 81 82 83 84 85 86 87 88 90 91 92 94 95 s
25 2 4 8 9 10 11 12 13 14 19 21 24 28 30 31 32 36 37 38 39 41 42 44 45 47 48 50 51 53 59 61 65 66 67 69 70 71 73 75 76 77 79 81 82 83 85 87 90 91 94 s
26 1 2 4 5 6 7 8 9 10 12 13 14 16 19 20 22 28 30 31 32 34 38 39 40 44 45 47 49 52 53 54 56 57 58 59 60 61 62 66 69 70 71 72 73 74 79 81 84 85 87 88 93 94 s
27 2 7 10 12 14 15 18 19 21 23 24 29 30 31 32 33 36 37 38 39 40 41 43 52 57 58 62 66 67 68 69 70 71 72 73 74 75 78 80 81 83 84 85 87 89 90 94 s
28 1 3 4 5 8 10 11 12 13 16 17 21 22 23 24 25 26 31 34 36 37 38 44 45 47 52 53 55 56 57 58 60 61 63 64 65 66 68 70 71 72 73 76 77 78 79 81 85 86 87 89 90 92 93 s
29 2 3 4 8 9 10 11 12 13 14 15 17 18 19 21 24 27 30 31 32 33 35 36 39 42 46 52 53 54 55 56 58 59 63 64 66 68 71 72 75 77 78 79 81 82 83 84 87 88 89 s
30 2 3 7 8 9 10 11 12 16 17 20 22 24 25 26 27 29 34 35 36 38 39 40 41 42 44 46 48 49 52 53 55 56 57 59 62 63 64 68 72 73 75 76 77 79 81 83 84 91 92 93 94 s
31 1 2 7 9 11 12 14 15 17 19 20 22 23 25 26 27 28 29 33 34 37 38 40 42 44 45 47 48 52 54 55 59 60 63 65 66 67 68 69 70 73 78 80 84 86 89 90 91 92 93 94 95 s
32 3 4 7 10 13 14 15 16 18 19 21 25 26 27 29 33 34 37 38 40 43 44 45 46 47 49 53 56 58 59 60 61 63 64 66 67 69 71 73 76 78 80 82 83 85 86 87 88 89 95 s
33 2 3 4 5 6 8 10 11 13 15 17 19 20 21 22 24 27 29 31 32 35 38 40 42 46 47 50 51 52 54 55 56 58 59 62 64 66 67 69 70 71 74 78 79 84 85 90 92 93 94 95 s
34 2 3 6 8 10 11 14 15 17 20 21 24 26 28 30 31 32 35 37 44 46 54 56 57 58 59 60 62 65 67 70 76 77 80 83 87 91 93 94 95 s
35 1 2 3 4 6 7 8 9 10 11 15 17 20 23 29 30 33 34 36 38 39 41 42 44 46 47 48 49 50 51 52 53 54 55 56 57 59 61 62 65 66 68 69 70 72 75 77 78 82 83 85 87 90 91 s
36 1 9 10 16 18 20 22 23 24 25 27 28 29 30 35 37 38 39 40 43 47 49 51 52 54 56 58 60 63 70 71 73 74 77 78 81 82 89 91 95 s
37 1 5 6 7 9 12 14 17 20 22 23 25 27 28 31 32 34 36 40 41 42 43 44 45 47 48 49 52 54 57 61 63 66 71 72 77 81 83 84 86 88 90 91 92 93 94 95 s
38 1 2 3 6 7 9 10 12 13 16 19 20 21 22 23 25 26 27 28 30 31 32 33 35 36 39 40 42 43 44 45 50 51 55 56 60 64 67 68 69 71 73 78 80 82 83 84 85 87 90 92 94 s
39 1 3 4 6 7 8 11 20 25 26 27 29 30 35 36 38 40 41 44 46 47 48 49 51 54 56 58 59 62 64 65 66 70 71 72 76 80 81 82 83 84 85 88 89 91 95 s
40 1 5 6 7 8 9 12 13 15 17 18 19 20 22 26 27 30 31 32 33 36 37 38 39 41 42 46 47 48 49 51 53 54 57 61 62 63 64 67 68 69 71 75 76 78 83 88 89 91 s
41 1 2 3 4 6 7 9 10 11 21 22 25 27 30 35 37 39 40 44 45 48 50 51 57 58 59 61 64 65 69 70 71 72 73 75 76 78 79 81 82 85 87 89 90 92 s
42 2 5 8 9 14 16 17 19 21 24 25 29 30 31 33 35 37 38 40 44 45 48 49 52 53 54 55 58 59 60 62 65 66 67 69 73 74 75 76 77 78 79 81 85 87 89 90 91 92 94 95 s
43 1 2 3 10 14 16 21 22 23 27 32 36 37 38 44 45 46 48 53 56 57 59 61 62 64 67 69 74 75 77 79 86 87 89 92 95 s
44 3 6 7 13 14 15 18 19 20 22 24 25 26 28 30 31 32 34 35 37 38 39 41 42 43 46 47 48 49 52 53 55 58 63 64 67 69 74 78 79 80 81 85 88 89 91 92 93 94 s
45 2 5 6 7 8 9 11 16 17 18 20 23 24 25 26 28 31 32 37 38 41 42 43 48 50 51 53 54 56 59 62 66 69 70 73 74 75 76 77 79 82 84 91 94 s
46 2 5 6 7 10 12 14 18 19 29 30 32 33 34 35 39 40 43 44 47 48 55 56 57 59 60 61 62 63 66 69 74 75 76 81 82 84 85 86 88 89 91 95 s
47 1 4 7 8 12 14 15 17 18 19 22 23 24 25 26 28 31 32 33 35 36 37 39 40 44 46 48 49 50 52 54 55 57 60 62 66 68 73 74 76 77 81 83 84 85 87 88 89 90 93 94 95 s
48 2 5 7 10 12 14 15 17 18 21 22 25 30 31 35 37 39 40 41 42 43 44 45 46 47 52 53 58 59 61 64 65 67 68 74 76 79 82 88 92 94 s
49 2 3 5 11 12 16 17 18 22 26 30 32 35 36 37 39 40 42 44 47 50 51 55 56 58 61 62 63 65 66 67 68 70 71 78 80 82 83 84 86 87 88 89 91 93 s
50 1 2 4 5 6 7 12 14 15 16 18 19 21 22 24 25 33 35 38 41 45 47 49 53 55 58 60 62 63 69 70 71 74 75 77 79 82 83 84 87 88 90 92 93 s
51 2 3 4 5 10 11 14 15 16 17 19 20 21 25 33 35 36 38 39 40 41 45 49 55 58 59 62 63 64 65 66 70 71 79 82 90 93 94 s
52 1 2 3 4 5 6 7 8 10 11 13 14 15 16 17 19 20 22 26 27 28 29 30 31 33 35 36 37 42 44 47 48 54 57 59 60 61 62 63 66 67 70 71 74 76 77 78 80 81 83 85 86 87 89 90 91 92 93 94 95 s
53 1 2 4 7 12 14 18 20 21 24 25 26 28 29 30 32 35 40 42 43 44 45 48 50 54 55 64 67 69 72 73 74 76 77 78 79 80 81 82 84 86 87 88 91 s
54 1 5 6 7 9 12 15 16 18 19 20 26 29 31 33 34 35 36 37 39 40 42 45 47 52 53 55 59 61 63 66 69 70 73 74 78 79 81 82 83 85 89 95 s
55 1 2 3 5 6 7 9 12 13 16 17 19 20 21 23 24 28 29 30 31 33 35 38 42 44 46 47 49 50 51 53 54 57 58 61 63 64 68 69 70 77 80 81 83 85 88 89 91 93 94 95 s
56 2 4 5 6 8 11 12 13 14 17 18 19 22 26 28 29 30 32 33 34 35 36 38 39 43 45 46 49 57 58 62 65 67 69 70 74 75 76 77 83 87 89 90 91 93 94 s
57 1 2 3 4 6 8 9 11 14 17 18 19 20 22 24 26 27 28 30 34 35 37 40 41 43 46 47 52 55 56 58 60 61 64 65 70 71 74 77 78 81 82 86 88 90 92 93 94 s
58 1 2 4 5 6 7 9 12 15 16 18 21 23 26 27 28 29 32 33 34 36 39 41 42 44 48 49 50 51 55 56 57 62 63 68 73 74 75 76 78 84 86 88 90 92 93 s
59 1 2 4 5 7 8 10 11 12 14 15 18 19 20 21 22 23 24 25 26 29 30 31 32 33 34 35 39 41 42 43 45 46 48 51 52 54 60 64 65 67 69 70 71 74 76 78 79 83 84 85 86 87 88 89 92 94 95 s
60 1 4 5 6 8 10 11 12 13 15 17 18 19 20 21 22 23 24 26 28 31 32 34 36 38 42 46 47 50 52 57 59 61 63 70 71 73 74 75 78 79 82 83 84 85 86 87 88 89 90 91 92 93 s
61 3 6 7 8 9 14 16 17 18 20 22 24 25 26 28 32 35 37 40 41 43 46 48 49 52 54 55 57 60 64 65 68 69 72 73 74 76 77 83 84 87 90 93 95 s
62 1 6 7 10 11 13 14 17 19 20 21 22 24 26 27 30 33 34 35 39 40 42 43 45 46 47 49 50 51 52 56 58 65 66 67 70 71 73 74 75 78 84 86 87 90 91 92 93 94 95 s
63 3 5 6 9 11 14 16 17 20 22 28 29 30 31 32 36 37 40 44 46 49 50 51 52 54 55 58 60 65 69 71 77 80 84 85 86 87 90 92 93 95 s
64 2 5 7 8 9 13 16 17 19 20 22 23 28 29 30 32 33 38 39 40 41 43 44 48 51 53 55 57 59 61 65 66 68 69 71 72 74 78 79 81 82 85 86 88 89 91 92 93 95 s
65 2 4 5 8 11 12 13 15 16 17 18 19 21 24 25 28 31 34 35 39 41 42 48 49 51 56 57 59 61 62 63 64 67 68 71 72 74 76 77 78 79 81 83 84 85 87 88 89 92 94 95 s
66 1 2 3 4 5 10 11 12 16 19 20 21 23 25 26 27 28 29 31 32 33 35 37 39 42 45 46 47 49 51 52 54 62 64 67 69 73 76 80 85 86 91 92 93 95 s
67 5 6 7 8 9 12 16 17 20 22 23 25 27 31 32 33 34 38 40 42 43 44 48 49 52 53 56 59 62 65 66 68 72 75 77 78 79 80 82 84 91 s
68 1 3 4 5 7 10 12 13 14 15 16 22 23 27 28 29 30 31 35 38 40 47 48 49 55 58 61 64 65 67 72 74 75 76 78 79 80 81 83 85 86 88 90 91 92 93 95 s
69 1 3 4 5 7 8 9 12 15 20 22 25 26 27 31 32 33 35 38 40 41 42 43 44 45 46 50 53 54 55 56 59 61 63 64 66 71 73 74 76 77 78 79 80 84 85 87 88 90 91 93 s
70 1 2 3 4 5 10 15 17 18 19 21 22 23 24 25 26 27 28 31 33 34 35 36 39 41 45 49 50 51 52 54 55 56 57 59 60 62 72 73 75 77 78 81 84 85 87 88 89 91 94 s
71 1 4 6 8 9 10 11 12 18 19 21 22 23 24 25 26 27 28 29 32 33 36 37 38 39 40 41 49 50 51 52 57 59 60 62 63 64 65 69 72 74 75 76 77 79 81 83 84 86 88 89 90 93 s
72 5 8 9 10 11 12 14 15 19 20 26 27 28 29 30 35 37 39 41 53 61 64 65 67 68 70 71 74 75 79 81 82 83 84 85 86 88 91 93 94 95 s
73 2 3 10 11 13 14 17 20 23 25 26 27 28 30 31 32 36 38 41 42 45 47 53 54 58 60 61 62 66 69 70 74 76 77 79 80 81 82 85 86 94 s
74 3 6 7 10 11 14 16 17 18 20 21 22 24 26 27 33 36 42 43 44 45 46 47 48 50 52 53 54 56 57 58 59 60 61 62 64 65 68 69 71 72 73 76 78 79 84 85 88 89 93 94 s
75 3 4 7 8 10 12 13 14 15 16 17 22 23 25 27 29 30 35 40 41 42 43 45 46 50 56 58 60 62 67 68 70 71 72 77 80 82 83 85 86 87 89 90 91 92 95 s
76 1 3 5 6 8 10 11 13 14 15 16 18 19 20 21 22 25 28 30 32 34 39 40 41 42 45 46 47 48 52 53 56 58 59 61 65 66 68 69 71 73 74 78 79 80 82 83 84 85 86 87 88 89 90 92 95 s
77 2 4 5 7 8 9 11 14 15 16 17 18 20 23 24 25 28 29 30 34 35 36 37 42 43 45 47 50 52 53 55 56 57 61 63 65 67 69 70 71 73 75 78 80 84 87 88 90 92 93 94 s
78 2 3 4 10 13 15 18 19 20 22 23 24 27 28 29 31 32 33 35 36 38 40 41 42 44 49 52 53 54 57 58 59 60 62 64 65 67 68 69 70 74 76 77 80 82 83 84 85 86 88 89 92 s
79 2 3 5 9 13 18 19 22 25 26 28 29 30 33 41 42 43 44 45 48 50 51 53 54 59 60 64 65 67 68 69 71 72 73 74 76 81 82 83 84 86 87 91 92 93 95 s
80 3 4 6 9 10 11 13 15 16 18 19 21 23 24 27 31 32 34 38 39 44 49 52 53 55 63 66 67 68 69 73 75 76 77 78 82 85 87 89 90 91 93 94 95 s
81 4 5 6 7 8 10 11 12 13 19 22 23 24 25 26 27 28 29 30 36 37 39 41 42 44 46 47 52 53 54 55 57 64 65 68 70 71 72 73 79 84 85 88 92 94 95 s
82 1 2 3 5 11 15 20 22 24 25 29 32 35 36 38 39 41 45 46 48 49 50 51 53 54 57 60 64 67 72 73 75 76 78 79 80 86 87 88 90 92 95 s
83 2 4 6 7 10 12 14 16 18 24 25 27 29 30 32 34 35 37 38 39 40 47 49 50 52 54 55 56 59 60 61 65 68 71 72 75 76 78 79 89 90 91 93 s
84 1 4 7 8 12 15 19 20 21 22 24 26 27 29 30 31 33 37 38 39 45 46 47 49 50 53 58 59 60 61 62 63 65 67 69 70 71 72 74 76 77 78 79 81 85 88 91 94 95 s
85 1 3 4 6 7 8 9 11 12 13 14 15 19 21 24 25 26 27 28 32 33 35 38 39 41 42 44 46 47 52 54 55 59 60 63 64 65 66 68 69 70 72 73 74 75 76 78 80 81 84 86 87 88 91 92 94 s
86 1 5 7 8 11 16 18 19 22 23 24 28 31 32 37 43 46 49 52 53 57 58 59 60 62 63 64 66 68 71 72 73 75 76 78 79 82 85 87 88 92 93 95 s
87 1 3 4 5 6 7 8 9 10 11 12 13 14 18 21 22 24 25 26 27 28 29 32 34 35 38 41 42 43 47 49 50 52 53 56 59 60 61 62 63 65 69 70 75 76 77 79 80 82 85 86 88 s
88 3 7 9 10 11 12 13 14 15 16 17 19 21 23 24 26 29 32 37 39 40 44 46 47 48 49 50 53 55 57 58 59 60 64 65 68 69 70 71 72 74 76 77 78 81 82 84 85 86 87 89 92 94 95 s
89 4 5 11 12 13 17 22 23 27 28 29 31 32 36 39 40 41 42 43 44 46 47 49 52 54 55 56 59 60 64 65 70 71 74 75 76 78 80 83 88 90 91 92 93 s
90 1 3 4 8 9 10 12 13 14 16 19 21 24 25 27 28 31 33 35 37 38 41 42 47 50 51 52 56 57 58 60 61 62 63 68 69 71 75 76 77 80 82 83 89 91 s
91 2 3 4 8 13 14 15 16 17 20 21 23 24 25 30 31 34 35 36 37 39 40 42 44 45 46 49 52 53 55 56 60 62 64 66 67 68 69 70 72 75 79 80 83 84 85 89 90 94 s
92 1 3 5 6 7 9 15 16 17 20 22 23 24 28 30 31 33 37 38 41 42 43 44 48 50 52 57 58 59 60 62 63 64 65 66 68 75 76 77 78 79 81 82 85 86 88 89 93 95 s
93 3 4 5 9 11 14 15 16 18 20 21 22 23 26 28 30 31 33 34 37 44 47 49 50 51 52 55 56 57 58 60 61 62 63 64 66 68 69 71 72 74 77 79 80 83 86 89 92 94 95 s
94 2 4 6 7 9 11 12 13 14 16 18 20 22 23 24 25 26 27 30 31 33 34 37 38 42 44 45 47 48 51 52 55 56 57 59 62 65 70 72 73 74 77 80 81 84 85 88 91 93 s
95 1 4 5 8 10 11 12 13 14 16 17 18 19 20 21 22 24 31 32 33 34 36 37 39 42 43 46 47 52 54 55 59 61 62 63 64 65 66 68 72 75 76 79 80 81 82 84 86 88 92 93 s
